46.44587676782561 22.59991231522986 10.23868421002765 13.515259064497426 143.96189659159626 
32.89543455388236 124.00306599328944 122.50733811083565 107.83934331669002 3.8026428490315 
15.086031206469235 11.88508900290865 74.7062560983945 90.03102602040916 116.3266127640463 
1.287825762693662 -2.0990432826347964 52.1204243449504 -60.245561060985374 25.316531497849283 
0.006763021379572592 0.0044062081510889955 0.004338402597268956 0.004285661329735464 0.003385302943403857 
1.495772357947503 1.492772816365023 1.484043292704841 1.4704308535655262 1.4909861883988282 
4.629353607560093 -34.95750359155405 2.0367967239373286 2.3407438096378446 3.203317178861963 
41.28611392539184 124.61893537427143 0.2879185167224367 0.28277869293550484 0.7274334655770118 
148.0040789613561 26.269668264625583 41.83697751744455 21.159996438465395 8.27580001556386 
0.0014575684714090505 -0.022837271658251668 -0.014079661808232675 -0.02898550052086896 -0.03858174662979753 
2.910131520510509 -18.22585175341944 -0.4455681422209737 0.7839233596914295 1.9614408733586093 
0.0014134604191782616 -0.0005649937130201233 2.2403811424739315e-05 1.9146650033277408e-05 3.599095197850539e-05 
15.334098269966354 0.11045662995015183 0.6164112520189352 0.6714730142983605 0.9488042197418127 
0.12472166320754176 0.0002079031547192026 0.00022089146559221568 0.00020433644694080316 0.00019650334229828837 
0.09294821919050675 4.594322679274551 4.674706353659209 4.572248594392589 4.523770101757083 
0.00017447291130229074 3.983750002812331 147.57039828838373 
-40.08395376378198 -57.52263576960401 -11.965056036377106 
4.26366601118378