51.09230291622529 2.2940361120980914 9.36756671358664 8.700594579787106 143.03654301745044 
20.38203641523084 161.79151842721035 144.25607899039912 153.06031564070102 4.3249498423392545 
15.401678148674637 5.4020053998440964 50.48953238877092 44.60810254111127 114.99823842482805 
1.9548897697925307 34.65603461154138 23.272006774149542 31.58233575394227 24.807430735600033 
0.009157712072683354 0.0035179180441967293 0.004212694440633863 0.00421932291524755 0.005817689391189273 
1.5019045836177822 1.4991271563981352 1.4391514422608795 1.4429907545048688 1.4991184606596522 
4.875677843474745 44.921067706087356 42.93615762172167 39.7491563066735 2.822290632108094 
38.788207758209396 7.743849771004171 13.199251424080668 9.018336437682146 1.1240107819068303 
145.0387854868828 26.013317890265192 41.21160994422477 21.024768909020473 8.44598750655173 
0.004788377063890067 0.005211518712132648 0.002919907326141773 0.0027149345158224004 0.0024725349687934614 
8.52811508898987 0.20112735873101817 0.20095332324918705 0.13789797126146294 0.22045054936172173 
0.001260853739530122 2.732164530487006e-05 4.8722114148921664e-05 3.595824755902789e-05 6.312025474025232e-05 
14.10751062022128 0.04033922421399711 0.41827214646867644 0.32450247294534185 1.0077453228550421 
0.10235642213796176 0.0003523167998210359 0.0003366900049646746 0.0003566080591934512 0.0003660324039395691 
0.07985166802003656 4.814772159024212 4.851474468212572 4.804693372571742 4.782558621463206 
0.0001902624305753627 15.11141777741043 -4.84012398411872 
-23.03997307012102 -85.69733935414375 -23.369595740216916 
4.459544689927078