37.090627018944886 4.792742371724057 145.02551177073317 144.0 
1.6072449119010552 118.61214824870244 3.579986051531934 3.9000000000000004 
23.698850224343108 7.319697854379262 118.20246812615319 116.1653315332193 
2.078924103784672 2.68688091345237 24.116568476478307 24.829974378267053 
0.004386306707949033 0.004385476133369511 0.004392674272125856 0.004385067383868799 
1.5003771896089575 1.5002470302905866 1.5003191941853757 1.5 
2.124478910786591 4.541820324204353 2.9625573420961877 3.000193277300241 
7.612245492393266 12.589204354563915 0.9163898136593529 0.8998067226997594 
34.67382588341898 11.908697498838912 8.137411321690681 8.0 
0.002686610560910693 0.025272113030763918 0.0148840115470111 0.014821796812142792 
2.1550883493244095 15.682304795231486 1.0307028719887963 0.9951782031878572 
0.0005678849533164282 0.00043930721365509356 4.9024535548152697e-05 4.753352259428038e-05 
3.2145352598355563 0.013372671649436691 0.4757086183062263 0.9997265479238605 
0.010504576678226001 0.00015740919220209003 0.0001342006154146106 0.00027345207613946993 
0.015528526220261076 2.736850282389432 2.284220338867318 5.0 
0.0009135964998846005 4.968346981249608 -0.6892199344976985 
10.297207719817074 -99.51758021998995 0.12339590557241219 
6.013176284914875