14.284920376330945 6.947504217495324 140.99696396775627 
5.250623455517231 137.0450140504084 2.2994175635874288 
2.762889475962265 4.6499250086844235 111.97645566636776 
2.466490610762224 3.310723786275817 24.797126161890958 
0.006467300600662573 0.004260909271210281 0.004976412062395366 
1.5000056623079936 1.4994096073570675 1.4996496332766527 
2.3614603403685237 7.753096372436199 2.8039715150780946 
10.515362214896982 16.94550516079585 0.9556273701696142 
44.420260953830656 10.674194086011406 8.402999652504455 
0.004985873231929826 0.00497782129308985 0.002045635211185175 
4.97032529443335 2.4356710757877353 0.15607853249900677 
0.0007057381276399036 0.00034640116002880025 5.401507488110836e-05 
4.038891016343536 0.006411751693326686 0.11536185033309893 
0.016402336427251935 5.204126206583261e-05 3.585726788004538e-05 
0.021024372729333052 0.7728711263112 0.46388970008511354 
0.0006682926111954136 5.189104883688885 0.5613440246432525 
-49.551532320259255 -88.15319124721654 0.0019360229137859205 
5.425331272964355