129.99051436627244 13.835588358296498 340.3261258511162 
82.94548356362202 298.83766325144956 18.976043255744177 
29.524153246009327 37.816617801113054 349.1844452625694 
0.8250886260868906 3.944345764824131 11.515830027450237 
0.007406482842314948 0.004108713088404412 0.004812004442986899 
1.499123516181073 1.4847578329423552 1.4843595464419939 
10.262718599886034 43.83443940688528 2.393143140930432 
156.44937826741253 77.54365968210129 1.6982414993075114 
249.36775227412082 234.88422760488132 206.65242029600256 
0.016970780382242753 0.07646453654134973 0.05509076462822688 
57.917956987193776 30.28244223908932 8.752045639540732 
0.0024160806141907574 0.00028036954506912047 0.00011246846648550214 
63.53197494757708 0.06502534242262972 0.869524143679652 
0.8832909417045248 0.0005638298321872939 0.0005627460028439973 
0.3780251359512214 -5.6275545304761865 -7.197188367195763 
4.116902375398639e-05 3.1338694342081572 2.9397266513753997 
-28.35105571182604 -69.52944538092302 -0.08173119565889282 
1.4769413997685885