114.94759932658522 9.552484428987606 158.56808275285752 
3.4229207952971934 127.55533038574643 4.441140623061169 
102.45007050764126 49.38790629607621 129.92161150151404 
3.3487029372102413 3.420071671232573 26.974166870436108 
0.004398605957436446 0.00438405389297944 0.004316715582826838 
1.503043191960806 1.4995807127980203 1.4987224569543807 
2.905213036806167 5.172727650324476 3.1047762845803764 
6.480617951580389 11.260567804234084 0.8437925909103827 
35.01904259063587 12.223373024153322 8.456913715687476 
0.005276167387231014 0.0501228191310335 0.026701580269800157 
2.634856696996173 24.427339401903552 1.6245847044977975 
0.0003535399005028052 0.00034501714498828953 4.3073027187972196e-05 
2.9158978765063406 0.03915699010976729 0.6847276214223971 
0.005932131163076869 0.0001870539295389559 0.00016971617786084233 
0.011803254514957952 3.592363671090667 3.3075064053088 
0.0009288692624009335 12.447532050682844 -0.9265840318445908 
9.942770134029704 -77.95030028231204 0.2829302502311076 
6.357570475888986