89.83057392611614 82.30180719566718 30.022585348007812 30.022585348007812 293.8624107388655 
74.92586178215284 195.81021173893208 253.1689917398376 253.1689917398376 8.989629654178929 
49.31012977650323 43.05562901709252 41.925994248503876 41.925994248503876 279.9917383405927 
2.3966724906318992 2.316574423547709 17.145918003504548 17.145918003504548 20.670169050435003 
0.007631376280265743 0.00472698375604411 0.004316964744286409 0.004316964744286409 0.0060629572960751825 
1.4881810715613082 1.488588770108824 1.4809322001346064 1.4809322001346064 1.4865375802570033 
14.745051013149611 7.093019815436185 20.233741285239258 20.233741285239258 2.736395218869767 
79.73343167410037 24.579272585761043 8.651550598506415 8.651550598506415 1.363073591564694 
300.90772479390864 93.79802482476114 110.27618505596332 110.27618505596332 63.83773349530265 
0.025234323778297617 0.037355315459204376 0.035634400395326345 0.035634400395326345 0.03503468005487802 
30.548215663880434 28.97945818655864 3.411043163923856 3.411043163923856 3.9069570473109203 
0.0008570263538512812 0.0005492092623341125 6.77669218752074e-05 6.77669218752074e-05 7.894788154894597e-05 
34.37500768133867 -0.05120355591250333 -0.04351946720284383 -0.04351946720284383 -0.7386950320950519 
0.1472174933260417 -0.00019791692777339453 -0.00013399064647389943 -0.00013399064647389943 -0.00029090060966356895 
0.2033482769628602 6.026298202438224 6.293778524705384 6.293778524705384 5.637238032940512 
8.463995049023573e-05 1.01968646772828 1.2650614544483365 
-36.87151950908182 -59.62985233671652 -51.7313000913816 
4.016141481619826