144.71813562248082 15.913468271109338 143.89237132138098 144.0 
4.406009390332274 149.72091292898938 3.932154823719682 3.9000000000000004 
127.68713825320239 11.240434598283976 116.85704087771748 116.64030294837714 
14.177056365158046 20.648649448567912 24.555493907466737 24.829974378267053 
0.0043602671049834795 0.00433556589870979 0.004336643447593436 0.004385067383868799 
1.4898622295357817 1.484373652614771 1.4840153761457704 1.5 
3.1714059716083156 7.851450784263489 2.98681214343142 3.000193277300241 
1.6564520465069372 2.7996520023627403 0.8958039046882244 0.8998067226997594 
10.352223684178155 9.201586832674503 8.026795550614404 8.0 
0.022418131591944078 0.023755998762535226 0.022368114094973586 0.021895836199756397 
2.6213586370984525 1.896389057109029 1.5018771697483826 1.4701496183456981 
8.278030620520399e-05 5.651375205842279e-05 4.753407453225987e-05 4.753352259428038e-05 
1.882120745671084 0.694823365177454 1.044487872188313 0.9997265479238605 
0.0008965499917190872 0.00022595843118781707 0.0002856988184134305 0.00027345207613946993 
0.03908976592557905 4.772995037920683 4.753502225354477 5.0 
0.0019705316574213923 7.001421203958243 -1.6409957194245381 
0.9996450491949646 -71.42164481460387 -0.004670376112696109 
7.482373267872397