173.26975600219498 28.424188790173137 180.1301179126136 
5.092395476311439 175.33067584728053 5.257034883115944 
151.91687544055185 23.810247315329708 158.38335238344692 
17.185372469267943 20.7479320291741 21.893097782381183 
0.004828101089026002 0.0038711682406919372 0.004267882718644805 
1.48969839613344 1.4799377748493252 1.4790043119117726 
4.238497333562678 8.141201617070697 2.6970441675786407 
2.022224318748725 2.5796200214750717 0.8928804578485233 
14.645488269601273 18.302501271514743 21.997368068296474 
0.029738645170493683 0.029984384993065955 0.030048549847489493 
3.1764249159661957 2.126974931712044 2.2270438838797637 
7.561664308883035e-05 5.021890381890445e-05 5.246929870024539e-05 
1.9371751647789837 0.970515481540601 1.0508301900740837 
0.0008429198680954345 0.00028045920409999184 0.00031727642313734457 
0.005043081783295728 5.165882364985575 5.133750936407455 
0.001401356467120068 5.879047762048205 -0.8947647900252632 
3.413782424657413 -68.75445308666772 -0.09994198889697554 
7.105680080321498