265.7262197549315 299.7402491247081 298.4534930840245 
7.368007259251377 9.020857446216596 8.982131591938657 
235.2264815609 282.2275061844013 283.44431945489174 
23.488989538747376 20.00535143812448 20.09160317753654 
0.0043869341816620555 0.004385063383309264 0.00438506355761477 
1.500611771626097 1.4999994515764938 1.4999994229109148 
6.814144521548175 2.820992798768886 2.8453702657029964 
2.1612655174655475 1.0501024399900056 1.054629922720143 
33.3219181865986 59.816687697310485 59.81669018446769 
0.05898511952823849 0.04634103834073727 0.04634103609153602 
4.18831413936069 3.861850440444264 3.8452717735410813 
5.0268599306927836e-05 5.899696763680097e-05 5.874370043264275e-05 
2.7775514966291586 0.9953706293334023 0.9996621066502378 
0.0008034500900709677 0.0003379206750305068 0.00033792049327762986 
0.007229793844715814 8.318345 8.318345 
0.000977504396809087 19.964648112440134 -1.1440000000000001 
-0.7269056650007945 -0.11557516303678417 -0.000999268233511687 
6.780316463817234