31.923640458688105
11.04507995387011
34.62496265564159
11.674240318304406
34.58607469798078
11.652647856418811
34.55733190366643
11.63555514446408
34.53184648091045
11.620473740843712
34.506826461549785
11.606339191577664
34.48120136248525
11.592692283443633
34.454615780324396
11.579331365586627
34.42700479057322
11.566164869733
34.39841590411401
11.553148705436325
34.36893521955768
11.540259616956767
34.33865745717696
11.527483785309474
34.307674360267114
11.51481190269435
34.276070697249644
11.502237004233208
34.243923335750154
11.489753481661143
34.21130149642066
11.477356609585497
34.17826740696306
11.465042299025157
34.14487704230582
11.45280695525722
34.11118083210648
11.440647386444097
34.07722429637339
11.428560739012928
34.0430486019834
11.416544448582824
34.00869104476003
11.4045962008551
33.974185465384785
11.39271389938809
33.939562608054274
11.380895638436133
33.904850431361425
11.369139680070855
33.870074376806734
11.357444434113487
33.83525760326852
11.345808440962928
33.80042115260841
11.334230341014967
33.76558428052707
11.322708922418967
33.73076439484746
11.311243018395203
33.695977338874386
11.299831557015573
33.66123748240835
11.288473536908056
33.62655783465759
11.27716801900362
33.5919501467214
11.265914119335982
33.55742500396136
11.254711002359697
33.52299191065161
11.243557875060185
33.48865936846643
11.232453981935558
33.45443494779497
11.221398600133522
33.42032535529337
11.210391035586207
33.386336495589475
11.199430619175931
33.35247352975426
11.188516703599644
33.318740929761255
11.177648660486563
33.28514252986907
11.166825877933578
33.25168157451569
11.156047758191454
33.21836076427506
11.1453137159197
33.185182298144404
11.13462317633225
33.15214791400507
11.123975573780625
33.119258926702024
11.113370350519352
33.08651626398857
11.102806955678647
33.05392049966015
11.092284844163197
33.0214718856495
11.081803476031213
32.98917038138546
11.071362315735538
32.95701568163004
11.060960831599223
32.92500724236478
11.050598495342989
32.89314430497947
11.040274781715011
32.8614259189671
11.029989168258448
32.82985096265337
11.019741135023668
32.79841816238969
11.00953016433896
32.76712611092026
10.999355740849051
32.735973283717094
10.989217351382262
32.7049580538125
10.979114484795577
32.67407870642204
10.969046632206929
32.64333345111428
10.95901328682523
32.61272043368501
10.94901394408182
32.582237746985065
10.939048101781745
32.55188343991168
10.929115259980637
32.52165552698156
10.919214921381714
32.49155199537962
10.909346591175645
32.46157081267057
10.899509777380288
32.431709932605095
10.889703990787524
32.40196730138658
10.87992874529801
32.37234086209863
10.870183557844273
32.34282855978847
10.860467948729049
32.313428345037494
10.850781441625923
32.28413817755788
10.841123563747395
32.254956029494956
10.831493846056246
32.225879887664384
10.821891823244439
32.19690775647378
10.812317034059493
32.16803765944557
10.80276902125963
32.139267641087194
10.793247331778431
32.11059576854767
10.783751516898484
32.08202013268669
10.774281132297832
32.05353884916451
10.7648357381667
32.02515005926036
10.7554148992878
31.996851930665663
10.746018185156553
31.96864265808678
10.736645170078777
31.94052046332259
10.727295433126885
31.912483596260362
10.717968558438553
31.88453033429663
10.708664135008311
31.856658983152904
10.69938175697466
31.828867876541285
10.690121023536483
31.801155376439468
10.68088153909192
31.77351987272817
10.671662913174435
31.74595978345213
10.662464760610964
31.71847355445855
10.653286701477672
31.691059659092094
10.644128361081751
31.663716598484314
10.634989370149901
31.636442900746164
10.62586936464888
31.60923712112361
10.616767985935148
31.582097841598685
10.607684880718345
31.555023670521283
10.598619701035886
31.52801324254272
10.589572104330157
31.50106521809213
10.580541753370197
31.474178334556115
10.571528331775532
31.447351148883985
10.56253146649988
31.420582551860637
10.553550882929468
31.393871252505324
10.544586249578366
31.367216036086113
10.535637255918429
31.340615711639714
10.526703596632682
31.314069111797615
10.517784971642191
31.287575092685106
10.508881086156185
31.26113253315831
10.49999165049544
31.23474033510157
10.491116380272484
31.208397422444985
10.482254996135683
31.182102741289288
10.473407223886094
31.15585525950114
10.464572794412458
31.12965396626805
10.455751443610149
31.103497871919842
10.446942912388119
31.077386007533406
10.438146946600144
31.051317424714284
10.429363297033827
31.025291195295107
10.420591719369172
30.99930641086003
10.411831974076287
30.97336218275607
10.403083826475935
30.947457641403798
10.394347046560807
30.921591936490557
10.38562140911395
30.895764236242997
10.376906693513394
30.869973727319458
10.36820268374513
30.844219614528104
10.359509168355302
30.818501120723457
10.350825940461284
30.792817486181033
10.342152797584378
30.76716796841327
10.333489541630486
30.741551842206
10.324835978944149
30.71596839908984
10.31619192016966
30.69041694703399
10.307557180186276
30.664896810359824
10.298931578116614
30.63940732926692
10.29031493720245
30.61394785983964
10.281707084842216
30.588517773621863
10.273107852481042
30.563116457455397
10.264517075588957
30.53774331310523
10.255934593565971
30.512397757189717
10.247360249749299
30.487079220768905
10.238793891303919
30.46178714923683
10.23023536921508
30.436521002131276
10.22168453825195
30.41128025264375
10.213141256828912
30.386064387693754
10.204605387057132
30.36087290748783
10.19607679462075
30.335705325512837
10.18755534879944
30.310561168099674
10.17904092234468
30.28543997425099
10.170533391444753
30.260341295512585
10.162032635703797
30.235264695804382
10.153538538106515
30.210209750997652
10.145050984896304
30.185176048836766
10.136569865569436
30.16016318890878
10.128095072884722
30.13517078205515
10.11962650268392
30.110198450474538
10.111164053945311
30.085245827569835
10.102707628750284
30.060312557369727
10.09425713210537
30.035398294808957
10.085812472054322
30.01050270524081
10.077373559529953
29.985625464380075
10.068940308351102
29.960766257949203
10.060512635118739
29.935924781838974
10.052090459285706
29.911100741547212
10.043673702981764
29.886293852214802
10.035262291040281
29.861503838496315
10.026856150968634
29.836730434090235
10.01845521280292
29.81197338203948
10.010059409223027
29.7872324342651
10.001668675407855
29.762507351149424
9.993282948906888
29.737797902095604
9.984902169841774
29.71310386468848
9.976526280634403
29.688425024834473
9.968155226065798
29.663761176563966
9.95978895322064
29.639112121963247
9.951427411475173
29.61447767076894
9.943070552370727
29.589857640643203
9.934718329717246
29.565251856391875
9.92637069933894
29.54066015066563
9.918027619321277
29.51608236297307
9.909689049686826
29.4915183401289
9.901354952556181
29.466967935823146
9.893025292011338
29.44243101060839
9.884700034100234
29.417907431598834
9.876379146743606
29.393397072713626
9.86806259982575
29.368899814001725
9.859750364974266
29.344415542099693
9.85144241572292
29.31994414951726
9.843138727277799
29.295485535098937
9.834839276680949
29.271039603355867
9.826544042591847
29.246606264720764
9.818253005380754
29.22218543534417
9.809966147066806
29.197777036725814
9.801683451200255
29.173380996056395
9.793404902984589
29.148997245811675
9.785130489145814
29.12462572351264
9.776860197857653
29.100266371949417
9.768594018823443
29.07591913877751
9.760331943145566
29.05158397661953
9.752073963365744
