47391.318
45464.24018335988
45351.25883697164
45245.06990203971
45144.88600881328
45050.575995026724
44962.09862007511
44879.403308715315
44802.413985724386
44731.027913173755
44665.11746674653
44604.532660029145
44549.10395782134
44498.64522416987
44452.9567086841
44411.82799201705
44375.040823464195
44342.37179581442
44313.594815109565
44288.48333527639
44266.812339130156
44248.36005758145
44232.909427747036
44220.24929793814
44210.17539316494
44202.49105893824
44197.007803903754
44193.545663395795
44191.933406540214
44192.00860927046
44193.61761473212
44196.61540121286
44200.86537609043
44206.23911246933
44212.616043272814
44219.883125654196
44227.93448674646
44236.67106002142
44246.00021991681
44255.83542091643
44266.09584594963
44276.70606781875
44287.59572634748
44298.69922307828
44309.955434615404
44321.30744510043
44332.702297812204
44344.09076548804
44355.42713865447
44366.66903103043
44377.77720090055
44388.71538725431
44399.45015943016
44409.950778986815
44420.18907254163
44430.13931435645
44439.778117514405
44449.08464243544
44458.03930542455
44466.62533309645
44474.827826069704
44482.63369017287
44490.03164250727
44497.01213828093
44503.56729954126
44509.69084596539
44515.37802747389
44520.625558444764
44525.43155333864
44529.79546364116
44533.71801596415
44537.20115132702
44540.2479655401
44542.86323677475
44545.0510895936
44546.81825816743
44548.17188404738
44549.11998235923
44549.67138944392
44549.83571162395
44549.62327526956
44549.04507828407
44548.11274285209
44546.838469786104
44545.23499417664
44543.315542542805
44541.09379142486
44538.583827469854
44535.8001086925
44532.75742782769
44529.47087620644
44525.955809681655
44522.2278156474
44518.30268143181
44514.196363985226
44509.92496082945
44505.50468222964
44500.95182455138
44496.282744762786
44491.51383604143
44486.66150444679
44481.74214661671
44476.77212844936
44471.767764730685
44466.745299669106
44461.72088830025
44456.71057872501
44451.730295146204
44446.79582166866
44441.92278683196
44437.12664884247
44432.42268147633
44427.82596062359
44423.351351446996
44419.01349612941
44414.82680218474
44410.80543131012
44406.96328875672
44403.313895774816
44399.87084665103
44396.64710573373
44393.65545444136
44390.90837292572
44388.418031114044
44386.19881080403
44384.257381556585
44382.60710503736
44381.25897585633
44380.22352655775
44379.51092302914
44379.130973540625
44379.093125790154
44379.406462515224
44380.079697175075
44381.118587917284
44382.536056636214
44384.337474142056
44386.52989898621
44389.1201237207
44392.11456933867
44395.51926834784
44399.33986079897
44403.58159245023
44408.24931351381
44413.347477763986
44418.88014197894
44424.85096571495
44431.26321141775
44438.11974487569
44445.423036019485
44453.17516007405
44461.37779906752
44470.03224370258
44479.13939559518
44488.69976988534
44498.713498224555
44509.18033214368
44520.09964680514
44531.470445141924
44543.29136238608
44555.560670987776
44568.27628592611
44581.43577041096
44595.03634197464
44609.07487895162
44623.547927342224
44638.45170805635
44653.78212453113
44669.53477071579
44685.704939415504
44702.28763098467
44719.27756235891
44736.669176414136
44754.45665163879
44772.63391210552
44791.19463772592
44810.13227477225
44829.44004743845
44849.11096488293
44869.13784035674
44889.482544689265
44910.226319740985
44931.276917919095
44952.65241083717
44974.34521474299
44996.347247337
45018.650253085056
45041.24586201256
45064.125608776194
45087.28094577655
45110.70325533374
45134.383861656104
45158.314042691505
45182.48504185376
45206.88807960463
45231.51436486884
45256.35510626081
45281.401523102686
45306.64485621228
45332.076378443926
