0.00600883561587336
0.006091556218936151
0.006177738228521419
0.0062665280605926415
0.006357767496671662
0.006451414143221169
0.006547440136418136
0.006645814183990613
0.006746498397203242
0.0068494477676367144
0.006954610137750328
0.007061926282384323
0.007171330030300876
0.00728274841003906
0.007396101814531412
0.007511304181309389
0.007628263186185425
0.007746880449128159
0.007867051751796013
0.007988667266858124
0.008111611799788736
0.008235765044252354
0.008361001852493642
0.008487192522303883
0.00861420310215996
0.00874189571603073
0.008870128909131202
0.008998758015593659
0.009127635548631939
0.009256611613320137
0.009385534341605961
0.009514250348651748
0.009642605209058035
0.00977044395099344
0.009897611565745031
0.010023953529728706
0.010149316335573744
0.01027354802852762
0.010396498744128221
0.010518021242865726
0.010637971437411835
0.010756208907932639
0.010872597401023107
0.010987005307906916
0.011099306117728972
0.011209378842028273
0.011317108406804367
0.01142238600897899
0.011525109434490054
0.011625183335733869
0.01172251946657682
0.011817036873682856
0.011908662043434772
0.011997329004254504
0.012082979384641796
0.012165562427740589
0.012245034851457517
0.012321361243720113
0.012394513236988773
0.012464469863618892
0.012531217248198294
0.012594748402042923
0.01265506298935579
0.012712167068940293
0.012766072814837404
0.012816798219155236
0.012864366780313897
0.012908807179856428
0.012950152950871256
0.012988442140936031
0.013023716972330157
0.01305602350208183
0.013085411296908286
0.01311193304756748
0.013135644322422828
0.013156603193128153
0.01317486993910358
0.013190506748864048
0.01320357743315413
0.013214147150835687
0.01322228214821343
0.013228049512324362
0.013231516938525548
0.01323275251258114
0.013231824507307094
0.013228801193710595
0.01322375066645402
0.013216740683378131
0.013207838518738866
0.013197110829743364
0.013184623535914366
0.013170441710766298
0.01315462948524143
0.013137249962327601
0.013118365142261902
0.01309803585771358
0.013076321718336297
0.013053281064081495
0.0130289709266718
0.013003446998644507
0.012976763609390247
0.012948973707629523
0.012920128849789837
0.012890279193768698
0.01285947349759012
0.012827759122487828
0.012795182039972087
0.012761786842463232
0.01272761675709966
0.012692713662353118
0.012657118107109067
0.012620869331893223
0.012584005291949318
0.012546562681895166
0.012508576961705873
0.01247008238379359
0.012431112010139462
0.012391697777170578
0.012351870482045705
0.012311659832196703
0.012271094472961243
0.012230202017097711
0.01218900951857762
0.012147541844981034
0.012105823963249822
0.012063879694077026
0.012021731936471686
0.011979402726969117
0.01193691327191193
0.011894283975426965
0.011851534466300079
0.011808683624176718
0.011765749605127994
0.011722749430331175
0.011679700640861348
0.01163661909827463
0.011593520264967145
0.011550419033484931
0.01150732971738835
0.011464266067698238
0.011421241292441257
0.011378268076061964
0.01133535859824635
0.011292524552099987
0.011249777161682377
0.011207127198907972
0.011164584999826895
0.011122160480299343
0.011079863151077863
0.011037702132313615
0.010995686167501158
0.010953823636878749
0.010912122570300076
0.010870590659593725
0.010829235270427283
0.010788063453692364
0.010747081956427457
0.010706297232294604
0.010665715451626664
0.010625342511061156
0.010585184042776594
0.010545245423347067
0.010505531782230529
0.010466048009906064
0.010426798765674506
0.010387788485137618
0.010349021387369383
0.01031050148179356
0.0102722325747807
0.010234218275977989
0.010196462004384215
0.010158966994182513
0.010121736300342474
0.010084772804003278
0.01004807921764894
0.010011658090086346
0.009975511811235715
0.009939642616747135
0.009904052592443778
0.009868743678611982
0.00983371767413971
0.009798976240513652
0.009764520905683126
0.009730353067798238
0.009696473998829409
0.009662884848075258
0.00962958664556523
0.009596580305363084
0.009563866628777179
0.009531446307482707
0.009499319926561422
0.009467487967463334
0.009435950810894855
0.009404708739637904
0.009373761941303514
0.009343110511023756
0.009312754454085317
0.009282693688507645
0.009252928047568831
0.009223457282281387
