33.3219181865986
33.34036556591427
33.358703031630895
33.37693105619155
33.39504997491551
33.41306008215609
33.43096165198498
33.44875494356029
33.4664402031675
33.48401766551749
33.50148755484771
33.5188500859339
33.536105465029195
33.55325389073154
33.57029555477999
33.5872306427818
33.604059334873355
33.62078180631918
33.63739822805328
33.653908767167565
33.67031358735173
33.68661284928889
33.70280671101113
33.718895328218515
33.734878854565345
33.75075744191649
33.76653124057688
33.78220039949673
33.79776506645479
33.81322538822176
33.82858151070594
33.84383357908249
33.858981737908266
33.87402613122329
33.88896690264021
33.903804195423
33.918538152555655
33.933168916802
33.94769663075736
33.962121436892716
33.97644347759219
33.99066289518434
34.00477983196728
34.018794430231154
34.03270683227098
34.04651718039998
34.060225616956515
34.07383228430792
34.08733732485088
34.10074088100868
34.11404309522566
34.12724410995887
34.140344067667364
34.15334311079908
34.166241381775684
34.1790390229753
34.191736176713405
34.20433298522199
34.21682959062699
34.22922613492422
34.24152275995377
34.25371960737306
34.26581681862852
34.27781453492606
34.28971289720021
34.301512046082244
34.3132121218671
34.3248132644793
34.33631561343774
34.34771930781958
34.35902448622311
34.37023128672972
34.38133984686487
34.39235030355826
34.40326279310305
34.41407745111429
34.424794412486456
34.43541381135015
34.44593578102801
34.45636045398977
34.466687961806585
34.47691843510454
34.487052003517285
34.49708879563801
34.50702893897059
34.516872559879985
34.52661978354179
34.53627073389115
34.545825533570756
34.55528430387826
34.56464716471279
34.57391423452075
34.58308563024091
34.59216146724865
34.601141859299574
34.61002691847225
34.61881675511031
34.62751147776374
34.63611119312942
34.64461600599102
34.65302601915799
34.66134133340403
34.669562047404646
34.67768825767407
34.68572005850147
34.69365754188643
34.70150079747373
34.7092499124874
34.71690497166415
34.72446605718608
34.731933248612705
34.7393066228124
34.74658625389311
34.75377221313251
34.7608645689075
34.76786338662315
34.77476872864101
34.781580654206905
34.78829921937819
34.794924476950456
34.80145647638379
34.807895263728525
34.814240881550525
34.82049336885617
34.82665276101683
34.83271908969309
34.83869238275854
34.84457266422339
34.85035995415782
34.856054268615054
34.861655619554384
34.86716401476394
34.87257945778348
34.8779019478271
34.88313147970601
34.888268043751346
34.89331162573705
34.89826220680304
34.90311976337855
34.90788426710574
34.91255568476373
34.91713397819296
34.9216191042201
34.9260110145835
34.93030965585924
34.934514969387855
34.938626891201864
34.942645351954084
34.94657027684687
34.950401585562396
34.9541391921939
34.95778300517819
34.96133292722929
34.96478885527344
34.9681506803855
34.97141828772683
34.97459155648473
34.97767035981359
34.98065456477766
34.98354403229588
34.986338617088386
34.98903816762521
34.99164252607703
34.994151528268084
34.99656500363146
34.99888277516666
35.00110465939974
35.00323046634591
35.00525999947481
35.007193055678584
35.00902942524269
35.01076889181958
35.012411232405555
35.01395621732041
35.01540361019049
35.01675316793474
35.01800464075424
35.01915777212497
35.02021229879406
35.02116795077954
35.0220244513737
35.0227815171499
35.02343885797324
35.023996177014844
35.02445317076994
35.02480952907974
35.02506493515712
35.025219065616234
35.025271590505966
35.02522217334728
35.0250704711745
35.0248161345806
35.02445880776618
35.02399812859039
35.023433728629406
35.022765233253565
35.02199226165507
35.02111442694592
35.02013133622137
35.01904259063587
