1.5010254893532045
1.4901319428201252
1.48582237889799
1.4842785701368226
1.4838850675753457
1.483959153483498
1.4842130976073824
1.4845263701449063
1.4848491442751337
1.4851614290285626
1.4854557739411074
1.4857299582349663
1.4859839064311837
1.4862183911829319
1.4864344907729234
1.4866333646140435
1.4868161623349077
1.4869839886967977
1.487137891634473
1.4872788597073394
1.4874078232410628
1.48752565679574
1.4876331820011615
1.4877311703843512
1.487820346055289
1.4879013882156016
1.4879749334918972
1.4880415781508776
1.4881018799838155
1.488156360410835
1.488205506195092
1.488249771166153
1.488289577861664
1.4883253190992223
1.4883573594878352
1.4883860368854072
1.488411663806969
1.4884345287881022
1.4884548977053058
1.4884730150559387
1.4884891051982125
1.488503373552078
1.488516007760987
1.488527178814622
1.4885370421317479
1.4885457386033962
1.4885533955953891
1.4885601279098417
1.4885660387052322
1.4885712203750854
1.488575755384471
1.4885797170648765
1.4885831703673023
1.488586172574015
1.488588773969406
1.4885910184705295
1.4885929442183536
1.4885945841305843
1.48859596641682
1.4885971150577058
1.488598050249341
1.4885987888137384
1.488599344577648
1.4885997287205814
1.488599950093717
1.4886000155116959
1.4885999300179236
1.4885996971260986
1.4885993190384352
1.48859879684297
1.4885981306906342
1.4885973199543738
1.4885963633708323
1.4885952591666802
1.4885940051704192
1.4885925989108806
1.4885910377039722
1.4885893187280554
1.488587439089764
1.488585395880652
1.4885831862256516
1.4885808073243925
1.4885782564859373
1.4885755311577193
1.4885726289492434
1.4885695476512055
1.4885662852507644
1.4885628399428144
1.4885592101387288
1.4885553944718581
1.4885513918010314
1.4885472012118202
1.488542822016286
1.4885382537509915
1.488533496173973
1.4885285492606941
1.4885234131988356
1.48851808838282
1.4885125754074242
1.488506875061105
1.4885009883190177
1.488494916335639
1.4884886604374017
1.4884822220737055
1.488475603001734
1.4884688049319976
1.4884618298154584
1.4884546797286131
1.4884473568722127
1.4884398635658673
1.4884322022414296
1.4884243754364608
1.4884163857872994
1.4884082360227977
1.488399928957829
1.488391467487133
1.4883828545794275
1.4883740932715985
1.4883651866631704
1.4883561379109032
1.4883469502236097
1.4883376268572657
1.4883281711100842
1.4883185863180768
1.4883088758504261
1.4882990431054082
1.4882890915062748
1.4882790244973343
1.4882688455401143
1.4882585581099317
1.4882481656924622
1.4882376717802992
1.4882270798699104
1.488216393458694
1.4882056160420414
1.4881947511107052
1.4881838021480902
1.48817277262784
1.4881616660114536
1.4881504857461083
1.488139235262459
1.48812791797269
1.4881165372685545
1.4881050965195235
1.4880935990712012
1.4880820482435777
1.488070447329581
1.4880587995935424
1.4880471082699303
1.4880353765620775
1.4880236076409394
1.4880118046439397
1.4879999706740301
1.4879881087986748
1.4879762220488402
1.487964313418334
1.4879523858629153
1.487940442299521
1.4879284856058055
1.4879165186193324
1.4879045441371375
1.487892564915192
1.4878805836680384
1.48786860306823
1.4878566257461456
1.4878446542896109
1.4878326912435909
1.4878207391101201
1.4878088003479013
1.4877968773722654
1.4877849725552286
1.4877730882250635
1.4877612266665372
1.4877493901208083
1.4877375807854458
1.4877258008144278
1.4877140523183443
1.4877023373642957
1.4876906579763172
1.4876790161351352
1.487667413778707
1.4876558528021777
1.487644335058199
1.4876328623571138
1.487621436467292
1.487610059115204
1.4875987319859632
1.4875874567233605
1.4875762349304382
1.4875650681695554
1.4875539579629664
1.4875429057930198
1.4875319131025322
1.4875209812953039
1.4875101117362783
1.4874993057520454
1.4874885646313394
1.4874778896252832
1.4874672819479282
1.4874567427765915
