93.81968636379888
81.15439314774953
83.47034222796997
85.76771942762237
88.03991345496686
90.28384629591032
92.4981529392943
94.68246316026516
96.83697832665887
98.96222156439242
101.05889073500401
103.12777230466337
105.16969123676581
107.18548217465535
109.17597319278264
111.14197695721776
113.08428624645586
115.00367203266003
116.90088306308516
118.77664631944693
120.63166799256079
122.46663476359312
124.28221527515028
126.07906173039024
127.85781159192238
129.61908937329656
131.3635085295999
133.09167346367616
134.80418167269406
136.50162606631162
138.18459749652595
139.85368754597368
141.5094916323025
143.15261249694765
144.78366416046944
146.40327644335076
148.01210017124103
149.61081320798172
151.20012748962213
152.78079726817052
154.35362881671162
155.919491898049
157.47933335811067
159.03419327195022
160.58522414270715
162.1337137263183
163.68111211600961
165.22906374716268
166.77944493979575
168.33440739880155
169.89642763477136
171.46836132048676
173.05349956002317
174.65562342610505
176.27903804264452
177.92857652053877
179.60952921001913
181.32744381504767
183.08770552387364
184.89476796046074
186.7508726717117
188.6541035509004
190.59574608289293
192.55726492922523
194.50783880409602
196.40411593104034
198.1940277084263
199.8252307925784
201.2560065587179
202.46409587327605
203.449486797212
204.23061858022686
204.836900040672
205.301121643798
205.65415428988402
205.9222129563562
206.1261153317178
206.28166640756743
206.40050785842163
206.49104404166508
206.55926466432132
206.6094067124813
206.6444577035207
206.6665251385951
206.6771016983748
206.67725280723286
206.66774798972892
206.64915225592824
206.6218893946901
206.58628567818334
206.5425999786939
206.4910444914933
206.43169506544848
206.36492058921684
206.29075348710205
206.20932402160417
206.12085773083663
206.02525936607196
205.92274871014615
205.81343322189736
205.69740002628876
205.57478822979647
205.4456795230106
205.31017289924006
205.16836572431254
205.02035384320897
204.86623165149942
204.70609214341806
204.54002694424207
204.36812633187688
204.19047925217183
204.0071733293143
203.81829487387125
203.62392888921113
203.42415907716733
203.21906784329298
203.00873630236123
202.79324428411394
202.57267033948781
202.34709174723747
202.11658452137675
201.8812234190625
201.6410819492344
201.39623238159234
201.14674575664304
200.8926918959321
200.63413941305015
200.37115572506747
200.10380706462138
199.83215849236262
199.55627390994664
199.27621607340785
198.99204660702503
198.7038260174731
198.41161370848826
198.11546799562825
197.81544612159675
197.5116042717004
197.20399758963896
196.89268019346244
196.5777051919017
196.2591247006851
195.93698985925494
195.61135084746473
195.28225690254214
194.94975633612287
194.61389655137918
194.27472406030154
193.9322845009977
193.58662265507337
193.2377824650382
192.88580705182625
192.53073873221825
192.1726190363783
191.8114887253011
191.44738780832336
191.08035556055245
190.7104305402766
190.33765060635292
189.96205293552612
189.58367403966753
189.20254978298715
188.8187153991314
188.43220550823747
188.04305413383315
187.6512947197184
187.256960146724
186.86008274929543
186.46069433207344
186.05882618627692
185.65450910601626
185.2477734044196
184.83864892973054
184.4271650811432
184.01336823349737
183.59726692189437
