0.0014675
0.0017381293566780917
0.002007095914211911
0.002271866722647998
0.0025326720698611396
0.002789715812413371
0.003043172321453675
0.003293187221389466
0.003539882054959526
0.0037833595323719074
0.0040237081254030456
0.004261005683185343
0.004495322120349786
0.004726721349757522
0.004955262645301054
0.005181001593658272
0.005403990757939933
0.005624280143039577
0.005841917525911774
0.006056948694162937
0.006269417622169688
0.006479366604113945
0.006686836356650382
0.006891866099452681
0.007094493618920569
0.007294755318370373
0.007492686256733797
0.007688320176919175
0.007881689524389458
0.008072825456078781
0.008261757839434402
0.008448515241086653
0.00863312490438434
0.008815612714762314
0.00899600315161323
0.009174319225000288
0.009350582395154605
0.009524812472233947
0.00969702749325724
0.009867243572450144
0.010035474720413542
0.010201732626527607
0.01036602639779441
0.010528362245863631
0.010688743112239583
0.010847168219609502
0.011003632534822713
0.011158126126434525
0.01131063339683204
0.011461132166366055
0.011609592585059022
0.011755975861505934
0.011900232694509323
0.012042301676978574
0.012182107258285974
0.012319557721845644
0.012454543168732558
0.012586933874770157
0.012716579613748518
0.012843310920582038
0.01296694375654733
0.013087289510226172
0.013204172374006458
0.013317455215844702
0.01342707231943013
0.013533062656187969
0.013635592551388782
0.013734955907064202
0.01383154698336896
0.013925812724058463
0.014018200489086871
0.014109116615757991
0.014198902638476769
0.014287829552240722
0.014376102283797414
0.01446387036851355
0.014551239758529247
0.01463828361664955
0.014725051201426248
0.014811574745218974
0.014897874580756228
0.014983962862503333
0.015069846217873488
0.015155527612249284
0.015241007649434552
0.015326285471463223
0.015411359376457488
0.015496227239804716
0.015580886798441359
0.015665335840306018
0.01574957232829029
0.015833594479086898
0.015917396796876267
0.01600098365283326
0.01608435364416135
0.01616751003994213
0.016250446844753883
0.016333164735390617
0.01641566453295717
0.016497947249506022
0.016580013388744052
0.016661865435767823
0.016743505007329938
0.016824934002417614
0.016906154581705454
0.01698716914804031
0.01706798033019944
0.01714859096882658
0.017229004103874616
0.017309222963145625
0.01738925095167791
0.01746909164181994
0.017548748763890152
0.017628226197351576
0.017707527962452483
0.0177866582122956
0.01786562122530528
0.017944421398067952
0.01802306323852327
0.018101551359486236
0.01817989047248153
0.01825808538187283
0.01833614097927128
0.018414062238207057
0.018491854209050237
0.01856952201416729
0.018647070843298558
0.018724505949146705
0.01880183264316298
0.018879056291519945
0.018956182311261328
0.019033216166617763
0.01911016336547998
0.019187029456020167
0.019263820023453185
0.01934054068692965
0.019417197096553606
0.019493794930517862
0.019570339892350106
0.01964683770826401
0.01972329412460934
0.01979971490541534
0.01987610583002337
0.01995247269080237
0.020028821290944177
0.02010515744233389
0.020181486963491292
0.020257815677580032
0.02033414941048064
0.020410493988925082
0.02048685523868883
0.020563238982838534
0.02063965104003232
0.020716097222870142
0.02079258333629289
0.020869115176026475
0.02094569852707086
0.021022339162230515
0.02109904284068615
0.021175815306604433
0.021252662287785933
0.02132958949434849
0.0214066026174455
0.02148370732801749
0.02156090927557615
0.02163821408701925
0.021715627365475682
0.02179315468917975
0.0218708016103735
0.021948573654236043
0.02202647631783953
0.02210451506913035
0.022182695345935192
0.022261019860539615
0.022339496829030008
0.022418131591944078
