12.43330411505993
12.856028570105433
12.715441387162095
12.568448880155776
12.429196519868855
12.297720665202853
12.173663952864116
12.05664085297212
11.946256468247691
11.842114336750704
11.74382227072454
11.650996755437186
11.56326627333437
11.480273683724858
11.401677886851557
11.327154905084475
11.25639849925412
11.189120415502977
11.125050341116372
11.063935633471004
11.005540874766021
10.949647295770449
10.896052104042592
10.844567745629972
10.795021123891775
10.747252794605556
10.701116152770735
10.65647662338348
10.613210865830418
10.571205999353518
10.530358855209071
10.490575259624501
10.451769350401817
10.413862928986322
10.376784848979822
10.340470441400461
10.304860976451172
10.269903161134668
10.2355486717256
10.20175371986496
10.168478650863362
10.135687572677673
10.103348013948569
10.071430609447317
10.039908811270235
10.008758624133684
9.977958363154775
9.947488432549973
9.917331123741203
9.887470431424122
9.857891886223003
9.82858240263049
9.799530141004729
9.770724382471517
9.742155415653457
9.713814434220259
9.685693444324905
9.657785181058015
9.630083033117367
9.602580974951028
9.5752735056909
9.548155594248051
9.521222629992925
9.494470378491492
9.467894941813457
9.441492722970276
9.415260394079631
9.389194867888747
9.36329327232221
9.3375529277504
9.311971326702748
9.286546115775884
9.26127507951042
9.236156126031675
9.211187274269582
9.186366642590933
9.16169243869371
9.137162950628241
9.11277653882337
9.0885316290084
9.064426705932698
9.040460307794875
9.01663102130295
8.992937477294765
8.969378346855805
8.945952337878097
8.92265819200988
8.899494681951435
8.876460609057144
8.853554801208352
8.830776110925472
8.808123413691398
8.792420378270107
8.781369221236863
8.77358469461086
8.768095873703114
8.764220919404528
8.761480751412288
8.759538635849564
8.758157832068417
8.757171870332911
8.756463678839037
8.755950918032921
8.755575672644058
8.755297204786274
8.755086858203304
8.7549244746671
8.754795873572558
8.75469107917954
8.754603073662203
8.754526919978199
8.75445914486041
8.754397304780355
8.754339680618736
8.754285062874168
8.75423260056154
8.754181694913854
8.75413192460209
8.754082993127552
8.754034691812112
8.753986873761548
8.753939435548453
8.753892304325785
8.753845428761021
8.75379877265809
8.753752310470173
8.753706024142883
8.753659900893222
8.753613931647054
8.753568109939797
8.75352243114294
8.753476891919929
8.753431489843315
8.753386223125386
8.753341090428652
8.75329609073256
8.753251223239612
8.753206487309434
8.753161882412288
8.753117408096422
8.753073063965083
8.753028849660332
8.752984764851663
8.752940809228022
8.752896982492153
8.752853284356625
8.75280971454106
8.752766272770176
8.7527229587724
8.75267977227888
8.752636713022842
8.752593780739065
8.752550975163583
8.752508296033417
8.752465743086438
8.752423316061213
8.752381014696956
8.752338838733447
8.752296787911014
8.752254861970494
8.752213060653192
8.75217138370091
8.752129830855905
8.752088401860894
8.752047096459053
8.752005914393989
8.751964855409796
8.751923919250977
8.75188310566251
8.751842414389811
8.751801845178726
8.751761397775565
8.7517210719271
8.75168086738051
8.75164078388345
8.75160082118402
8.751560979030758
8.751521257172643
8.751481655359122
8.751442173340067
8.75140281086582
8.751363567687154
8.751324443555294
8.751285438221906
8.751246551439126
8.751207782959515
8.75116913253609
8.751130599922313
8.751092184872105
8.75105388713982
8.751015706480255
8.750977642648683
8.750939695400788
8.750901864492732
8.750864149681107
8.750826550722952
8.750789067375756
8.750751699397451
8.75071444654642
8.750677308581487
