115.26869
115.37293959589186
115.47863151935258
115.58569214510779
115.69404592981797
115.803617970495
115.91433490950507
116.02612541169151
116.13892039620745
116.25265312690856
116.36725922193592
116.48267661782855
116.59884550871288
116.71570827247058
116.83320939073207
116.95129536659192
117.06991464221842
117.18901751752216
117.3085560704615
117.42848407921826
117.54875694627543
117.66933162430767
117.79016654372364
117.91122154164981
118.0324577921125
118.15383773714687
118.27532501853524
118.39688440984834
118.51848174843096
118.64008386693642
118.76165852396672
118.88317433332021
119.00460069128258
119.12590770131334
119.24706609538228
119.36804715108984
119.48882260355911
119.60936455091078
119.72964535191689
119.84963751416795
119.96931357077204
120.08864594321953
120.20760678758437
120.32616782067339
120.44430012207106
120.56197390724014
120.67915826592609
120.79582085909855
120.91192756655745
121.0274420762749
121.14232540571145
121.25653533383282
121.37002580032942
121.48274612075195
121.59464018044615
121.70564554180804
121.81569253303896
121.92470341983822
122.03259184347674
122.13926282945141
122.24461382741518
122.34853740017054
122.45092623629519
122.55168092390083
122.65072015287997
122.74799164966512
122.84348069375265
122.93721269027724
123.02924799215502
123.11967042694945
123.20857358439629
123.29604902356449
123.38217892713077
123.4670326909768
123.55066687330837
123.63312672457589
123.7144482984531
123.79466053295708
123.87378703474403
123.95184749309232
124.02885874706705
124.1048355677397
124.17979122107629
124.25373786799673
124.32668684649158
124.39864886974689
124.46963416499669
124.53965257091733
124.60871360613322
124.67682651765689
124.74400031541732
124.81024379715237
124.87556538053661
124.93997367721101
125.00347693987227
125.06608344531105
125.12780094156457
125.18863721580487
125.2485999101472
125.30769652583894
125.36593440451735
125.42332080249383
125.47986282023399
125.53556743130078
125.59044148538538
125.64449171122266
125.69772471942245
125.75014700522738
125.80176495120534
125.852584829882
125.90261280631819
125.95185494063404
126.00031719048401
126.0480054134833
126.09492536958776
126.14108272342895
126.18648304660482
126.23113181992741
126.275034435629
126.31819619952645
126.36062233314595
126.40231797580782
126.44328818667306
126.48353794675187
126.52307216087435
126.56189565962795
126.6000132012538
126.63742947351345
126.67414909551869
126.71017661952841
126.74551653271251
126.7801732588838
126.81415116019836
126.84745453882478
126.88008763858318
126.91205464655447
126.9433596946604
126.97400686121526
127.00400017244928
127.03334360400478
127.06204108240534
127.09009648649841
127.1175136488721
127.14429635724665
127.17044835584086
127.19597334671411
127.22087499108443
127.24515691062292
127.26882268872541
127.29187587176116
127.31431997029956
127.3361584603151
127.35739478437085
127.3780323527812
127.39807454475414
127.41752470951309
127.43638616739945
127.45466221095569
127.47235610598946
127.4894710926193
127.50601038630215
127.52197717884316
127.53737463938789
127.55220591539799
127.56647413360976
127.5801824009767
127.59333380559599
127.60593141761966
127.61797829015019
127.62947746012183
127.6404319491668
127.65084476446769
127.66071889959616
127.67005704327929
127.67886250936294
127.68713825320239
