1521.7760687519367
1775.2921918582083
1758.7870882494522
1743.2397496520834
1728.6743555519142
1715.0335235081025
1702.248294671681
1690.25268080543
1678.986225543887
1668.3940397132583
1658.4263437650661
1649.037952565724
1640.1877930029768
1631.8384700322235
1623.9558804780647
1616.5088704761274
1609.4689319352233
1602.8099335981308
1596.5078826553558
1590.5407132787059
1584.8880988453454
1579.5312850001797
1574.4529410483444
1569.6370274780584
1565.0686776880964
1560.7340922356384
1556.6204441320044
1552.7157938989214
1549.0090132593016
1545.48971647707
1542.1481984827421
1538.9753790278035
1535.9627522033322
1533.102340738784
1530.3866545668461
1527.8086532012908
1525.361711527985
1523.039588655642
1520.8363995135446
1518.7465889189898
1516.7649078683507
1514.8863918330248
1513.1063414273422
1511.420301336883
1509.824049181115
1508.3135744316305
1506.8850670277373
1505.5349037031417
1504.259635887538
1503.0559785263863
1501.920799738158
1500.851111236262
1499.8440594500378
1498.8969172854888
1498.007076472134
1497.1720404474195
1496.3894177346288
1495.6569157743907
1494.972335173405
1494.3335643374312
1493.7385744584265
1493.185414828442
1492.6722084552698
1492.1971479569975
1491.75849171459
1491.3545602633963
1490.9837329060726
1490.6444445308866
1490.3351826206726
1490.0544844389283
1489.8009343806134
1489.5731614762435
1489.3698370387287
1489.18967244329
1489.0314170314919
1488.8938561311716
1488.7758091846276
1488.6761279780571
1488.5936949657198
1488.5274216828334
1488.4762472416287
1488.439136905399
1488.4150807357976
1488.403092308923
1488.4022074961217
1488.4114833056742
1488.42999678185
1488.4568439580503
1488.4911388609835
1488.532012563056
1488.5786122803493
1488.6301005137452
1488.6856542309301
1488.7444640871781
1488.8057336829484
1488.868678856486
1488.9325270097524
1488.996516466095
1489.0598958582204
1489.1219235451306
1489.1818670567495
1489.2390025651102
1489.2926143810232
1489.3419944752245
1489.386442023113
1489.425262972223
1489.4577696316549
1489.4832802827482
1489.5011188103633
1489.5106143541384
1489.511100979219
1489.5019173659057
1489.482406517824
1489.4519154881618
1489.409795123628
1489.3553998257935
1489.288087329508
1489.2072184981462
1489.1121571354302
1489.00226981363
1488.876925717957
1488.735496507016
1488.5773561891478
1488.4018810145685
1488.208449383219
1487.9964417682277
1487.765240654932
1487.5142304954072
1487.2427976784656
1486.9503305150772
1486.636219239224
1486.2998560241222
1485.9406350138418
1485.5579523702788
1485.1512063354794
1484.719797309301
1484.263127942384
1483.780603244411
1483.2716307076257
1482.7356204455493
1482.1719853468576
1481.5801412443386
1480.959507098851
1480.3095051981659
1479.6295613705847
1478.9191052131746
1478.1775703344701
1477.4043946114
1476.599020460285
1475.7608951215884
1474.8894709581718
1473.9842057667124
1473.0445631019638
1472.0700126134095
1471.060030393948
1470.0140993400755
1468.9317095230926
1467.8123585707606
1466.6555520588054
1465.460803911626
1464.2276368115035
1462.9555826155668
1461.644182779733
1460.2929887887497
1458.901562591476
1457.4694770404226
1455.9963163345847
1454.4816764644863
1452.9251656583524
1451.326404828246
1449.685028014976
1448.0006828304922
1446.273030896502
1444.501748277919
1442.6865259097622
1440.8270700160408
1438.9231025191573
1436.9743614382685
1434.98060127504
1432.9415933851903
1430.8571263341573
1428.7270062352334
1426.5510570684332
1424.3291209783752
1422.061058549431
1419.7467490563386
1417.386090688538
1414.9790007463903
1412.525415807522
1410.0252918614785
1407.4786044109032
1404.885348537492
1402.2455389309494
1399.5591943434997
1396.82642038921
1394.0472293113232
1391.2217425314223
1388.350067841105
1385.4323358695972
1382.4686959119697
