7.9219
7.945096543449758
7.952608452777887
7.960243473036106
7.968000850926104
7.975878184253857
7.983872270304037
7.991979491322487
8.00019604025974
8.008518052207663
8.016941679935664
8.025463136368831
8.034078717567093
8.042784814242115
8.051577916569602
8.060454615109927
8.069411599497268
8.078445655874706
8.087553663648306
8.096732591893959
8.105979495608977
8.115291511916766
8.124665856283123
8.134099818773496
8.143590760362944
8.1531361093001
8.16273335752021
8.172380057098218
8.182073816730002
8.191812298228774
8.201593213020576
8.211414318623062
8.221273415088731
8.231168341393023
8.241096971745364
8.251057211799095
8.261046994733563
8.271064277178464
8.281107034946764
8.291173258537661
8.301260948365389
8.31136810966194
8.321492746992073
8.331632858305614
8.34178642843339
8.35195142190652
8.362125774939104
8.372307386354045
8.38249410713816
8.39268372816506
8.402873965386753
8.413062441413187
8.423246659116407
8.433423980540441
8.443591567934726
8.453746329325119
8.463884823860633
8.474003123150826
8.48409660357477
8.494159639038493
8.504185161201098
8.514164068735527
8.524084521557786
8.533931279753062
8.543685448366613
8.553325187965141
8.56282791442321
8.572173957654034
8.581350644103047
8.590355045933743
8.599194066070439
8.607881959843525
8.616436691151058
8.624876549412534
8.633217969491604
8.641474537257563
8.64965685967931
8.65777289491336
8.66582844925528
8.673827675534884
8.681773500552648
8.689667962816687
8.697512466808465
8.705307968653035
8.713055109039464
8.720754307143377
8.728405826433598
8.736009820521106
8.743566364995656
8.751075479491531
8.758537142971598
8.765951304318806
8.773317898574296
8.780636811381799
8.78790795234386
8.795131204133808
8.802306431025459
8.809433520394188
8.816512314395695
8.823542663707888
8.83052441766623
8.837457402221895
8.844341457667229
8.851176411334198
8.85796208549629
8.86469829757288
8.871384860314524
8.87802158197431
8.88460826646875
8.891144713530872
8.897630718857208
8.904066074249958
8.910450567755246
8.916783983798094
8.923066103314602
8.929296703881677
8.93547555984458
8.94160244244253
8.947677119932465
8.953699357711205
8.959668918436009
8.965585562143811
8.971449046368985
8.977259126260044
8.983015554695031
8.988718082395922
8.994366458041984
8.999960428382318
9.005499738347398
9.01098413115993
9.016413348445003
9.021787130339536
9.027105215601187
9.032367341716773
9.037573245010144
9.042722660749758
9.047815323255856
9.052850966007382
9.057829321748665
9.06275012259596
9.067613100143804
9.072417985571382
9.077164509748812
9.081852403343502
9.086481396926523
9.091051221079171
9.095561606499633
9.100012284109875
9.104402985162778
9.108733441349539
9.113003384907401
9.117212548727721
9.121360666464435
9.125447472642929
9.12947270276937
9.133436093440492
9.137337382453904
9.14117630891892
9.144952613367941
9.148666037868406
9.152316326135342
9.155903223644545
9.159426477746369
9.16288583778017
9.166281055189428
9.169611883637529
9.17287807912423
9.176079400102843
9.17921560759809
9.182286465324701
9.185291739806685
9.188231200497372
9.191104619900104
9.193911773689711
9.196652344728657
9.199326215102097
