72.00456
71.75695566160265
71.5246314796
71.28324500832102
71.03659136001173
70.78703334784343
70.53598045508323
70.28427372805692
70.03241574492903
69.7807076209067
69.52933059612242
69.2783946073873
69.02796719649892
68.77809071019658
68.52879252958697
68.28009115012368
68.03199979164789
67.78452853824153
67.53768560293807
67.29147807141034
67.04591233534039
66.80099434080937
66.55672972623059
66.31312389409835
66.07018204281371
65.82790917411543
65.58631008524635
65.34538935115819
65.10515129976079
64.86559998183142
64.6267391363406
64.38857215140662
64.1511020207236
63.91433129503788
63.67826202802775
63.44289571573407
63.20823322848052
62.974274733988665
62.74101961012564
62.50846634541014
62.276612425027935
62.04545419966627
61.81498673394817
61.58520363062719
61.35609682597742
61.12765635099241
60.899870052058425
60.67272326390255
60.44619842659957
60.220274637899095
59.9949271321037
59.7701266538794
59.54583885181993
59.32202341433119
59.09863329268453
58.875613852758654
58.65290211831537
58.430426268895054
58.20810568003875
57.98585195413958
57.76357157942359
57.54117100499223
57.31856487002569
57.095687601235156
56.87250731520076
56.649039005044884
56.425352280610205
56.2015691878189
55.977850938249986
55.7543772914526
55.53132538904808
55.30885400891884
55.0870950897997
54.866152714996446
54.64610548711348
54.42701107729934
54.2089109332427
53.99183441753677
53.77580211327963
53.560828319397174
53.34692287356439
53.13409245347368
52.92234149036181
52.71167280423389
52.50208804366439
52.293587989567335
52.08617276491245
51.87984197987596
51.674594832649156
51.47043017988711
51.26734658637811
51.06534236049174
50.86441147889263
50.664557482634734
50.46577741920911
50.26807249493542
50.071434107912175
49.87585988277783
49.68134709635185
49.487892746397755
49.295492906713314
49.10414512969669
48.91384572690219
48.724590898764376
48.536376731031694
48.34919919195946
48.163054132270155
47.977937286735845
47.79384427669175
47.61077061307057
47.42871169971366
47.24766283681348
47.067619224401156
46.88857596582666
46.71052807120102
46.533470460781224
46.3573979682868
46.18230534414084
46.008187258631324
45.83503830499046
45.66285300239059
45.49162579885564
45.321351074088795
45.1520231422158
44.983636254445315
44.816184601646455
44.649662316844925
44.48406347763895
44.3193821085365
44.1556121832149
43.99274762670537
43.83078231750325
43.66971008960669
43.5095247344855
43.35022000298218
43.1917896071474
43.034227222012305
42.87752648729965
42.721681009076406
42.56668436134994
42.41253008761053
42.259211702322105
42.1067226923643
41.95505651842759
41.804206616364425
41.65416639849854
41.50492925489483
41.35648855459226
41.20883764680193
41.06196986207296
40.915878513427955
40.770556897470584
40.6259982954675
40.48219597440612
40.33914318803127
40.19683317786157
40.05525917418833
39.914414397058295
39.77429205724246
39.63488535719197
39.49618749198359
39.35819165025558
39.22089101513595
39.084278765164214
38.94834807520819
38.81309211737695
38.67850406193121
38.54457707819241
38.41130433545125
38.27867900387679
38.14669425542725
38.01534326476301
37.88461921016275
37.75451349721663
37.625021091914924
37.49613519353661
