-2.1655584496969107
-2.76026200075307
-2.6587324583851877
-2.598682942162859
-2.5652313906856854
-2.5454191499416177
-2.531866829282601
-2.5208199424024498
-2.510490684818056
-2.500071829590333
-2.4892244385252904
-2.4778265725864075
-2.4658541917911876
-2.453325935703281
-2.4402780547305185
-2.4267533221190956
-2.412796314269354
-2.398451525277581
-2.3837626983010005
-2.3687726469938557
-2.353523249199709
-2.338055480011828
-2.3224094331589025
-2.306624314723244
-2.2907384074108093
-2.1655584496969107
-2.76026200075307
-2.6587324583851877
-2.598682942162859
-2.5652313906856854
-2.5454191499416177
-2.531866829282601
-2.5208199424024498
-2.510490684818056
-2.500071829590333
-2.4892244385252904
-2.4778265725864075
-2.4658541917911876
-2.453325935703281
-2.4402780547305185
-2.4267533221190956
-2.412796314269354
-2.398451525277581
-2.3837626983010005
-2.3687726469938557
-2.353523249199709
-2.338055480011828
-2.3224094331589025
-2.306624314723244
-2.2907384074108093
