1.493
1.487487834649119
1.485285240752229
1.4839677571466294
1.4831733502838416
1.4826905830022625
1.4823935726957644
1.4822073488380139
1.4820872591989493
1.4820067091228797
1.4819498600367216
1.4819072806162306
1.4818733563516078
1.481844746443103
1.4818194645538458
1.4817963311896516
1.4817746474599733
1.481754000719273
1.4817341487722941
1.4817149508815917
1.4816963266561407
1.481678231549096
1.481660642249638
1.4816435479684056
1.481626945233205
1.4816108347749721
1.4815952196579172
1.4815801041495673
1.4815654930300766
1.4815513911614009
1.4815378032091564
1.481524733452893
1.481512185646034
1.4815001629018456
1.4814886675906676
1.4814777012388207
1.4814672644225133
1.4814573566516052
1.4814479762388024
1.4814391201499817
1.4814307838311056
1.4814229610067076
1.4814156434442114
1.4814088206774652
1.4814024796819667
1.4813966044932956
1.4813911757591147
1.4813861702179194
1.4813815600907998
1.4813773123870393
1.4813733881223439
1.4813697414666824
1.4813663182939154
1.4813630576653771
1.4813598876645664
1.4813567277979178
1.4813534891885307
1.4813500771731425
1.4813463967331784
1.4813423622607174
1.4813379133762097
1.4813330380628589
1.481327802396699
1.4813223816108014
1.4813170801085969
1.481312321633665
1.4813085932559484
1.4813063462615776
1.4813058880771799
1.4813073166102486
1.4813105287703348
1.4813152926568152
1.481321326854101
1.4813283852897607
1.4813362779456223
1.4813448794016788
1.4813541176597373
1.4813639581922713
1.4813743893303493
1.4813854112842242
1.4813970290794187
1.4814092485632913
1.481422074378198
1.481435509111239
1.4814495531391323
1.4814642048003361
1.4814794607126653
1.4814953161047428
1.4815117651227316
1.4815288010877952
1.4815464167024095
1.481564604210649
1.4815837512660233
1.4816032788022315
1.4816232649735397
1.481643736800126
1.4816643076183957
1.4816855571293255
1.4817073965814134
1.4817297856620826
1.4817527658081977
1.481776217259429
1.4818001398856855
1.4818245271599735
1.4818493716852021
1.4818746655679864
1.4819004006428798
1.4819265686079919
1.4819531611076446
1.481980169783336
1.4820075863056716
1.4820354023948568
1.4820636098342335
1.4820922004795796
1.4821211662657592
1.4821504992116985
1.4821801914242585
1.4822102351013584
1.4822406225345457
1.4822713461111556
1.482302398316135
1.4823337717335705
1.4823654590479989
1.482397453045427
1.4824297466142116
1.4824623327456974
1.4824952045346909
1.482528355179755
1.4825617779833427
1.4825954663517769
1.48262941379509
1.4826636139267102
1.4826980604630446
1.4827327472229361
1.4827676681270014
1.4828028171968735
1.4828381885543505
1.4828737764204578
1.4829095751144226
1.4829455790525903
1.4829817827472656
1.4830181808054983
1.4830547679278174
1.483091538906918
1.4831284886263112
1.4831656120589358
1.4832029042657466
1.483240360394272
1.483277975677164
1.4833157454307166
1.4833536650533945
1.4833917300243424
1.4834299359018974
1.4834682783221005
1.48350675299722
1.4835453557142744
1.483584082333572
1.483622928787262
1.4836618910779047
1.4837009652770543
1.4837401475238714
1.483779434023747
1.4838188210469596
1.4838583049273535
1.4838978820610453
1.483937548905154
1.48397730197657
1.4840171378507412
1.4840570531605033
1.4840970445949284
1.4841371088982123
1.4841772428685986
1.4842174433573196
1.4842577072675884
1.4842980305664495
1.4843384116694982
