39.96513738183536
39.80168038541395
39.71217078584068
39.63698643962554
39.56497410847573
39.49370102335667
39.42261483038275
39.351575386176975
39.280533926060436
39.20946272654864
39.138339599342615
39.06714440822359
38.9958582311627
38.924463110542995
38.85294193916464
38.78127838192159
38.709456810487595
38.63746224545521
38.565280304204414
38.49289715368196
38.42029946752401
38.347474387056025
38.274409485765275
38.20109273689096
38.12751248381741
38.05365741299167
37.97951652911858
37.90507913241372
37.830334797718564
37.75527335530402
37.67988487320664
37.60415964095916
37.528088154590705
37.45166110278599
37.37486935410314
37.29770394516141
37.22015606971743
37.14221706855829
37.06387842014568
36.98513173195258
36.905968732439035
36.82638126361938
36.74636127418792
36.665900813091035
36.5849920237199
36.50362713835859
36.42179847317131
36.339498423529776
36.25671945970663
36.173454122907515
36.08969502162239
36.005434828277416
35.920666276171204
35.83538215668039
35.74957531672124
35.66323865645465
35.57636512722357
35.4889477297128
35.40097951232199
35.31245356974338
35.223363041737215
35.133701112097725
35.04346100780397
34.952635998349905
34.861219395249194
34.769204551710104
34.67658486247698
34.583353763835085
34.48950473377556
34.39503129231859
34.29992700199211
34.20418546846476
34.10780034133135
34.01076531505007
33.91307413003017
33.814720573869835
33.71569848274399
33.61600174294155
33.51562429255265
33.41456012330595
33.31280328255647
33.210347875424844
33.1071880670885
33.00331808522608
32.89873222261594
32.79342483989021
32.687390368445456
32.580623313511786
32.473118257381614
32.3648698627999
32.25587287651766
32.146122133010124
32.03561255836201
31.92433917432116
31.81229710252281
31.69948156888635
31.585887908186507
31.47151156880088
31.356348117635747
31.240393245232223
31.12364277105434
31.00609264896129
30.88773897286528
30.768577982576883
30.64860606983954
30.527819784554623
30.406215841198662
30.283791125433915
30.160542700913513
30.036467816282187
29.911563912373396
29.78582862960353
29.659259815563733
29.531855532809384
29.403614066847414
29.274533934321042
29.14461389139161
29.013852942316298
28.882250348220996
28.74980563606644
28.61651860780599
28.482389349732674
28.347418242012875
28.21160596840351
28.07495352614919
27.937462236055357
27.79913375273263
27.659970075007617
27.519973556494215
27.379146916319307
27.237493249996056
27.095016040437095
26.951719169099707
26.80760692725384
26.66268402736353
26.516955614571337
26.370427278274597
26.223105063781464
26.074995484034073
25.926105531385026
25.776442689412526
25.62601494475884
25.474830798975333
25.322899280356765
25.170229955746326
25.016832942291774
24.86271891913217
24.7078991389934
24.552385439669813
24.396190255367866
24.23932662788683
24.08180821761006
23.923649314279675
23.764864847525676
23.60547039711978
23.445482202922946
23.28491717449404
23.12379290032634
22.962127656676923
22.799940415953124
22.637250854618618
22.47407936058103
22.310447040021373
22.146375723624466
21.981887972168877
21.817007081433207
21.651757086374854
21.48616276453656
21.32024963863464
21.154043978282587
20.98757280080243
20.820863871075797
20.653945700386256
20.486847544203478
20.31959939886018
20.1522319970719
19.984776802250092
19.817266001558945
19.649732497666495
19.482209899141406
19.314732509447133
19.147335314486345
18.980053968649393
18.812924779322202
18.645984689810614
18.47927126063999
18.312822649191347
18.146677587637775
17.980875359147948
17.815455772326477
17.650459133864974
17.48592621938144
17.321898242429924
17.158416939659148
16.99552407805061
16.833261960129473
16.671673428754524
16.51080126643245
16.35068855303695
16.19137854369432
