6.297444379455619
6.297447436214156
6.297464542740921
6.297494428975432
6.297536237138067
6.297589177722597
6.297652490364423
6.297725438601509
6.297807308419734
6.297897407241077
6.297995062984115
6.298099623155832
6.298210453970125
6.2983269394923855
6.298448480809939
6.298574495228084
6.298704415491478
6.298837689030589
6.298973777232806
6.299112154737954
6.299252308757727
6.299393738418723
6.299535954128639
6.299678476965217
6.2998208380875225
6.299962578169148
6.300103246852909
6.300242402226622
6.300379610319571
6.3005144446192585
6.3006464856080315
6.300775320319256
6.3009005419126245
6.30102174926829
6.301138546599476
6.301250543083246
6.301357352509163
6.301458592945505
6.301553886422854
6.301642858634741
6.301725138655184
6.301800358672877
6.301868153741889
6.3019281615486635
6.301980022195222
6.302023377998414
6.3020578733051416
6.302083154323434
6.3020988689693604
6.30210466672967
6.302100198540185
6.302085116679904
6.302059074680805
6.302021727253411
6.301972730228085
6.301911740512169
6.301838416062954
6.3017524158765985
6.301653399993047
6.301541029517031
6.30141496665526
6.301274874769872
6.3011204184482565
6.300951263589363
6.300767077506549
6.300567529047115
6.300352288728586
6.300121028891822
6.299873423871064
6.299609150180931
6.299327886720457
6.299029314994186
6.298713119350326
6.2983789872359734
6.29802660946935
6.297655680529011
6.297265898859908
6.29685696719619
6.29642859290057
6.2959804883200565
6.295512371157773
6.295023964860595
6.294514999022233
6.293985209801366
6.293434340354334
6.292862141281919
6.292268371089559
6.291652796660387
6.2910151937403445
6.290355347434567
6.289673052714182
6.288968114932536
6.288240350349837
6.287489586665068
6.286715663553999
6.28591843321195
6.285097760899991
6.2842535254930425
6.283385620028363
6.282493952252768
6.281578445166817
6.280639037564185
6.279675684564278
6.278688358136129
6.277677047611476
6.276641760184924
6.275582521398913
6.274499375611284
6.273392386443055
6.272261637204052
6.271107231293953
6.269929292576296
6.268727965722963
6.267503416526666
6.266255832178908
6.264985421511014
6.263692415195702
6.26237706567315
6.261039648305496
6.259680459729978
6.258299819130013
6.2568980678657535
6.255475569391596
6.2540327091193735
6.252569894225637
6.251087553401624
6.249586136544711
6.248066114390363
6.246527978083847
6.2449722386912585
6.243399426649614
6.241810091156156
6.240204799497222
6.238584136317421
6.2369487028301105
6.236186895547265
6.235361512102586
6.234473817498215
6.233525522921257
6.232518756547067
6.231455964715391
6.230339827749462
6.229173193169294
6.2279590227003805
6.226700349915017
6.225400246121382
6.224061792714975
6.222688058644012
6.221282081960069
6.2198468546617285
6.2183853102154565
6.216900313271181
6.2153946511910965
6.213871027087714
6.2123320541268
6.210780250896894
6.20921803768298
6.207647733509629
6.2060715538406575
6.204491608839088
6.202909902104179
6.201328329812147
6.199748680194606
6.198172633294031
6.196601760939124
6.195037526884952
6.193481984716894
6.191937229956738
6.190404393379437
6.188884502012757
6.187378478466658
6.1858871406918725
6.184411201168897
6.182951265890978
6.181507832934582
6.180081290490403
6.1786719142048385
6.177279863651417
6.175905177712274
6.174547768598931
6.173207414175023
6.171883748156434
6.1705762476485
6.169284217325409
6.16800676934831
6.166742797834183
6.165490946295109
6.164249565919217
6.1630166617878555
6.161789823005901
6.160566131086744
6.15934203849493
6.158113205535455
6.156874277986418
6.155618578590887
6.154337670186158
6.153020721975608
6.15165356350634
6.150217222715982
