239.07296
300.19639595992226
299.25878943747284
298.5740794015627
297.97133978369595
297.4778312885224
297.07129751231497
296.7403018999459
296.475230853024
296.26793501794646
296.1114528093085
295.99979814545134
295.9277932988581
295.890937474158
295.8853007814184
295.9074390641872
295.95432290948895
296.02328034139646
296.1119475625351
296.21822882987686
296.340261875295
296.4763884525974
296.6251292721614
296.7851627330115
296.9553062477782
297.1344999290897
297.3217928111362
297.5163304042255
297.71734432779067
297.9241425585679
298.1361015759082
298.35265862341
298.57330560112865
298.7975831146811
299.0250756511504
299.25540711338965
299.4882365384722
299.72325466282507
299.96018078093897
300.19876012704356
300.4387608138981
300.67997203667926
300.92220167614056
301.16527474615765
301.4090316782221
301.65332670087105
301.89802671723925
302.14300998691107
302.38816500435877
302.6333898134206
302.8785907338891
303.12368184029356
303.3685841588089
303.61322504535747
303.8575376339164
304.10146026772645
304.3449360581512
304.5879122863945
304.8303403453953
305.07217510152685
305.31337472884945
305.55390030511063
305.79371562248633
306.03278696184265
306.27108277640286
306.508573602051
306.74523180521106
306.98103149896593
307.2159481924999
307.44995905227717
307.68304230112153
307.91517740835934
308.14634492060327
308.3765262271414
308.6057036972095
308.8338606628355
309.0609807456332
309.28704876700743
309.5120496005107
309.73596904569854
309.95879329420643
310.18050881321403
310.40110264671864
310.62056208275067
310.8388747678729
311.0560285761298
311.27201177004804
311.48681265709587
311.70041980439055
311.91282189559115
312.1240078148495
312.3339664754
312.54268699791317
312.7501584725742
312.95637008867465
313.16131104527904
313.36497060380384
313.5673380050348
313.7684024880192
313.9681532668636
314.1665795604056
314.36367054370174
314.5594151677463
314.75380256882715
314.9468216565439
315.1384613446602
315.3287103698004
315.51755743951173
315.70499113384494
315.890999901756
316.0755720987103
316.2586959596237
316.4403595406805
316.6205508535899
316.79925764992885
316.97646760592875
317.15216832154834
317.3263471123826
317.49899122177646
317.6700876806586
317.83962340976893
318.0075850787873
318.17395932410636
318.33873249137105
318.5018907829295
318.663420294944
318.82330683343463
318.98153616244014
319.1380937749918
319.29296500301
319.44613498353846
319.5975887393163
319.747311070972
275.46450431030246
276.03283632316965
276.59507395063997
277.15095368128146
277.7002610334269
278.2428212450935
278.7784920745652
279.30715851845014
279.8287288323669
280.34313107941205
280.8503107518643
281.35022834783086
281.84285786037975
282.32818490117467
282.80620552641415
283.27692510568374
283.74035719983374
284.19652282719267
284.6454494834202
285.0871705673813
285.521724743763
285.9491552847743
286.36950962590964
286.78283891123965
287.189197559307
287.58864290947065
287.9812347822269
288.3670353554289
288.7461087058889
289.1185205554806
289.4843382509816
289.8436302447172
290.19646612497513
290.5429163047744
290.8830519741579
291.21694484139175
291.54466705650606
291.8662910941241
292.1818895677741
292.4915352265322
292.7953007549653
293.0932587432153
293.3854816150992
293.6720415678316
293.95301042740016
294.2284596137271
294.49846016293134
294.7630825418109
295.022396614946
295.2766048954185
295.5255105488103
295.76931367501624
296.00794536854755
296.2417427766438
296.4706360468134
296.69468935934935
296.91396560344975
297.1285264020519
297.3384317516935
297.5437398667662
297.74450666568987
297.9407853893323
298.1326257083991
298.3200726111568
298.5031645764763
298.68193074276184
298.8563859235712
