865326.998856
605070.2169289441
615205.059664425
625538.0789131155
636021.3215227255
646653.758997189
657440.8737169428
668388.5247903428
679501.9740170419
690785.7088363951
702243.4121373782
713877.9799281266
725691.5678197531
737685.6582639468
749861.1420518622
762218.4083642485
774757.4385994198
787477.9002972626
800379.2385648587
813460.763352369
826721.7317115618
840161.424736902
853779.2192874707
867574.6548189642
881547.495776292
895697.7900150922
910025.9237027981
924532.6730740342
939219.2533608042
954087.3645449902
969139.237157879
984377.6706593563
999806.0755846318
1015428.5076972935
1031249.7062696905
1047275.1206625527
1063510.9470103465
1079964.1525254329
1096642.5025802443
1113554.5850450771
1130709.833016899
1148118.5461966125
1165791.9112014864
1183742.0211713081
1201981.8950446837
1220525.4944149929
1239387.7536261876
1258584.5854063097
1278132.9143762274
1298050.6984282604
1318356.961337034
1339071.8081170071
1360216.4823812437
1381813.3924107477
1403885.8853496276
1426459.3903691352
1449559.8536720085
1473214.8811071326
1497453.5478196687
1522306.4850097306
1547805.9780059154
1573986.0769194656
1600882.721261461
1628533.8800846834
1656979.7093570384
1686262.7285160741
1716428.0183840613
1747523.4429205246
1779599.8976185955
1812711.5877693717
1846916.3402636657
1882275.9531739035
1918856.5879901329
1956729.2101622587
1995970.0844999996
2036661.3330676607
2078891.5644764751
2122756.585017007
2168360.20389732
2215815.14704473
2265244.096578147
2316780.8762594494
2370571.8071194566
2426777.2622012794
2485573.4551756186
2547154.50510265
2611734.8245303873
2679551.9077830627
2750869.5598024987
2825976.5806337665
2905216.888626701
2988943.462644456
3077575.990211857
3171582.6724526454
3271494.357053952
3377915.404224214
3491536.883065862
3613152.7071457207
3743679.502455731
3767026.0109355804
3758494.608089716
3749944.529797727
3741377.2087695966
3732806.64858588
3724231.8595055286
3715657.297422465
3707087.2415759377
3698525.9580299524
3689976.574541593
3681443.949647673
3672931.3416865217
3664442.1748198923
3655979.7199162943
3647547.0975623406
3639147.281051104
3630783.0994075667
3622457.2404359183
3614172.253835251
3605930.5543641504
3597734.425057237
3589586.0205053035
3581487.3701856905
3573440.381836675
3565446.8448797907
3557508.433864501
3549626.711947869
3541803.1343839257
3534039.052023807
3526335.7148115234
3518694.275271081
3511115.7919843523
3503601.233024155
3496151.479377541
3488767.328311419
3481449.4967018124
3474198.6243105293
3467015.2770017525
3459899.949904731
3452853.070499781
3445875.001646821
3438966.044535592
3432126.441566375
3425356.3791491846
3418655.9904289343
3412025.357929576
3405464.516117708
3398973.453891482
3392552.1169776903
3386200.410258961
3379918.200014562
3373705.3160865516
3367561.553961156
3361486.676773359
3355480.417242877
3349542.4795238837
3343672.5409860676
3337870.2539250893
3332135.2471991875
3326467.1277957438
3320865.4823355586
3315329.878510002
3309859.866446941
3304454.980029673
3299114.7381421775
3293838.645866933
3288626.1956161074
3283476.8682228294
3278390.1339655076
3273365.4535525194
3268402.279052771
3263500.0547825336
3258658.218145576
3253876.200432925
3249153.4275770932
3244489.3208679897
3239883.297634117
3235334.7718829857
3230843.154908962
3226407.855865162
3222028.282306865
3217703.8406990957
3213433.936900436
3209217.9766178965
3205055.36582834
3200945.5111853406
3196887.8203904512
3192881.7025502888
3188926.5685065687
3185021.831146269
3181166.905692344
3177361.209973444
3173604.1646784144
3169895.19358822
3166233.7237998154
3162619.1859274786
3159051.0142883696
3155528.647082376
3152051.5265470487
3148619.099110631
3145230.8155272077
