295.44094000000007
306.4996398106141
306.5829506342316
306.6614201242178
306.73569374555655
306.80602715645875
306.872620957561
306.93567663822233
306.99535919604
307.05188153061175
307.1054187572457
307.15614920329733
307.2042452509658
307.2498727342088
307.29319051157125
307.3343501874588
307.3734959582076
307.4107645620822
307.44628531486774
307.48018021503185
307.5125641044968
307.54354487303794
307.57322369585853
307.60169529563444
307.6290482215044
307.6553651387844
307.68072312420486
307.7051939624109
307.7288444402645
307.75173663618006
307.7739282023261
307.7954726380214
307.8164195530923
307.8368149203095
307.8567028525408
307.8761181808197
307.89510191226526
307.9136862557939
307.93190237619734
307.9497790678844
307.9673429263717
307.9846185082916
308.00162848093663
308.0183937618978
308.0349336492822
308.0512659430039
308.067407057636
308.0833721273078
308.09917510311675
308.11482884352085
308.13034519815045
308.14573508546766
308.1610085646824
308.1761749023098
308.1912426337391
308.20621962015935
308.2211131011723
308.2359297433986
308.25067568536554
308.26535657895136
308.2799776276351
308.2945436217887
308.3090589712369
308.32352773528237
308.33795365039487
308.3523401557351
308.3666904166838
308.3810073465249
308.3952936264259
308.4095517238478
308.4237839095041
308.43799227298217
308.4521787371328
308.46634507131967
308.4804929036233
308.4946237320765
308.50873893500983
308.522839780577
308.53692743552324
308.5510029732568
308.5650673812812
308.57912156803343
308.593166368033
308.6072025522628
308.621230826621
308.6352518413874
308.64926619470646
308.66327443657457
308.6772770727788
308.6912745683717
308.7052673509681
308.71925581358795
308.73324031861887
308.747221196039
308.76119875203904
308.7751732669786
308.78914499839175
308.8031141827926
308.81708103733615
308.8310457613434
308.8450085377066
308.8589695341793
308.8729289045628
308.88688678979673
308.9008433189603
308.914798610194
308.92875277154354
308.94270590173716
308.9566580908965
308.9706094211913
308.9845599674368
308.9985097976442
309.01245897352106
309.0264075509312
309.0403555803146
309.05430310706936
309.0682501718996
309.0821968111326
309.09614305700416
309.110088937918
309.12403447867763
309.13797970069413
309.15192462217095
309.16586925826476
309.1798136212279
309.19375772052604
309.20770156294105
309.2216451526487
309.23558849128017
309.24953157796295
309.26347440934114
309.27741697957435
309.2913592803165
309.3053013006692
309.31924302711155
309.33318444340193
309.3471255304489
309.36106626614867
309.3750066251832
309.3889465787739
309.4028860943831
309.4168251353551
309.43076366048405
309.44470162349603
309.45863897242646
309.47257564886905
309.4865115870683
309.5004467128157
309.51438094209965
309.5283141794435
309.5422463158412
309.5561772261701
309.5701067659134
309.58403476696026
309.5979610321488
309.61188532806835
309.62580737540196
309.63972683570444
309.65364329289105
309.66755622661776
309.68146497278855
309.6953686627347
309.7092661251836
309.7231556871694
309.7370349779559
309.75090015258263
309.7647445341487
309.77855435110786
309.792290239568
309.81046590321614
309.82441851522367
309.8383749864606
309.85233117533284
309.86628677150384
309.88024197234483
309.89419701320315
309.9081521043826
309.92210742575554
309.93606312921213
309.950019341877
309.96397616912225
309.97793369726946
309.991891995995
310.0058511204661
310.0198111132395
310.0337720059394
310.04773382075024
310.06169657172995
310.0756602659752
310.0896249046466
310.10359048387244
310.11755699554334
310.1315244280105
310.1454927666953
310.159461994625
310.17343209289777
310.18740304108894
310.201374817602
310.21534739997276
310.22932076513115
