6.1474
12.013794782574102
12.012803125352804
12.011840460610866
12.010906808189645
12.010002149011243
12.009126420171814
12.008279515525409
12.007461287904801
12.006671552141263
12.005910088608902
12.005176647124953
12.004470951059709
12.003792701521814
12.00314158149891
12.002517259851162
12.00191939507512
12.001347638775789
12.00080163880466
12.000281042039747
11.99978549679951
11.999314654895814
11.998868173341421
11.998445715735143
11.998046953352969
11.99767156597643
11.997319242490619
11.996989681284017
11.996682590481015
11.996397688035815
11.996134701713919
11.995893368984479
11.995673436843992
11.995474661588743
11.995296808550847
11.995139651810097
11.995002973891511
11.994886565456474
11.994790224993553
11.994713758513544
11.994656979252014
11.99461970738153
11.994601769734905
11.994602999540085
11.994623236166792
11.99466232488459
11.994720116631807
11.994796467794515
11.994891239994665
11.99500429988643
11.995135518959811
11.995284773350573
11.99545194365567
11.995636914753405
11.99583957562765
11.996059819195542
11.996297542138247
11.996552644676653
11.996825031034891
11.99711460735064
11.99742128411083
11.997744974364938
11.998085593961397
11.998443061394651
11.998817297654636
11.999208226078917
11.999615772207608
12.000039863641334
12.000480429902392
12.00093740229936
12.001410713795293
12.001900298879745
12.00240609344472
12.002928034557415
12.003466060761642
12.004020111358848
12.004590126694266
12.005176047958981
12.00577781709184
12.006395376685829
12.00702866989888
12.007677640369142
12.00834223213445
12.009022389556241
12.00971805724751
12.010429180004865
12.01115570274454
12.011897570442178
12.012654728076399
12.013427120575633
12.01421469276869
12.015017389338265
12.015835154777644
12.016667933350282
12.017515669052152
12.018378305576674
12.019255786282104
12.020148054161215
12.021055051813132
12.021976721417174
12.022913004708554
12.023863842955857
12.024829176940091
12.02580894693526
12.026803092690313
12.027811553412365
12.028834267751087
12.029871173784198
12.030922209003915
12.031987310304348
12.033066413969703
12.034159455663255
12.035266370417048
12.036387092622215
12.037521556019906
12.038669693692768
12.039831438056938
12.04100672085453
12.042195472631938
12.04339762479624
12.044613106507667
12.045841846745653
12.047083773784431
12.048338815187972
12.049606896652856
12.050887946646608
12.052181889384611
12.053488649552161
12.054808151100843
12.056140317249616
12.057485070483258
12.058842332550888
12.06021202446493
12.061594066500652
12.062988379360288
12.0643948794855
12.065813486145673
12.067244116670217
12.068686687662773
12.070141115001297
12.071607313841977
12.073085198624456
12.074574683078
12.076075680228604
12.077588102407079
12.079111861258122
12.08064686775042
12.082193032187835
12.083750264221646
12.085318472863959
12.086897566502213
12.08848745291488
12.09008803928831
12.091699232234806
12.093320937811862
12.094953061542618
12.09659550843752
12.098248183017166
12.099910989336346
12.101583831009256
12.103266611235851
12.104959232829332
12.106661598244738
12.10837360960858
12.110095168749517
12.111826177229995
12.113566536378812
12.11531614732457
12.117074911029933
12.118842728326626
12.120619499951147
12.122405126581071
12.1241995088719
12.126002547494398
12.127814143172293
12.129634196720296
12.131462609082357
12.133299281370089
12.135144114900992
12.136997011237339
12.13885770151639
12.140726600443712
12.142603097572822
12.144487266951554
12.146379011946195
12.14827823638275
12.150184844591438
12.152098741443252
12.154019832384677
12.155948023471455
12.157883221401471
12.1598253335467
12.161774267984166
12.163729933525898
12.1656922397478
12.167661097017385
12.16963641652039
12.171618110286179
12.173606091211933
12.17560027308562
