1130.2938353806137
354.35376955894753
354.817439725636
355.26115946418076
355.6863171817748
356.0951427408182
356.4898902225891
356.87256324906946
357.24485087504195
357.6081411586329
357.9635594523542
358.3120108968588
358.65421971236816
358.99076311412165
359.32209969023023
359.64859278517275
359.97052961533905
360.2881368267927
360.6015931228584
360.9110394922141
361.21658747710325
361.51832584217834
361.8163259382923
362.11064600121665
362.40133458122733
362.6884332629928
362.9719788069114
363.2519982022148
363.5285365538379
363.8016179431275
364.07127304605444
364.33753289091396
364.6004292187848
364.85999471623774
365.1162631477549
365.36926941082186
365.6190495324466
365.8656406219836
366.1090807931327
366.34940906456995
366.58666524755665
366.8208898265702
367.05212383793656
367.2804087500293
367.5057863480345
367.7282986248589
367.94798767983065
368.1648956258497
368.37906450541715
368.590536215474
368.7993524411999
369.0055545981054
369.2091837821622
369.410280727325
369.608885769882
369.805038819042
369.99877933302275
370.1901463001083
370.3791782242052
370.56591311411006
370.7503884760655
370.9326413093614
371.1127081041265
371.29062484131623
371.4664269944042
371.64014953231793
371.811826923792
371.9814931423211
372.14918167209777
372.314925514279
372.4787571938614
372.6407087666154
372.80081182642664
372.9590975125503
373.11559651698906
373.27033909186724
373.42335505661606
373.5746738052367
373.7243243132426
373.87233514455767
374.0187344582593
374.16355001507736
374.30680918375134
374.4485389471819
374.58876590841874
374.72751629645194
374.86481597174816
375.00069043178115
375.1351648161299
375.2682639116576
375.4000121573409
375.530433649046
375.6595521440553
375.7873910655546
375.9139735068786
376.03932223563424
376.16345969779604
376.2864080214949
376.4081890208529
376.52882419961253
376.64833475466213
376.76674157951334
376.8840652676012
377.00033017620876
377.1155441262272
377.22973901217006
377.3429301980427
377.45513682395307
377.5663777481243
377.6766715496941
377.78603653145996
377.89449072245384
378.0020518806274
378.10873749528224
378.2145647896198
378.3195507231628
378.4237119941178
378.527065041744
378.62962604864
378.73141094302434
378.83243540096345
378.9327148485387
379.03226446406
379.1310991801363
379.22923368585765
379.3266824288056
379.4234596171357
379.51957922161114
379.6150549776401
379.7099003872122
379.80412872088516
379.8977530197863
379.99078609751115
380.0832405420411
380.1751287176794
380.2664627669156
380.35725461234813
380.44751595853324
380.5372582938608
380.6264928923886
380.7152308157121
380.80348291477713
380.8912598317267
380.9785720017307
381.06542965476183
381.1518428174528
381.2378213148671
381.32337477233006
381.40851261719456
381.493244080638
381.57757819945886
381.6615238178714
381.7450895892516
381.82828397793656
381.9111152610206
381.9935915300762
382.07572069296555
382.15751047561366
382.238968423723
382.32010190460284
382.40091810889004
382.48142405232886
382.5616265775076
382.64153235566323
382.72114788838593
382.8004795094042
382.87953338634634
382.9583155224496
383.0368317583797
383.1150877739378
383.19308908977627
383.270841069244
383.3483489200398
383.42561769599877
383.5026522988274
383.57945747985934
383.6560378417564
383.7323978403074
383.8085417860768
383.88447384625016
383.9601980462557
384.0357182715692
384.1110382694029
384.18616165044654
384.26109189056456
384.33583233256616
384.41038618784825
384.48475653818383
384.55894633735556
384.6329584129359
384.7067954679189
384.78046008246645
384.85395471559235
384.9272817068169
385.0004432779148
385.0734415345543
385.14627846796174
385.21895595663005
385.29147576795344
385.3638395599088
