4.18831413936069
4.183206032313196
4.177754716276702
4.172291852222853
4.1668821290344
4.161543069792045
4.15628110366822
4.151099344084658
4.145999414814346
4.1409819710616524
4.136046918928163
4.131193553126172
4.126420663110278
4.121726620678939
4.1171094537076085
4.112566908559825
4.1080965030152665
4.103695571192769
4.099361301694784
4.095090770000857
4.090880965974076
4.086728817208486
4.082631208831974
4.07858500028427
4.074587039510254
4.070634174942149
4.06672326558819
4.062851189498223
4.059014850836962
4.0552111857620785
4.051437167275837
4.047689809194939
4.0439661693627516
4.040263352210653
4.0365785107604
4.032908848146714
4.029251618728432
4.025604128847268
4.021963737285218
4.018327855464828
4.01469394743056
4.011059529644464
4.007422170602149
4.003779490431033
4.0001291601488
3.996468901061113
3.9927964839679464
3.9891097283326094
3.985406501402033
3.981684717289128
3.9779423360264743
3.9741773625993826
3.970387845965286
3.966571878065481
3.9627275928344114
3.9588531652109697
3.954946810155671
3.9510067816770054
3.9470313718697785
3.9430189099678583
3.938967761413349
3.9348763269439244
3.9307430416997455
3.926566374351158
3.9223448262481466
3.9180769305923393
3.9137612516321854
3.9093963838818073
3.904980951363873
3.9005136068767645
3.8959930312861952
3.8914179328413745
3.8867870465157224
3.882099133372104
3.8773529799524877
3.872547397691879
3.8676812223563832
3.8627533135051655
3.857762553976092
3.852707849394797
3.847588127706918
3.8424023387331863
3.837149453747105
3.831828465074896
3.826438385717408
3.8209782489936535
3.8154471082056785
3.809844036324412
3.8041681256961906
3.798418487769619
3.792594252842436
3.786694569828074
3.7807186060415687
3.7746655470045076
3.7685345962686756
3.7623249752580947
3.756035923129121
3.749666696648276
3.7432165700875024
3.736684835136513
3.7300708008319132
3.7233737935027755
3.7165931567323383
3.7097282513355134
3.7027784553518592
3.695743164053696
3.6886217899690217
3.681413762918896
3.674118530068932
3.6667355559945505
3.6592643227596344
3.6517043300082057
3.6440550950687487
3.63631615307079
3.6284870570733294
3.620567378204695
3.612556705813408
3.604454647629598
3.5962608299365053
3.5879748977515833
3.5795965150167093
3.5711253647969716
3.562561149487484
3.5539035910276526
3.5451524311223155
3.5363074314691048
3.527368373991402
3.5183350610761774
3.509207315816024
3.4999849822546025
3.490667925634745
3.4812560326483606
3.4717492116873014
3.4621473930942734
3.4524505294128436
3.4426585956355558
3.432771589449104
3.4227895314754893
3.412712465508
3.4025404587408508
3.392273601991201
3.381912009912286
3.3714558211962697
3.3609051987654195
3.3502603299501157
3.3395214266521496
3.328688725491712
3.317762487936385
3.3067430004104135
3.2956305743824355
3.284425546429799
3.2731282782775186
3.2617391568098593
3.250258594052445
3.2386870271227473
3.2270249181467174
3.215272754139262
3.2034310468461866
3.191500332545178
3.17948117180331
3.167374149188504
3.1551798729323113
3.1428989745413265
3.130532108354473
3.1180799510433697
3.1055432010529294
3.0929225779792984
3.0802188218822177
3.0674326925288518
3.0545649685661305
3.04161644661861
3.0285879403088947
3.0154802791976505
3.002294307640276
2.989030883557339
2.9756908771159307
2.9622751693191836
2.948784650501265
2.935220218725282
2.9215827780816674
2.907873236884766
2.8940925057655074
2.8802414956582925
2.866321115680412
2.852332270902598
2.8382758600096145
2.8241527728500926
2.809963887875198
2.7957100694661063
2.781392165150692
2.7670110027103116
2.752567387178078
2.7380620977305488
2.7234958864764445
2.708869468975975
2.6941835252636914
2.679438700214072
2.664635593405133
2.6497747580345217
2.634856696996173
