0.0008034500900709677
0.0008173161711698991
0.000825036264024762
0.000831576882421942
0.0008378739489469714
0.0008441326098536714
0.000850399698131787
0.0008566872276371733
0.000862999489494771
0.0008693390144565178
0.0008757078910212317
0.0008821080614219082
0.0008885413920232314
0.0008950096935199297
0.0009015147296336904
0.0009080582228906573
0.0009146418594157825
0.0009212672932088097
0.000927936150037308
0.0009346500310055678
0.0009414105158380003
0.0009482191659082581
0.0009550775270411677
0.0009619871321113599
0.0009689495034598452
0.0009759661551474489
0.000983038595061972
0.000990168326894138
0.0009973568519958235
0.0010046056711326195
0.001011916286141598
0.00101929020150398
0.0010267289258415024
0.001034233973344368
0.001041806865137934
0.0010494491305945827
0.0010571623085966408
0.001064947948755671
0.0010728076125929565
0.0010807428746856097
0.0010887553237823328
0.001096846563892502
0.0011050182153517737
0.0011132719158684246
0.0011216093215510989
0.001130032107922209
0.001138541970920186
0.0011471406278906794
0.0011558298185703369
0.0011646113060647342
0.0011734868778223023
0.001182458346605963
0.0011915275514641306
0.0012006963587025828
0.0012099666628586582
0.001219340387679118
0.001228819487103029
0.001238405946250821
0.0012481017824207555
0.0012579090460939214
0.0012678298219488042
0.0012778662298865155
0.0012880204260676317
0.0012982946039616623
0.0013086909954100154
0.0013192118717034289
0.001329859544674707
0.0013406363678076325
0.0013515447373628803
0.0013625870935217448
0.0013737659215485034
0.0013850837529721378
0.0013965431667882463
0.0014081467906818166
0.0014198973022716565
0.0014317974303771743
0.0014438499563081803
0.0014560577151784791
0.0014684235972438444
0.0014809505492651039
0.0014936415758969417
0.0015064997411030942
0.0015195281695985301
0.001532730048319227
0.001546108627920162
0.001559667224302044
0.0015734092201673737
0.0015873380666063767
0.0016014572847132826
0.0016157704672334747
0.0016302812802419504
0.0016449934648535705
0.0016599108389654406
0.0016750372990318482
0.001690376821872089
0.0017059334665114655
0.0017217113760557
0.0017377147795990464
0.0017539479941661629
0.0017704154266879263
0.0017871215760112097
0.0018040710349425987
0.0018212684923259864
0.0018387187351538495
0.0018564266507120034
0.0018743972287574694
0.0018926355637290386
0.0019111468569900133
0.0019299364191024551
0.0019490096721322175
0.0019683721519837983
0.0019880295107640783
0.0020079875191736443
0.002028252068924458
0.002048829175182246
0.002069724979031985
0.0020909457499645127
0.00211249788838215
0.0021343879281209813
0.0021566225389871557
0.0021792085293043674
0.002202152848469309
0.0022254625895116445
0.0022491449916547277
0.002273207442872874
0.002297657482440686
0.002322502803469556
0.0023477512554259173
0.0023734108466255325
0.002399489746697517
0.0024259962890112825
0.002452938973059119
0.0024803264667864686
0.002508167608861396
0.0025364714108740425
0.002565247059456256
0.0025945039183107167
0.0026242515301382785
0.00265449961845126
0.0026852580892596416
0.0027165370326162467
0.002748346724005882
0.002780697625562577
0.002813600387097801
0.0028470658469216376
0.002881105032437444
0.002915729160489576
0.0029509496374422197
0.002986778058966149
0.0030232262095088104
0.003060306061421581
0.003098029773716621
0.003136409690424016
0.0031754583385184
0.0032151884253824323
0.003255612835772734
0.0032967446282521824
0.003338597031050454
0.003381183437312906
0.0034245173996958755
0.0034686126242645366
0.0035134829636474197
0.0035591424093996686
0.0036056050835252046
0.003652885229105729
0.003700997199982719
0.0037499554494365315
0.0037997745178047384
0.003850469018980246
0.0039020536257276493
0.003954543053755039
0.004007952044476814
0.004062295346401834
0.004117587695080152
0.0041738437915408415
0.0042310782791528745
0.004289305718840788
0.0043485405625871614
0.004408797125154454
0.004470089553959983
0.004532431797039426
0.004595837569036397
0.004660320315158798
0.004725893173046069
0.0047925689324959725
0.0048603599930050504
0.004929278319082842
0.004999335393307454
0.005070542167098411
0.0051429090091921
0.005216445651816059
0.005291161134570254
0.005367063746036975
0.005444160729839861
0.0055224591434914014
0.005601964674540295
0.005682681504316525
0.0057646134396215675
0.005847762919737544
0.005932131163076869
