7641348.038574021
19256294.91073218
19366931.7715997
19475487.92884356
19582132.910880316
19686866.38981486
19789697.806305435
19890649.716033258
19989756.40430159
20087062.328487046
20182620.283459447
20276490.97426977
20368739.890534695
20459437.069342762
20548655.57919117
20636470.36328757
20722957.260040235
20808192.126452755
20892250.09138263
20975204.92773391
21057128.53569444
21138090.52787281
21218157.906468704
21297394.822336763
21375862.405932166
21453618.660476252
21530718.408245273
21607213.281562537
21683151.75083452
21758579.182746965
21833537.922519736
21908067.394861873
21982204.21901038
22055982.333853662
22129433.129792973
22202585.584487528
22275466.40016511
22348100.14056486
22420509.365977988
22492714.76515662
22564735.28314972
22636588.24436149
22708289.47030579
22779853.391726024
22851293.154858828
22922620.721751086
22993846.964622375
23064981.7543428
23136034.0431407
23207011.941722993
23277922.791003592
23348773.228655007
23419569.250749897
23490316.268714674
23561019.161880314
23631682.32586791
23702309.717078492
23772904.8935258
23843471.052267224
23914011.063662197
23984527.502681915
24055022.677490566
24125498.65550567
24195957.287115853
24266400.227260385
24336828.955026314
24407244.791427728
24477648.915521346
24548042.378996
24618426.11936098
24688800.97186927
24759167.68026562
24829526.90648724
24899879.23938595
24970225.20258898
25040565.26155485
25110899.829910044
25181229.275135778
25251553.923657656
25321874.06541155
25392189.95791466
25462501.829918798
25532809.884653505
25603114.302734364
25673415.24474731
25743712.853545155
25814007.256301813
25884298.566322416
25954586.884665903
26024872.301573396
26095154.897738
26165434.74542775
26457388.147879772
26525699.65767034
26594099.293962106
26662561.572921332
26731068.55529193
26799607.606211454
26868169.82389978
26936748.935421843
27005340.51986141
27073941.461436886
27142549.56427882
27211163.280991804
27279781.521344136
27348403.517398577
27417028.728429977
27485656.773882743
27554287.386093333
27622920.37695838
27691555.614423282
27760193.00590766
27828832.48661418
27897474.011288017
27966117.548398033
28034763.076047923
28103410.579077326
28172060.047029506
28240711.47271342
28309364.851194344
28378020.179075323
28446677.454005923
28515336.67431512
28583997.838771097
28652660.946407307
28721325.99639511
28789992.987964097
28858661.92033499
28927332.792685412
28996005.604116213
29064680.353634357
29133357.040139604
29202035.662417155
29270716.219127316
29339398.70880871
29408083.129870523
29476769.480596807
29545457.75914578
29614147.963545647
29682840.091705494
29751534.141406078
29820230.110305596
29888927.99594718
29957627.795750238
30026329.50701946
30095033.126941603
30163738.65259453
30232446.08094101
30301155.408834167
30369866.633022305
30438579.750142522
30507294.75673241
30576011.649224862
30644730.423949994
30713451.077141315
30782173.60493322
30850898.0033659
30919624.268382
30988352.395835534
31057082.381487187
31125814.22100693
31194547.909981795
31263283.443907168
31332020.8181951
31400760.02817855
31469501.069102086
31538243.93613604
31606988.624368384
31675735.128809888
31744483.444398843
31813233.56599271
31881985.488383554
31950739.206287127
32019494.71434915
32088252.007146604
32157011.079190746
32225771.924924895
32294534.53872719
32363298.91491125
32432065.04773098
32500832.931379046
32569602.559983745
32638373.927618694
32707147.028299984
32775921.855984844
32844698.404577408
32913476.66792763
32982256.639833454
33051038.314038813
33119821.684236657
33188606.74407582
33257393.487149283
33326181.90701046
33394971.997158363
33463763.75105538
33532557.162113097
33601352.2237022
33670148.92915397
33738947.2717542
33807747.244751915
