24.0
23.93873686031632
23.876546711817507
23.81345606166382
23.749493514016255
23.684688382963344
23.619069999754753
23.552667318241106
23.485508696223576
23.417621780595475
23.349033453490637
23.279769814101744
23.20985618119007
23.13931710744868
23.068176400519047
22.99645714761504
22.924181741983677
22.851371910187613
22.778048739642152
22.70423270610615
22.62994370098543
22.55520105840382
22.48002358205682
22.404429571901524
22.328436850763683
22.252062790963638
22.17532434108137
22.098238052999147
22.02082010937941
21.943086351758122
21.865052309458424
21.786733229560497
21.70814410819896
21.629299723502243
21.550214670540228
21.4709033987086
21.391380252053132
21.311659513128014
21.23175545109123
21.15168237487213
21.07145469240562
20.99108697711938
20.910594043090978
20.829991030567438
20.749293503866234
20.668517564058227
20.58767997927006
20.506798335926973
20.425891214760384
20.34497839587259
20.264081097468562
20.183222252824805
20.10242682723949
20.021722186595227
19.941138495239937
19.86070915023813
19.780471215484276
19.700465803626027
19.620738309940084
19.541338340276745
19.46231909374578
19.38373587560684
19.30564337477167
19.22809144065066
19.151119469029695
19.074750225274364
18.998984794176945
18.923800744402975
18.8491548505893
18.77498988264285
18.70124319669569
18.627854418896337
18.55477052299396
18.48194802871249
18.409353050475836
18.336960138286557
18.26475067879685
18.192711314606424
18.120832590109877
18.04910787974169
17.977532579776028
17.906103517440595
17.834818527565748
17.76367615328281
17.692675436255467
17.621815770468693
17.551096800642245
17.48051835174995
17.410080380116675
17.339782939437445
17.269626157096216
17.1996102175863
17.129735368499972
17.06000185669179
16.990409980925165
16.920960066529936
16.851652444617912
16.78248750495856
16.713465635682258
16.64458724261825
16.57585275506618
16.50726260250667
16.438817236675003
16.370517122641495
16.30236273804128
16.234354572363483
16.166493126288106
16.098778911062166
16.031212447908974
15.963794267466213
15.89652490924949
15.82940492113895
15.762434858887008
15.695615285645708
15.62894677151246
15.562429893093151
15.4960652330817
15.42985337985526
15.363794927084394
15.297890473357532
15.232140621819056
15.16654597982058
15.101107158584671
15.035824772880707
14.970699440712197
14.905731783015218
14.840922423367367
14.77627198770698
14.711781104062027
14.647450402288326
14.58328051381671
14.519272071408764
14.455425708920696
14.391742061075107
14.328221763240219
14.264865451216277
14.201673761028802
14.138647328728405
14.075786790196856
14.013092780959134
13.950565936001171
13.888206889593066
13.82601627511748
13.763994724903004
13.702142870062232
13.640461340334383
13.578950763932161
13.51761176739275
13.456444975432689
13.39545101080642
13.33463049416842
13.273984043938622
13.213512276171066
13.153215804425537
13.093095239642112
13.033151190018392
12.973384260889349
12.913795054609603
12.854384170438035
12.795152204424584
12.736099749299129
12.677227394362346
12.618535725378404
12.560025324469436
12.50169677001166
12.443550636533075
12.385587494612592
12.327807910780612
12.270212447420864
12.2128016626735
12.15557611033933
12.098536339785168
12.041682895850151
11.985016318753079
11.928537141327805
11.872245892487328
