2.3619745163304358
2.3144441848015713
2.2722674384803923
2.2352592202022628
2.203226456164878
2.1759525915120888
2.1532001785406965
2.1347162741833676
2.120238141550408
2.109498667918785
2.102231246182281
2.098173974918764
2.097073105132154
2.0986857215581347
2.102781693280009
2.109144961335116
2.1175742507854087
2.1278833033031876
2.1399007262282574
2.153469547949477
2.1684465596552944
2.184701511919091
2.202116222606687
2.220583641182524
2.240006904189449
2.2602984077895107
2.2813789158122093
2.3031767157493737
2.325626830370096
2.348670289121507
2.372253460149546
2.3963274433525212
2.4208475213658143
2.445772666219943
2.4710650979123656
2.496689891991389
2.5226146307824955
2.548809096144888
2.5752449992388353
2.601895744075759
2.628736221631688
2.655742631526431
2.6828923285224193
2.7101636913043605
2.7375360112346563
2.7649893990336745
2.7925047070944324
2.8200634664080217
2.847647835727125
2.8752405618747536
2.902824949707592
2.930384840783169
2.957904598965256
2.98536910254595
3.0127637413107244
3.040074419005948
3.0672875578891965
3.094390106959488
3.1213695520709095
3.1482139274649668
3.174911828145205
3.201452422558054
3.227825465106994
3.254021308069267
3.2800309125436984
3.305845858104727
3.3314583508874174
3.356861229872618
3.3820479711942437
3.407012690324088
3.431750142041895
3.4562557181278204
3.480525442758416
3.504555965617181
3.528344552764808
3.5518890753372294
3.5751879961705773
3.5982403544703043
3.621045748659439
3.6436043175583666
3.6659167200598457
3.6879841134712947
3.709808130703643
3.7313908564881673
3.7527348028052514
3.773842883705349
3.7947183897010066
3.8153649619065173
3.8357865660784642
3.855987462716321
3.8759721973884416
3.895745551570908
3.9153125334747125
3.934678350035753
3.953848383307479
3.972828167687019
3.9916233680131104
4.010239758599847
4.028683203261087
4.046752275337639
4.064398546809845
4.081632137132006
4.09846302595278
4.11490107269461
4.130956022321488
4.146637506690774
4.161955044103937
4.1769180374685755
4.191535771045121
4.2058174068567205
4.219771980294485
4.233408395456304
4.246735420350569
4.2597616821041555
4.272495662294909
4.284945692499407
4.297119950134281
4.3090264546420824
4.320673064063982
4.332067472028929
4.343217205174479
4.354129621007993
4.364811906209823
4.375271075371293
4.385513970159757
4.395547258893853
4.405377436513148
4.415010824921713
4.424453573684932
4.433711661056806
4.442790895312044
4.451696916364628
4.460435197643103
4.469011048203916
4.477429615057644
4.485695885686094
4.493814690729748
4.501790706823151
4.509628459561637
4.517332326577983
4.52490654071308
4.53235519326309
4.5396822372889805
4.5468914909731915
4.553986641010649
4.560971246022054
4.567848739976678
4.574622435617279
4.581295527874991
4.5878710972672465
4.594352113269819
4.600741437657615
4.607041827807725
4.613255939957345
4.619386332414455
4.6254354687156525
4.631405720727249
4.637299371687063
4.643118619184692
4.648865578076777
4.6545422833359
4.660150692833549
4.665692690052656
4.671170086732062
4.676584625440193
4.681937982080088
4.687231768322571
4.69246753397116
4.697646769256711
4.702770907063638
4.707841325087726
4.712859347926929
4.717826249105293
4.722743253032177
4.727611536897425
4.73243223250311
4.7372064280338995
4.741935169766947
4.746619463723121
4.751260277260241
4.755858540610853
4.76041514836476
4.764930960897928
4.769406805750752
4.7738434789546975
4.778241746311188
4.782602344622295
4.786925982875637
4.791213343384697
4.795465082885791
4.7996818335934615
4.803864204215013
4.808012780926636
4.812128128310703
4.816210790256866
4.820261290828448
4.824280135093624
4.828267809924917
4.832224784765956
4.836151512367886
