218.46085021548913
181.32250638666906
118.328626837042
98.2127606581296
120.69401024361362
100.1760288932479
121.95602448401463
101.2235007168697
122.68042833931969
101.8247559191199
123.06198257264407
102.14144593401538
123.23350087821913
102.28380612819842
123.27022245291589
102.31428503531573
123.21284876431659
102.26666487359238
123.08358096461626
102.15937259942228
122.89507786896648
102.0029150294222
122.65508855012241
101.8037238940041
122.36880379753417
101.5661075484283
122.04005114974994
101.2932428497022
121.67191144312943
100.98768689201441
121.26704483646789
100.65164760717356
120.82786867032397
100.28713138785119
120.3566578373924
99.89602639499128
119.8556032075188
99.48015105057274
119.32684720176509
99.04128356408401
118.77250022763661
98.58117557376127
118.19466102178026
98.10156903102832
117.59541425884173
97.60419421584778
116.97683686945365
97.09077498065147
116.3409963667219
96.56302736132399
