21.05325852023852
22.32806904195665
23.563192452225202
24.75899537542462
25.915885637273593
27.034299229489395
28.11469846181221
29.157571435195027
30.163431432168245
31.132816050465653
32.06628608284806
32.96442417161395
33.827833270286135
34.6571349455374
35.45296755208169
36.21598431206605
36.9468513288291
37.646245562812155
38.31485279503953
38.95336560117565
39.56248135668728
40.14290029126709
40.69532360835537
41.220451683414204
41.7189823524999
42.19160930072704
42.63902055830468
43.061897110078064
43.460911622780756
43.83672729205044
44.189996813715865
44.52136147242693
44.83145035283462
45.120879667997066
45.39025220153033
45.64015685810456
45.87116832053164
46.08384680399122
46.27873790302669
46.45637252437651
46.617266898808026
46.761922664946965
46.89082701808605
47.00445291694777
47.10325934152801
47.187691595101626
47.25818164485212
47.31514849300227
47.35899857447554
47.390126174569566
47.40891386173421
47.415732930080466
47.41094384836336
47.39489671017755
47.367931684157085
47.330379451272336
47.28256164615608
47.22479127921635
47.1573731481452
47.08060423470984
46.99477408528486
46.90016517387464
46.79705324667197
46.68570764744206
46.566391623277674
46.43936261048789
46.30487250058804
46.16316788653766
46.014490289550636
45.859076366930914
45.6971581015323
45.528962973535776
45.354714115341984
45.1746304504469
44.98892681723438
44.79781407865808
44.60149921882664
44.40018542752085
44.194072173677625
43.98335526887646
43.76822692184984
43.54887578501665
43.32548699401037
43.09824220113638
42.86731960365413
42.632893967731775
42.39513664887018
42.15421560956294
41.91029543484653
41.66353729513257
41.4140991634261
41.16213552420531
40.9077975878927
40.65123325452604
40.39258712834264
40.132000533652544
39.869611532267484
39.60555494272285
39.339962361488105
39.07611739547786
38.814916212107306
38.5563498425829
38.30040850428342
38.047081639289104
37.79635794661087
37.54822541623489
37.30267136204828
37.05968245513374
36.81924475312603
36.58134373482096
36.34596432956386
36.11309094781064
35.8827075108203
35.65479747968624
35.42934388368324
35.206329347904116
34.98573612017334
34.7675460972159
34.55174085007107
34.33830164874402
34.127209486085924
33.918445100899746
33.71198900027141
33.507821481125255
33.305922651010356
33.10627244811986
32.90885066055236
32.713636944823214
32.52061084363708
32.32975180293291
32.14103918821137
31.954452300164853
31.76997038961727
31.587572671794838
31.407238339940935
31.228946578292025
31.05267657443257
30.878407531044136
30.70611867706961
30.535789278306943
30.367398647451978
30.200926153606794
30.036351231272835
29.873653388845202
29.71281221662615
29.55380739437521
29.39661869841108
29.241226008285608
29.087609313042798
28.935748717080962
28.785624445632337
28.637216849877287
28.490506411707813
28.34547374815274
28.202099615482023
28.060364913002374
27.920250686557473
27.781738131746362
27.64480859687319
27.509443585639193
27.375624759588977
27.243333940324955
27.112553111496812
26.983264420580422
26.855450180453733
26.729092870782388
26.60417513922074
26.480679802441443
26.358589846999564
26.23788843004116
26.118558879863702
26.00058469633667
25.883949551188913
25.768637288171238
25.654631923100542
25.541917643791358
25.43047880988203
25.3202999525611
25.21136577420013
25.103661147897697
24.99717111694114
24.891880894189562
24.78777586138328
24.684841568385956
24.583063732361033
24.482428236889472
24.382921131030525
24.284528628330683
24.18723710578387
24.091033102746497
23.995903319810854
23.901834617639427
23.808814015764312
23.716828691352617
23.625865977942095
23.535913364149874
23.446958492354728
23.358989157357914
23.271993305022168
23.185959030892487
