17.833537012138216
17.84640868542635
17.867945445501057
17.897502146507353
17.934498190583323
17.978405941390626
18.02874279303276
18.08506525710185
18.146964288370715
18.214061451374892
18.286005705608964
18.362470672144322
18.44315228876364
18.52776678580798
18.616048930490376
18.70775049789732
18.8026389344318
18.900496185153234
19.0011176609495
19.104311325092773
19.209896881710677
19.31770505119891
19.427576919715396
19.539363351706264
19.65292445597566
19.768129097167517
19.8848544457101
20.00298556038159
20.122414998045766
20.243042447406907
20.364774382016364
20.4875237303531
20.61120956043262
20.73575677702745
20.861095829978613
20.98716243241693
21.113897288000558
21.241245826516305
21.369157947391937
21.497587770828705
21.62649339639257
21.75583666900234
21.885582952327177
22.015700909657753
22.14616229234823
22.27694173594292
22.408016564104585
22.539366600453587
22.67097398841058
22.802823019112083
22.934899967440284
23.06719293617678
23.199691708256736
23.332387607065698
23.46527336468767
23.59834299798022
23.731591692321675
23.865015692846626
23.998612202960548
24.132379289901166
24.266315797094595
24.40042126303804
24.534695846427365
24.66914025723798
24.803755693460513
24.938543783188475
25.073506531753925
25.208646273607958
25.34396562864627
25.479467462685136
25.61515485180021
25.75103105024899
25.887099461707333
26.023363613561358
26.159827134007212
26.296493731723654
26.43336717789449
26.57045129037095
26.70774991977673
26.845266937371147
26.983006224498613
27.120971663464893
27.25916712969245
27.397596485019065
27.536263572014715
27.675172209202447
27.814326187078986
27.953729264840323
28.093385167726257
28.23329758490653
28.373470167838576
28.51390652903427
28.65461024117969
28.79558483655792
28.936833806730604
29.078360602438856
29.22016863368909
29.36226126999313
29.504641840736085
29.64731363564866
29.790279905363764
29.933543862039826
30.07710868003596
30.22097749735415
30.365153413326425
30.509639494195103
30.654438770490064
30.79955423870516
30.94498886207151
31.090745571325495
31.23682726546728
31.38323681250704
31.529977050196646
31.677050786744907
31.824460801515215
31.972209845704604
32.12030064300353
32.26873589023612
32.41751825798071
32.566650391170676
32.716134909675866
32.86597440886471
33.01617146014765
33.16672861150219
33.317648387980014
33.46893329219704
33.620585804806545
33.772608384956214
33.925003470729784
34.07777347957358
34.230920808708824
34.38444783553006
34.538356917990576
34.692650394974955
34.847330586659666
35.002399794862015
35.157860303378044
35.313714378309754
35.46996426838226
35.626612205251234
35.783660403801
35.94111106243381
36.098966363350705
36.25722847282407
36.41589954146263
36.574981704468904
36.73447708188952
36.89438777885887
37.05471588583608
37.215463478835865
37.37663261965337
37.538225356083274
37.70024372213347
37.862689738233406
38.02556541143747
38.18887273562351
38.35261369168672
38.516790247729155
38.681404359244866
38.84645796930102
39.011953008715146
39.17789139622852
39.34427503867597
39.51110583115222
39.67838565717492
39.84611638884438
40.01429988700034
40.18293800137568
40.35203257074736
40.521585423084574
40.6915983756943
40.86207323536424
41.03301179850353
41.20441585128076
41.37628716976008
41.54862752003498
41.7214386583599
41.89472233127998
42.068480275758745
42.24271421930399
42.417425880091855
42.592616967089086
42.768289180173696
42.944444210253955
43.12108373938587
43.29820944088911
43.47582297946151
43.6539260112921
43.83252018417283
44.01160713760905
44.19118850292854
44.37126590338946
44.551840954287044
44.73291526305922
44.914490429390945
45.096568045317724
45.279149695327796
45.46223695646354
45.64583139842173
45.82993458365295
