0.000836270875057938
0.0008389187911378681
0.0008415094272447933
0.00084404928989595
0.0008465418564677023
0.0008489892761686964
0.0008513930940343188
0.0008537545597541977
0.0008560747603892901
0.0008583546785868904
0.0008605952193592945
0.0008627972236072129
0.0008649614760190342
0.0008670887105239253
0.0008691796146087244
0.0008712348330332324
0.0008732549711619489
0.0008752405980041194
0.0008771922490056989
0.0008791104286194626
0.0008809956126736946
0.0008828482505580078
0.0008846687672439161
0.0008864575651569354
0.0008882150259162263
0.0008899415119558222
0.0008916373680407428
0.0008933029242952365
0.0008949384910684801
0.0008965443699823583
0.00089812084854996
0.0008996682029658701
0.0009011866991809149
0.0009026765939234264
0.0009041381356698074
0.0009055715655668437
0.0009069771183078585
0.0009083550229636411
0.0009097055037696961
0.0009110287808701404
0.000912325071019186
0.0009135945882405854
0.0009148375444455798
0.0009160541500096848
0.0009172446143091207
0.0009184091462170983
0.0009195479545608307
0.000920661248540053
0.0009217492381079105
0.0009228121343149631
0.0009238501496177566
0.0009248634981528104
0.0009258523959774975
0.0009268170612790176
0.0009277577145529948
0.0009286745787531608
0.0009295678794135292
0.0009304378447446014
0.0009312847057054117
0.000932108696052698
0.0009329100523687158
0.0009336890140696326
0.0009344458233954818
0.000935180725383544
0.0009358939678265015
0.0009365858012164855
0.0009372564786769039
0.0009379062558826674
0.0009385353909706069
0.0009391441444407716
0.0009397327790501337
0.0009403015596992606
0.0009408507533134046
0.000941380628718465
0.0009418914565129342
0.000942383508936585
0.000942857059736406
0.0009433123840308086
0.0009437497581723164
0.000944169459609527
0.0009445717667488599
0.0009449569588164514
0.0009453253157206073
0.0009456771179152759
0.0009460126462648099
0.0009463321819103847
0.0009466360061381299
0.0009469244002496413
0.0009471976454344859
0.0009474560226454584
0.0009476998124763392
0.0009479292950425352
0.0009481447498644977
0.0009483464557542769
0.0009485346907050445
0.0009487097317837249
0.0009488718550269853
0.0009490213353402268
0.0009491584463999745
0.0009492834605594879
0.0009493966487576077
0.0009494982804309411
0.0009495886234292323
0.0009496679438761205
0.0009497365063991339
0.0009497945734012116
0.0009498424056796999
0.000949880261993745
0.0009499083990751934
0.0009499270715660424
0.0009499365319589821
0.0009499370305406902
0.0009499288153382889
0.0009499121320683716
0.0009498872240889954
0.0009498543323543731
0.0009498136953721761
0.0009497655491635335
0.0009497101272255235
0.0009496476604962221
0.0009495783773221715
0.0009495025034281886
0.0009494202618895637
0.0009493318731064169
0.0009492375547803957
0.0009491375218933656
0.0009490319866882279
0.0009489211586517711
0.0009488052444995242
0.000948684448162399
0.0009485589707751703
0.0009484290106668968
0.0009482947633529341
0.0009481564215286016
0.0009480141750645338
0.0009478682110035121
0.0009477187135588674
0.0009475658641142908
0.0009474098412250763
0.0009472508206206212
0.0009470889752083156
0.0009469244750785999
0.0009467574875112593
0.0009465881769828873
0.0009464167051753304
0.0009462432309853172
0.0009460679105350051
0.0009458908971835739
0.000945712341539639
0.000945532391474584
0.0009453511921367407
0.0009451688859663921
0.0009449856127114458
0.0009448015094438664
0.0009446167105768879
0.0009444313478826714
0.0009442455505107359
0.000944059445006954
0.0009438731553329588
0.0009436868028862273
0.0009435005065205551
0.0009433143825669879
0.0009431285448551637
0.0009429431047351211
0.0009427581710993749
0.0009425738504053896
0.000942390246698367
0.0009422074616342481
0.0009420255945031149
0.000941844742252771
0.0009416649995123802
0.0009414864586166394
0.0009413092096298265
0.0009411333403701585
0.0009409589364342182
0.0009407860812215978
0.0009406148559594911
0.0009404453397275647
0.0009402776094826523
0.0009401117400838115
0.0009399478043171094
0.0009397858729206594
0.0009396260146095347
0.0009394682961007635
0.0009393127821382042
0.0009391595355175711
0.000939008617111191
0.0009388600858929446
0.000938713998962921
0.000938570411572228
0.0009384293771475082
0.000938290947315524
0.0009381551719275943
0.0009380220990838513
0.0009378917751575433
0.0009377642448191194
0.0009376395510601307
0.0009375177352171235
0.0009373988369952966
0.0009372828944920752
