966.6984825245986
550.5398327551165
548.8750746373644
547.1324347816422
545.3171993410873
543.4346716369143
541.4901965308947
539.4890965840691
537.4365976756751
535.3377596610497
533.1974161179455
531.0201247226953
528.8101288803465
526.5713306298171
524.3072743582625
522.0211404704045
519.7157478732402
517.3935639547992
515.0567206505201
512.7070351897214
510.3460341812564
507.97497981408833
505.59489709806746
503.2066012370822
500.8107243980808
498.4077413052356
495.99799324146215
493.58171017519703
491.15903084632066
488.73002074093637
486.2946879609509
483.85299705276407
481.40488090182924
478.95025082877476
476.48900504049175
474.0210355983287
471.5462340672796
469.0644960065491
466.57572445466417
464.0798325525381
461.57674543656304
459.0664015217
456.5487532822173
454.02376762557185
451.491425943291
448.9517239117627
446.4046711056713
443.85029047753125
441.28861774834934
438.7197007468989
436.14359872835183
433.56038169709547
430.9701297533144
428.3729324784006
425.7688883702887
423.15810433645396
420.5406697686719
417.9167604119201
415.2864784931887
412.64996056880403
410.00735021734783
407.3587977166582
404.70445996355573
402.04450044147455
399.3790892295524
396.7084030470795
394.03262532706077
391.3519463127227
388.666563170436
385.9766801136519
383.28250853137683
380.5842671161395
377.8821543055458
375.1764549771125
372.4673867952906
369.755198764768
367.040147657783
364.3224980442926
361.60252229540106
358.88050054999917
356.15672066660846
353.43147811971625
350.7050758792188
347.97782424885565
345.2500406714652
342.52204950021917
339.79418173646724
337.06677473511814
334.34017187879334
331.6147222222164
328.8907801085758
326.16870475978146
323.44885984273446
320.7316130138893
318.01733544452145
315.30640132923
312.59918738028443
309.8960723105024
307.1974363073745
304.50366050118527
301.8151264298596
299.13221550327233
296.45530846967836
293.7847848869056
291.1210226008346
288.46439723362994
285.81528168405225
283.17404564208493
280.54105511994874
277.91667200144883
275.3012536114395
272.69515230701865
270.09871509190555
267.5122832552651
264.93619203606374
262.3707703138645
259.8163405541274
257.27321764532735
254.74171003441515
252.22211862100053
249.71473681427162
247.21985039096106
244.73773553355292
242.2686661328374
239.81290263883812
237.3706994173377
234.94230289712834
232.52795157877713
230.12787606927
227.74229913818644
225.37143579364326
223.01549337650135
220.67467167132114
218.34916482212864
216.03915430633091
213.74481984863698
211.4663324003626
209.2038561031258
206.95754846982754
204.7275605682397
202.5140372081023
200.3171171305132
198.13693319818037
195.97361258511017
193.82727696439713
191.69804269281892
189.58602099105963
187.49131811843606
185.41403554111812
183.35427009291644
181.31211412781914
179.2876556635414
177.2809785154794
175.29216242053815
173.32128315042326
171.36841261407397
169.43361894902736
167.51696660159254
165.6185163958107
163.73832559127337
161.87644792994575
160.03293367225066
158.20782962270732
156.40117914553983
154.6130221706933
152.8433951907883
151.09233124958544
149.3598599225835
147.64600729042007
145.9507959057728
144.27424475450198
142.6163692117825
140.97718099400453
139.35668810721972
137.75489479292608
136.17180147197567
134.60740469758983
133.0616970467674
131.53466716534274
130.0262996097994
128.53657484426094
127.06546917862539
125.61295472006576
124.17899932825598
122.7635665748805
121.36661570793176
119.98810162125945
118.6279748297935
117.28618145080728
115.96266319153727
114.65735734344226
113.37019678331103
112.10110998140583
110.85002101675838
109.6168495997105
108.40151110171892
107.20391659243376
106.02397288398626
104.86158258240681
103.71664414603904
966.6984825245986
550.5398327551165
548.8750746373644
547.1324347816422
545.3171993410873
543.4346716369143
541.4901965308947
539.4890965840691
537.4365976756751
535.3377596610497
533.1974161179455
531.0201247226953
528.8101288803465
526.5713306298171
524.3072743582625
522.0211404704045
519.7157478732402
517.3935639547992
515.0567206505201
512.7070351897214
510.3460341812564
507.97497981408833
505.59489709806746
503.2066012370822
500.8107243980808
498.4077413052356
495.99799324146215
493.58171017519703
491.15903084632066
488.73002074093637
486.2946879609509
483.85299705276407
481.40488090182924
478.95025082877476
476.48900504049175
474.0210355983287
471.5462340672796
469.0644960065491
466.57572445466417
464.0798325525381
461.57674543656304
459.0664015217
456.5487532822173
454.02376762557185
451.491425943291
448.9517239117627
446.4046711056713
443.85029047753125
441.28861774834934
438.7197007468989
436.14359872835183
433.56038169709547
430.9701297533144
428.3729324784006
425.7688883702887
423.15810433645396
420.5406697686719
417.9167604119201
415.2864784931887
412.64996056880403
410.00735021734783
407.3587977166582
404.70445996355573
402.04450044147455
399.3790892295524
396.7084030470795
394.03262532706077
391.3519463127227
388.666563170436
385.9766801136519
383.28250853137683
380.5842671161395
377.8821543055458
375.1764549771125
372.4673867952906
369.755198764768
367.040147657783
364.3224980442926
361.60252229540106
358.88050054999917
356.15672066660846
353.43147811971625
350.7050758792188
347.97782424885565
345.2500406714652
342.52204950021917
339.79418173646724
337.06677473511814
334.34017187879334
331.6147222222164
328.8907801085758
326.16870475978146
323.44885984273446
320.7316130138893
318.01733544452145
315.30640132923
312.59918738028443
309.8960723105024
307.1974363073745
304.50366050118527
301.8151264298596
299.13221550327233
296.45530846967836
293.7847848869056
291.1210226008346
288.46439723362994
285.81528168405225
283.17404564208493
280.54105511994874
277.91667200144883
275.3012536114395
272.69515230701865
270.09871509190555
267.5122832552651
264.93619203606374
262.3707703138645
259.8163405541274
257.27321764532735
254.74171003441515
252.22211862100053
249.71473681427162
247.21985039096106
244.73773553355292
242.2686661328374
239.81290263883812
237.3706994173377
234.94230289712834
232.52795157877713
230.12787606927
227.74229913818644
225.37143579364326
223.01549337650135
220.67467167132114
218.34916482212864
216.03915430633091
213.74481984863698
211.4663324003626
209.2038561031258
206.95754846982754
204.7275605682397
202.5140372081023
200.3171171305132
198.13693319818037
195.97361258511017
193.82727696439713
191.69804269281892
189.58602099105963
187.49131811843606
185.41403554111812
183.35427009291644
181.31211412781914
179.2876556635414
177.2809785154794
175.29216242053815
173.32128315042326
171.36841261407397
169.43361894902736
167.51696660159254
165.6185163958107
163.73832559127337
161.87644792994575
160.03293367225066
158.20782962270732
156.40117914553983
154.6130221706933
152.8433951907883
151.09233124958544
149.3598599225835
147.64600729042007
145.9507959057728
144.27424475450198
142.6163692117825
140.97718099400453
139.35668810721972
137.75489479292608
136.17180147197567
134.60740469758983
133.0616970467674
131.53466716534274
130.0262996097994
128.53657484426094
127.06546917862539
125.61295472006576
124.17899932825598
122.7635665748805
121.36661570793176
119.98810162125945
118.6279748297935
117.28618145080728
115.96266319153727
114.65735734344226
113.37019678331103
112.10110998140583
110.85002101675838
109.6168495997105
108.40151110171892
107.20391659243376
106.02397288398626
104.86158258240681
103.71664414603904
