5.066239472342238e-05
5.107419037879644e-05
5.1110095571571914e-05
5.1145712877437635e-05
5.118141410573898e-05
5.1217211988552764e-05
5.125310854245221e-05
5.128910440436205e-05
5.132519928750995e-05
5.1361392173028466e-05
5.139768167845387e-05
5.143406532820094e-05
5.147054097407604e-05
5.150710600149267e-05
5.154375763210534e-05
5.1580492988216504e-05
5.1617309146091787e-05
5.1654203179544916e-05
5.1691172195214844e-05
5.172821336068481e-05
5.176532392646941e-05
5.180250124276457e-05
5.1839742771754316e-05
5.187704609616754e-05
5.191440892469812e-05
5.195182909482494e-05
5.198930457349696e-05
5.202683345609105e-05
5.2064413963994284e-05
5.210204444110862e-05
5.213972334953814e-05
5.217744926467272e-05
5.221522086985345e-05
5.225303695076966e-05
5.229089638971383e-05
5.232879815979503e-05
5.2366741319193273e-05
5.240472500552119e-05
5.244274843034014e-05
5.248081087387068e-05
5.25189116799263e-05
5.2557050251085e-05
5.2595226044116605e-05
5.263343856566649e-05
5.2671687368202204e-05
5.270997204621519e-05
5.2748292232680516e-05
5.27866475957577e-05
5.28250378357325e-05
5.286346268218408e-05
5.2901921891367045e-05
5.2940415243801513e-05
5.2978942542052856e-05
5.3017503608693536e-05
5.305609828443588e-05
5.309472642642142e-05
5.3133387906658286e-05
5.317208261059501e-05
5.3210810435820436e-05
5.324957129088138e-05
5.3288365094206944e-05
5.332719177313306e-05
5.336605126301598e-05
5.340494350643178e-05
5.3443868452450676e-05
5.348282605598107e-05
5.3521816277177895e-05
5.356083908090847e-05
5.3599894436272395e-05
5.363898231616767e-05
5.367810269690115e-05
5.37172555578402e-05
5.37564408810972e-05
5.379565865124813e-05
5.383490885508085e-05
5.387419148136876e-05
5.391350652066868e-05
5.39528539651405e-05
5.399223380838554e-05
5.4031646045301963e-05
5.407109067195775e-05
5.411056768547503e-05
5.415007708392866e-05
5.418961886625542e-05
5.4229193032172934e-05
5.4268799582108955e-05
5.430843851713601e-05
5.434810983891587e-05
5.438781354964942e-05
5.4427549652031056e-05
5.4467318149210026e-05
5.4507119044754765e-05
5.4543890005769674e-05
5.4583377542425e-05
5.462302198736579e-05
5.466278628745065e-05
5.4702644411429714e-05
5.474257806260667e-05
5.478257437714892e-05
5.482262430960427e-05
5.486272149931551e-05
5.4902861473935065e-05
5.494304108951415e-05
5.4983258136763e-05
5.5023511064095636e-05
5.5063798782787085e-05
5.510412052987905e-05
5.514447577171031e-05
5.518486413602987e-05
5.522528536422036e-05
5.5265739277674587e-05
5.5306225754130154e-05
5.534674471101438e-05
5.538729609372117e-05
5.5427879867359774e-05
5.5468496010947184e-05
5.55091445133197e-05
5.5549825370256116e-05
5.5590538582451296e-05
5.563128415409046e-05
5.567206209184544e-05
5.5712872404167066e-05
5.575371510078779e-05
5.5794590192371254e-05
5.5835497690264695e-05
5.58764376063252e-05
5.591740995279646e-05
5.5958414742223355e-05
5.599945198738869e-05
5.6040521701271266e-05
5.608162389701533e-05
5.6122758587908014e-05
5.616392578736389e-05
5.6205125508913986e-05
5.6246357766197794e-05
5.6287622572957195e-05
5.6328919943031556e-05
5.6370249890356065e-05
5.6411612428957197e-05
5.6453007572952387e-05
5.6494435336547753e-05
5.653589573403642e-05
5.657738877979861e-05
5.661891448829954e-05
5.6660472874088685e-05
5.670206395179974e-05
5.6743687736149404e-05
5.678534424193631e-05
5.682703348404108e-05
5.6868755477425056e-05
5.691051023713023e-05
5.695229777827842e-05
5.699411811607006e-05
5.703597126578494e-05
5.707785724278008e-05
5.7119776062490556e-05
5.716172774042816e-05
5.72037122921811e-05
5.724572973341238e-05
5.728778007986185e-05
5.732986334734286e-05
5.7371979551743596e-05
5.741412870902558e-05
5.7456310835223724e-05
5.749852594644498e-05
5.754077405886926e-05
5.758305518874761e-05
5.7625369352402556e-05
5.7667716566226584e-05
5.771009684668356e-05
5.775251021030616e-05
5.779495667369637e-05
5.783743625352513e-05
5.787994896653212e-05
5.792249482952422e-05
5.796507385937622e-05
5.800768607302946e-05
5.8050331487492405e-05
5.8093010119839165e-05
5.813572198720995e-05
5.817846710681004e-05
5.822124549590934e-05
5.82640571718426e-05
5.830690215200853e-05
5.834978045386949e-05
5.839269209495084e-05
5.843563709284122e-05
5.8478615465191396e-05
5.8521627229714176e-05
5.8564672404184195e-05
5.860775100643755e-05
5.865086305437134e-05
5.869400856594254e-05
5.873718755916947e-05
5.878040005212911e-05
5.882364606295898e-05
5.8866925609854905e-05
5.8910238711072505e-05
5.8953585384924815e-05
5.899696564978353e-05
