-55.84201747355131
-41.407683800218585
-41.698025614454764
-41.97331302745275
-42.23264722365378
-42.47522853703836
-42.70038504972262
-42.90758322586153
-43.09643242571151
-43.26668561336951
-43.418236845235995
-43.55111588757387
-43.66548034037186
-43.76160570141005
-43.839873842181206
-43.90076037853966
-43.94482140506716
-43.972680027401076
-43.98501307643401
-43.98253832788637
-43.966002485471925
-43.93617012024441
-43.89381369635681
-43.83970475701805
-43.774606295593344
-43.69926629639203
-43.61441239787883
-43.52074760742591
-43.41894698054656
-43.30965516784185
-43.19348472856584
-43.07101510969893
-42.94279219269477
-42.80932831570973
-42.671102686360335
-42.52856210821477
-42.38212195279827
-42.232167317470015
-42.079054317814645
-41.92311147098735
-41.764641133612265
-41.603920964303015
-41.44120538661135
-41.276727033229776
-41.110698156601835
-40.94331199477826
-40.77474408445035
-40.605153515657605
-40.43468412476207
-40.263465623966944
-40.09161466699399
-39.91923585156433
-39.74642266011228
-39.573258340728785
-39.399816730734436
-39.22616302553823
-39.05235449558779
-38.87844125080503
-38.70446648936841
-38.530467577445954
-38.35647635484346
-38.18251960368524
-38.008619550571616
-37.83479429729163
-37.66105822050921
-37.487422342423784
-37.31389467430488
-37.140480534677835
-36.967182843811806
-36.79400239605865
-36.6209381114648
-36.44798726800561
-36.2751457156853
-36.10240840366461
-35.92976826556986
-35.7572182942105
-35.58475044533803
-35.41235608374066
-35.240026110695645
-35.067751080161685
-34.89552130444235
-34.7233269501293
-34.55115812476055
-34.379004955280074
-34.206857658477034
-34.034706604261274
-33.86254237223963
-33.690355802182125
-33.518138038517556
-33.345880570401995
-33.17357526600634
-33.00121440323827
-32.828790696206944
-32.656297318157236
-32.483727921165766
-32.31107665291678
-32.13833817085792
-31.96550765401012
-31.79258081269105
-31.619553896387593
-31.44642369999636
-31.27318756863378
-31.09984340119923
-30.926389652858617
-30.752825336602108
-30.57915002401235
-30.405363845368004
-30.231467489192955
-30.057462201350216
-29.8833497837657
-29.70913259285875
-29.534813537743485
-29.360396078256244
-29.185884222854728
-29.011282526425898
-28.836596088031072
-28.661830548609643
-28.486992088654077
-28.312087393950268
-28.137123784356092
-27.962109009044735
-27.787051383165668
-27.61195974930133
-27.43684347499732
-27.261712704447493
-27.086577286537135
-26.91144846888985
-26.736337680167665
-26.561256868159248
-26.38621848839361
-26.21123549906624
-26.03632135654809
-25.86149001061897
-25.686755899263176
-25.51213368519706
-25.337639328604734
-25.163288375892307
-24.989097164822773
-24.815082478665552
-24.641261544255414
-24.467652023287254
-24.294272001931695
-24.12113997947197
-23.948274856032494
-23.775695919382873
-23.60342283079194
-23.431475609910255
-23.259874618660763
-23.08864054412577
-22.917794380420197
-22.74735740954863
-22.57735118124834
-22.40779749182639
-22.238718362005077
-22.0701360137959
-21.90207284642855
-21.734551411367597
-21.567594386455667
-21.40122454922819
-21.235464749451005
-21.070337880937345
-20.90586685270755
-20.742074559558954
-20.578983852119787
-20.41661750646479
-20.254998193375336
-20.09414844733014
-19.934090635316668
-19.774846925556464
-19.61643925623894
-19.458889304361815
-19.302218454776117
-19.14644776953504
-18.991597957646057
-18.83768934532498
-18.684741846849406
-18.532774936107614
-18.381807618700023
-18.23185840633856
-18.08294528865489
-17.935121590793774
-17.788310589041618
-17.642607458976094
-17.498006762208988
-17.354523519973352
-17.212172114658404
-17.07096626275277
-16.93091899779473
-16.7920426560955
-16.654348864193796
-16.517848527906967
-16.38255182297026
-16.24846818726935
-16.115606314666625
-15.983974150415719
-15.853578888152784
-15.724426968445533
-15.596524078876772
-15.469875155631833
-15.344484386554633
