0.0973723596197429
0.09739355628253335
0.09741382503152095
0.09743327314280069
0.09745199844344833
0.09747008943757653
0.09748762583912358
0.09750467927643328
0.09752131405105026
0.0975375878877936
0.09755355264299295
0.09756925495484563
0.09758473682984961
0.09760003616509652
0.09761518720949058
0.09763022096866603
0.09764516555910771
0.09766004651712505
0.09767488706813254
0.09768970836130865
0.09770452967423753
0.09771936859164405
0.09773424116184802
0.09774916203410727
0.09776414457960211
0.09777920099843794
0.09779434241470797
0.09780957896176944
0.09782491985717377
0.09784037347267595
0.097855947396171
0.09787164848860723
0.09788748293619688
0.0979034562985578
0.09791957355331297
0.09793583913758568
0.09795225698674812
0.09796883057072053
0.0979855629280626
0.09800245669805309
0.0980195141509201
0.09803673721635124
0.09805412751039272
0.09807168636082454
0.09808941483108732
0.09810731374282261
0.09812538369708332
0.0981436250942625
0.09816203815278733
0.09818062292662072
0.0981993793216134
0.09821830711074772
0.09823740594831488
0.0982566753830683
0.09827611487039523
0.09829572378355043
0.09831550142399591
0.0983354470308909
0.09835555978977731
0.09837583884050459
0.09839628328443914
0.09841689219100234
0.09843766460357982
0.09845859954484561
0.09847969602154129
0.09850095302875093
0.09852236955371048
0.09854394457918798
0.09856567708647042
0.09858756605799061
0.09860961047962588
0.09863180934269838
0.09865416164570506
0.09867666639580366
0.09869932261007862
0.09872212931661006
0.09874508555536632
0.09876819037893944
0.09879144285314105
0.09881484205747468
0.09883838708549951
0.09886207704509856
0.0988859110586632
0.0989098882632053
0.09893400781040644
0.09895826886661274
0.0989826706127839
0.09900721224440213
0.09903189297134843
0.09905671201775057
0.0990816686218086
0.099106762035601
0.09913199152487608
0.09915735636883104
0.09918285585988233
0.0992084893034289
0.09923425601761085
0.09926015533306502
0.09928618659267938
0.09931234915134689
0.0993386423757204
0.09936506564396946
0.09939161834553933
0.09941829987992858
0.09944510966039911
0.09947204710781944
0.09949911165439775
0.09952630274246763
0.09955361982427134
0.09958106236174764
0.09960862982632432
0.09963632169871546
0.09966413746872357
0.09969207663504653
0.09972013870508926
0.09974832319477998
0.09977662962839114
0.09980505753836476
0.09983360646514246
0.09986227595699919
0.09989106556988198
0.09991997486725206
0.0999490034199314
0.0999781508059529
0.10000741661041457
0.10003680042533705
0.10006630184952522
0.10009592048843266
0.10012565595402986
0.10015550786467563
0.10018547584499159
0.10021555952573975
0.1002457585437031
0.10027607254156913
0.10030650116781613
0.1003370440766022
0.10036770092765682
0.10039847138617523
0.1004293551227151
0.10046035181309576
0.10049146113829961
0.10052268278437598
0.10055401644234724
0.10058546180811694
0.10061701858238008
0.10064868647053563
0.10068046518260064
0.10071235443312675
0.10074435394111816
0.10077646342995172
0.10080868262729871
0.10084101126504832
0.10087344907923287
0.10090599580995462
0.10093865120131418
0.10097141500134064
0.10100428696192303
0.1010372668387432
0.10107035439121043
0.10110354938239713
0.1011368515789762
0.10117026075115942
0.1012037766726374
0.10123739912052068
0.10127112787528209
0.10130496272070015
0.10133890344380402
0.10137294983481922
0.10140710168711466
0.1014413587971508
0.10147572096442867
0.10151018799144013
0.10154475968361905
0.10157943584929349
0.10161421629963888
0.10164910084863206
0.10168408931300639
0.1017191815122075
0.10175437726835028
0.10178967640617635
0.10182507875301272
0.10186058413873092
0.10189619239570713
0.10193190335878323
0.10196771686522828
0.10200363275470088
0.10203965086921239
0.10207577105309074
0.10211199315294492
0.10214831701763008
0.10218474249821366
0.10222126944794159
0.10225789772220577
0.10229462717851151
0.10233145767644615
0.10236838907764795
0.10240542124577556
0.10244255404647833
0.1024797873473668
0.10251712101798402
