153.17216
153.01690735376195
153.2666989782969
153.50926281865034
153.74519918574623
153.97472050288076
154.19797861039746
154.4151132114101
154.62625890571186
154.8315462526418
155.03110210392578
155.2250499497055
155.41351035126203
155.59660143510135
155.77443941248927
155.9471390925096
156.11481436398907
156.2775786287777
156.43554517560506
156.5888274890647
156.73753949247
156.88179572636102
157.02171146640842
157.15740278569572
157.28898656699866
157.41658047090345
157.54030286552205
157.66027272342458
157.77660949098816
157.88943294728637
157.99886298358896
158.10501949140934
158.20802211960645
158.307990080426
158.4050419370096
158.49929543694705
158.5908672446493
158.67987278233727
158.76642602492015
158.8506393126645
158.93262317300807
159.0124861527102
159.09033466126502
159.1662728263719
159.24040236201725
159.3128224495744
159.38362964103595
159.45291773097085
159.52077773117568
159.58729776881796
159.6525630337726
159.71665577240205
159.77965520745454
159.8416375557135
159.90267599762973
159.96284075631868
160.02219898566318
160.08081488918492
160.13874972663476
160.19606185493757
160.25280677660098
160.3090371949486
160.36480307555334
160.42015171321898
160.47512780392714
160.52977352112364
160.58412859574918
160.6382303994607
160.69211403045762
160.7458124013861
160.79935632879813
160.85277462364832
160.9060941823618
160.9593400779922
161.0125356510373
161.0657025994839
161.11886106767395
161.17202973362012
161.2252258943866
161.27846554919898
161.33176347993953
161.38513332870997
161.43858767214843
161.49213809219398
161.54579524299882
161.59956891368387
161.6534680860184
161.70750099118794
161.76167515113315
161.81599742940617
161.87049283424653
161.9251107086673
161.97991241479048
162.0348837114299
162.09002857339613
162.14535042943083
162.20085215280855
162.2464567168121
162.2356910306228
162.22511717236318
162.21473402958944
162.20454173605842
162.19453842123553
162.18472412342535
162.1750978531592
162.1656583448257
162.15640455015486
162.14733454772795
162.1384467701529
162.12973938492573
162.12121042727884
162.112857811965
162.1046793446438
162.09667273282938
162.0888355963925
162.08116547759244
162.07365985064118
162.06631613078733
162.0591316829247
162.05210382972598
162.04522985930342
162.03850703241127
162.03193258919146
162.02550375547764
162.01921774867273
162.0130717832027
162.00706307557607
162.00118884905623
161.99544633795642
161.98983279158657
161.98434547786292
161.97898168658978
161.9737387324408
161.96861395764998
161.96360473442815
161.9587084671228
161.95392259413754
161.94924458962126
161.94467196494648
161.940202269988
161.93583309421658
161.93156206761952
161.92738686146035
161.9233051888938
161.91931480543784
161.91541350932235
161.9115991417218
161.9078695868812
161.90422277213867
161.90065666786924
161.8971692873358
161.89375868647406
161.89042296360972
161.88716025910946
161.88396875498793
161.880846674456
161.87779228143663
161.8748038800321
161.87187981396764
161.8690184660004
161.86621825730393
161.8634776468343
161.8607951306764
161.85816924137316
161.8555985472468
161.85308165171085
161.85061719256933
161.8482038413179
161.84584030244073
161.84352531270332
161.84125764044796
161.8390360848942
161.83685947543722
161.83472667095475
161.83263655912046
161.83058805572006
161.8285801039809
161.82661167390245
161.82468176160322
161.82278938867282
161.82093360153465
161.8191134708207
161.81732809075615
161.81557657855436
161.81385807382435
161.81217173799027
161.81051675372112
161.80889232437337
161.80729767344462
161.80573204404186
161.80419469835473
161.80268491715344
161.80120199928024
161.7997452611724
161.79831403638093
161.79690767511113
161.79552554376968
161.79416702452173
161.7928315148657
161.79151842721035
