0.001467504634865623
0.0015836571952914413
0.0016998097557172594
0.0018159623161430778
0.0019321148765688958
0.0020482674369947146
0.002164419997420532
0.00228057255784635
0.0023967251182721687
0.0025128776786979864
0.002629030239123805
0.002745182799549623
0.0028613353599754414
0.0029774879204012596
0.0030936404808270777
0.003209793041252896
0.003325945601678714
0.0034420981621045323
0.0035582507225303504
0.003674403282956169
0.0037905558433819872
0.003906708403807805
0.004022860964233623
0.004139013524659441
0.0042551660850852595
0.0043713186455110785
0.004487471205936896
0.004603623766362715
0.004719776326788532
0.004835928887214351
0.0049520814476401685
0.005068234008065987
0.005184386568491806
0.005300539128917622
0.005416691689343441
0.005532844249769259
0.0056489968101950784
0.005765149370620895
0.005881301931046713
0.005997454491472532
0.00611360705189835
0.006229759612324169
0.0063459121727499875
0.0064620647331758065
0.006578217293601623
0.006694369854027441
0.00681052241445326
0.006926674974879078
0.007042827535304896
0.007158980095730715
0.007275132656156532
0.00739128521658235
0.007507437777008168
0.007623590337433987
0.007739742897859806
0.007855895458285625
0.007972048018711443
0.008088200579137261
0.008204353139563077
0.008320505699988896
0.008436658260414714
0.008552810820840532
0.00866896338126635
0.008785115941692168
0.008901268502117986
0.009017421062543805
0.009133573622969623
0.009249726183395441
0.00936587874382126
0.009482031304247077
0.009598183864672897
0.009714336425098714
0.009830488985524532
0.00994664154595035
0.010062794106376166
0.010178946666801988
0.010295099227227805
0.010411251787653623
0.010527404348079441
0.010643556908505259
0.010759709468931079
0.010875862029356897
0.010992014589782714
0.011108167150208532
0.011224319710634352
0.01134047227106017
0.011456624831485988
0.011572777391911806
0.011688929952337623
0.011805082512763443
0.01192123507318926
0.012037387633615079
0.012153540194040895
0.012269692754466714
0.012385845314892533
0.012501997875318352
0.012618150435744166
0.012734302996169986
0.012850455556595806
0.012966608117021624
0.01308276067744744
0.013198913237873259
0.013315065798299077
0.013431218358724897
0.013547370919150713
0.013663523479576532
0.013779676040002352
0.013895828600428168
0.014011981160853988
0.014128133721279806
0.014244286281705624
0.01436043884213144
0.01447659140255726
0.014592743962983079
0.014708896523408899
0.014825049083834713
0.014941201644260532
0.015057354204686351
0.015173506765112173
0.015289659325537988
0.015405811885963806
0.015521964446389626
0.01563811700681544
0.015754269567241262
0.01587042212766708
0.0159865746880929
0.016102727248518713
0.016218879808944535
0.016335032369370353
0.016451184929796175
0.016567337490221986
0.016683490050647808
0.016799642611073622
0.016915795171499444
0.017031947731925262
0.01714810029235108
0.0172642528527769
0.017380405413202713
0.017496557973628535
0.017612710534054356
0.01772886309448017
0.01784501565490599
0.017961168215331804
0.018077320775757626
0.018193473336183444
0.018309625896609262
0.01842577845703508
0.0185419310174609
0.018658083577886713
0.018774236138312538
0.018890388698738353
0.01900654125916417
0.01912269381958999
0.019238846380015804
0.019354998940441626
0.01947115150086744
0.019587304061293262
0.01970345662171908
0.0198196091821449
0.019935761742570716
0.020051914302996535
0.020168066863422353
0.020284219423848174
0.020400371984273986
0.020516524544699807
0.020632677105125622
0.020748829665551444
0.020864982225977262
0.02098113478640308
0.021097287346828898
0.021213439907254716
0.021329592467680535
0.021445745028106356
0.02156189758853217
0.021678050148957993
0.021794202709383804
