3.9176391571200004
4.567701900666794
4.576787230511127
4.585813564147063
4.594770061056118
4.603658765929218
4.612483047920523
4.621246301895333
4.629951806878137
4.638602713807264
4.64720204769435
4.655752711351301
4.664257489247904
4.6727190513359105
4.681139956817948
4.689522657856335
4.697869503218966
4.706182741860641
4.714464526438396
4.7227169167601035
4.730941883166081
4.7391413098436415
4.747316998075179
4.755470669420445
4.763603968834122
4.771718467719925
4.779815666922939
4.787896999661721
4.795963834402158
4.804017477675202
4.812059176840462
4.820090122798195
4.8281114526516715
4.836124252322732
4.8441295591226226
4.852128364280899
4.860121615434509
4.868110219079967
4.87609504299066
4.884076918602021
4.892056643366618
4.900034983081805
4.908012674191851
4.915990426066904
4.923968923260602
4.9319488277484345
4.939930781148614
4.9479154069268825
4.955903312587141
4.963895091848822
4.971891326812485
4.97989259011438
4.9878994470709195
4.995912457813485
5.003932179414036
5.011959168001482
5.019993980868821
5.028037178570599
5.036089327009982
5.044150999514675
5.052222778900169
5.060305259519246
5.068399049295461
5.076504771738879
5.084623067941332
5.0927545985486775
5.100900045706686
5.1090601149774235
5.1172355372223315
5.125427070447555
5.133635501607536
5.141861648361947
5.150106360780667
5.158370522991738
5.1666550547662
5.1749609130339165
5.183289093324161
5.191640631123929
5.200016603147481
5.208418128509692
5.216846369795861
5.225302534020383
5.233787873466571
5.242303686399447
5.250851317643705
5.259432159018488
5.268047649620872
5.276699275949791
5.285388571862142
5.294117118353006
5.3028865431519945
5.311698520127804
5.320554768493231
5.329457051803642
5.3384071767412875
5.347406991679389
5.356458385019206
5.365563283294797
5.374723649039862
5.383941478412428
5.393218798573204
5.402557664814605
5.411960157437916
5.421428378377138
5.430964447568943
5.440570499069012
5.450248676916209
5.460001130747152
5.4698300111647065
5.479737464865343
5.489725629531529
5.499796628496457
5.509952565190029
5.520195517376141
5.530527531193066
5.540950615009671
5.55146673311262
5.5620777992400825
5.572785669979833
5.583592138050868
5.594499126054137
5.605507877589056
5.616620152792116
5.627837420147387
5.639161049706794
5.650592306159875
5.662132341961601
5.6737821905494386
5.685542759680815
5.697414824923695
5.709399023333179
5.721495847348038
5.733705638941347
5.746028584059893
5.758464707386795
5.967625765693087
6.0417808155390285
6.114698934237688
6.186718527761866
6.258111207421565
6.32909879129676
6.399863575146573
6.470555922821041
6.541300106855677
6.612198872253418
6.683337043338945
6.75478440361787
6.826598017214168
6.898824117098031
6.971499654171006
7.044653578611537
7.118307908200971
7.192478625929663
7.267176439844588
7.342407431008439
7.41817361000697
7.494473398243576
7.571302046989024
7.648652004588826
7.726513240200509
7.804873530820019
7.8837187170602085
7.963032932101171
8.042798807383605
8.122997657918313
8.203609649511629
8.284613949720478
8.365988863940178
8.447711957666934
8.527534488751819
8.606928276141872
8.686410699977298
8.765954609307387
8.84553346991808
8.925119485578216
9.004684650879634
9.08420048354314
9.163637953020102
9.242967377038406
9.322158273742318
9.401179159193905
9.479997276653974
9.558578239517786
9.636885563508597
9.714880055013031
9.79251901013014
9.869755161435759
9.946535284012887
10.022798334857944
10.098472943790902
10.173473988695253
10.247697855271547
10.321015770446545
10.393264253998426
10.464231153712674
10.533634722371541
10.601091374907485
10.666064321259464
10.727778393377607
10.785071707325654
