0.004935528054475733
0.004955261075963845
0.004976822431608225
0.005000126288254893
0.005025059107244452
0.005051501170565122
0.0050793350424364996
0.005108448595034406
0.005138735818250803
0.005170096764147813
0.0052024371863056695
0.005235668101188448
0.005269705359264601
0.005304469256061142
0.005339884190165381
0.005375878366355457
0.005412383539084904
0.005449334790922234
0.005486670340794703
0.005524331377410846
0.00556226191381049
0.005600408659531472
0.005638720907365591
0.00567715043210184
0.005715651399029968
0.0057541802803009945
0.005792695777533495
0.005831158746987008
0.005869532140047354
0.005907780923503151
0.005945872024809499
0.005983774267405356
0.006021458309289853
0.006058896582242858
0.006096063231441836
0.00613293405531784
0.006169486445568566
0.006205699327303873
0.006241553099356098
0.006277029574821437
0.006312111921934583
0.006346784605398832
0.006381033328310661
0.006414844974824974
0.006448207553713977
0.006481110142966349
0.006513542835572406
0.006545496686630453
0.006576963661898961
0.006607936587904005
0.006638409103701188
0.006668375614371631
0.006697831246318457
0.006726771804413384
0.0067551937310277475
0.006783094066967771
0.006810470414318292
0.0068373209011867156
0.006863644148328704
0.006889439237622423
0.006914705682350077
0.00693944339923981
0.006963652682207796
0.006987334177739963
0.0070104888618458625
0.007033118018510751
0.007055223219576285
0.007076806305969515
0.007097869370207799
0.007118414740099954
0.007138444963571213
0.007157962794534378
0.007176971179737882
0.007195473246518186
0.007213472291390288
0.007230971769412345
0.00724797528426119
0.0072644865789637525
0.007280509527226872
0.007296048125316181
0.007311106484436697
0.007325688823570073
0.0073397994627282985
0.007353442816586219
0.007366623388459027
0.007379345764593226
0.007391614608741536
0.00740343465699913
0.0074148107128735406
0.007425747642571975
0.007436250370484105
0.007446323874846016
0.007455973183568573
0.007465203370219422
0.007474019550145409
0.0074824268767256195
0.007490430537748122
0.007498035751899587
0.0075052477653640886
0.007512071848523676
0.007518513292755992
0.007524577407325523
0.00753026951636349
0.00753559495574372
0.0075405590714634945
0.0075451672138258895
0.007549424738422851
0.007553337001352852
0.007556909357191201
0.007560147156528707
0.007563055743584655
0.007565640453891276
0.007567906612051692
0.0075698595295669024
0.007571504502734169
0.0075728468106145445
0.007573891713068708
0.007574644448860962
0.0075751102338303105
0.007575294259128183
0.007575201689521919
0.007574837661762537
0.007574207283017759
0.007573315629366997
0.0075721677443604364
0.007570768637638237
0.007569123283611159
0.007567236620200817
0.007565113547639405
0.007562758927326213
0.0075601775807411335
0.007557374288415131
0.007554353788954519
0.007551120778118943
0.007547679907952429
0.007544035785965376
0.007540192974367779
0.007536155989351151
0.007531929300419016
0.0075275173297638855
0.007522924451690823
0.007518154992085075
0.007513213227923869
0.007508103386830667
0.007502829646669972
0.0074973961351832786
0.007491806929663333
0.007486066056666981
0.007480177491764129
0.007474145159322456
0.007467972932327053
0.007461664632233442
0.007455224028852549
0.007448654840267183
0.0074419607327794
0.007435145320885779
0.007428212167281879
0.007421164782893893
0.007414006626935359
0.0074067411069904205
0.007399371579120407
0.007391901347994046
0.0073843336670395155
0.007376671738618934
0.007368918714222217
0.007361077694681253
0.007353151730402932
0.007345143821619331
0.007337056918656395
0.007328893922218085
0.007320657683685271
0.007312351005431684
0.007303976641151801
0.00729553729620301
0.007287035627960287
0.007278474246182975
0.007269855713392215
0.007261182545260188
0.0072524572110074575
0.0072436821338122724
0.007234859691226088
0.007225992215599093
0.007217081994512491
0.007208131271218287
0.007199142245085147
0.0071901170720514804
0.007181057865082477
0.007171966694633968
0.007162845589119196
0.00715369653538167
0.007144521479169903
0.007135322325616906
0.007126100939722239
0.007116859146835933
0.007107598733145977
0.007098321446166809
0.007089028995228891
0.007079723051970524
0.0070704052508295335
0.0070610771895362676
