56.51952075758541
54.999427225343865
53.53249542580939
52.1176960391237
50.75400738081354
49.44040458993959
48.175860167075776
46.959345730209265
45.78983358070873
44.6662979279033
43.58771581014333
42.55306778272131
41.561338447559194
40.61151689519476
39.70259712040951
38.833578460861936
38.00346609499697
37.21127162258633
36.45601373944974
35.73671900780507
35.052422715556716
34.40216981171152
33.785015900884375
33.200028277312825
32.64628697767726
32.12288583205368
31.628933493241124
31.163554426279905
30.725889841984497
30.31509856150684
29.930357796034347
29.570863841703144
29.235832674107726
28.92450044214984
28.636123858373097
28.36998048809332
28.125368932013153
27.901608912329895
27.69804126264859
27.51402782755331
27.348951277703645
27.202214846932886
27.073241998257977
26.961476025980613
26.866379601192033
26.787434268308697
26.724139898299583
26.676014108805006
26.64259165474636
26.62342379747245
26.618077658071954
26.626135561564446
26.647194375161433
26.680864847649755
26.726770946929516
26.784549231915772
26.853848197163263
26.934327659833556
27.025658157825504
27.127520368316606
27.23960454866566
27.361610001266925
27.49324456360723
27.634224124459955
27.784272166853196
27.943119338177368
28.110503047546135
28.28616709029634
28.4698612993072
28.661341222634363
28.860367826792753
29.066707224879924
29.280130428610686
29.500413123231752
29.72733546420191
29.96068189445718
30.2002409810319
30.44580526977262
30.69717115686266
30.954138775869502
31.216511899033044
31.484097851530006
31.756707437476326
32.034154876464626
32.31625774947617
32.60283695305531
32.89371666068872
33.18872429038598
33.48769047752736
33.79044906995705
34.09683703906971
34.406694565388136
34.71986495812284
35.03619465856442
35.355533228317206
35.677733337989835
36.00265075589821
36.330144336391626
36.66007600746576
36.98802187268982
37.31278042139837
37.63437530960582
37.95283039445643
38.268169721198895
38.580417507249074
38.88959812769942
39.19573610053802
39.49885607153134
39.7989828013312
40.0961411496857
40.39035606218821
40.68165255660264
40.97005570957737
41.25559064369953
41.53828251490644
41.81815650026709
42.0952377861446
42.36955155674759
42.64112298307632
42.90997721226771
43.17613935734105
43.43963448734468
43.70048761790301
43.958723702160796
44.21436762212174
44.467444180376255
44.717978092213166
44.96599397810893
45.21151635658732
45.454569637442006
45.69517811531394
45.933365963614875
46.169157228788464
46.40257582489941
46.63364552854163
46.862389974055795
47.08883264904667
47.312996890190604
47.53490587932347
47.754582639799445
47.97205003311102
48.18733075576069
48.40044733637498
48.61142213305145
48.820277330929585
49.02703493997676
49.23171679298008
49.4343445437361
49.634939665429485
49.83352344919269
50.03011700283869
50.22474124975902
50.417416927979424
50.608164589366076
50.79700459897504
50.9839571345384
51.169042186080056
51.3522795556552
51.533688857207
51.71328951653461
51.89110077136687
52.06714167153596
52.24143107924579
52.41398766943012
52.58482993019513
52.75397616334222
52.921444484966
53.08725282612333
53.251418933569404
53.413960370556495
53.57489451769176
53.73423857385051
53.892009557141115
54.04822430591844
54.202899479842614
54.35605156097978
54.507696854942246
54.65785149206484
54.806531428615244
54.9537524480353
55.099530162211224
55.243880012770056
55.38681727240051
55.528357046195815
55.66851427301662
55.807303726872135
55.94474001831767
56.08083759586666
56.215610747415845
56.3490736016818
56.481240129647375
56.61212414601677
56.74173931067781
56.87009913017003
56.997216959157676
57.12310600190625
57.24777931376152
57.371249802630196
57.493530230461054
57.614633214725764
