6.329710793636355
6.006593807869658
6.013962654625537
6.021352798394191
6.028604354064552
6.035655398326855
6.042486559799975
6.049096823935532
6.055492943737923
6.0616847735055135
6.067683194005834
6.073499183121479
6.079143401346474
6.0846260136959955
6.089956623111506
6.095144257811992
6.1001973850027005
6.105123937295147
6.109931344672464
6.114626568147464
6.119216132980378
6.123706160296994
6.128102396533964
6.132410240471437
6.136634767680543
6.1407807527057665
6.144852688909324
6.148854852701858
6.152791132786164
6.15666532696292
6.160480965348857
6.164241370135143
6.167949666428801
6.171608792185122
6.175221507521246
6.178790403405589
6.182317909771426
6.185806303363535
6.1892577150749375
6.192674137144074
6.196057430007906
6.199409328981315
6.202731450715589
6.2060252995306175
6.209292273474986
6.212533670341128
6.215750693439014
6.21894445720547
6.222115992628725
6.225266252572839
6.2283961167999955
6.231506396891272
6.234597840928266
6.237671137988623
6.240726922431021
6.243765777951129
6.24678824146983
6.249794806812207
6.252785928103939
6.255762023035199
6.258723475942203
6.26167064056975
6.2646038427870065
6.267523383021705
6.270429538514288
6.273322565497606
6.276202701039576
6.2790701649212135
6.281925161199415
6.2847678797643525
6.287598497635275
6.290417180272935
6.2932240826370105
6.296019350250513
6.2988031201083
6.301575521478793
6.304336676699003
6.307086701774174
6.309825707030658
6.312553797632342
6.315271074034273
6.317977632424333
6.320673565092021
6.3233589607644385
6.3260339048885195
6.328698479884687
6.331352765414998
6.333996838507433
6.3366307738239
6.339254643739007
6.341868518522167
6.344472466426978
6.347066553832005
6.349650845293153
6.3522254036506745
6.3547902901165925
6.357345564283092
6.359891284245164
6.362427506605946
6.364954286537425
6.367471677831773
6.369979732913378
6.37247850289826
6.374968003537047
6.377448385602562
6.379919594252726
6.382381709681636
6.384834776826023
6.387278839485068
6.389713940328263
6.392140120892653
6.394557421653439
6.396965881975525
6.399365540208073
6.401756433655008
6.404138598604766
6.406512070364687
6.408876883265723
6.411233070691469
6.413580665087611
6.41591969798108
6.418250200018601
6.420572200951387
6.422885729698168
6.4251908143099365
6.427487482037894
6.429775759332262
6.432055671861011
6.43432724450878
6.436590501434308
6.438845466078907
6.441092161150583
6.443330608671365
6.445560830000017
6.447782845830493
6.449996676233859
6.452202340646747
6.45439985790812
6.456589246266972
6.458770523413706
6.460943706477978
6.463108812064475
6.465265856255361
6.467414854621735
6.4695558222686556
6.4716887738176885
6.473813723446648
6.475930684881407
6.478039671435346
6.48014069601971
6.482233771149151
6.484318908952082
6.486396121208857
6.488465419352139
6.490526814462222
6.492580317323612
6.494625938405837
6.496663687872407
6.498693575636518
6.500715611322668
6.502729804312433
6.5047361637432095
6.5067346985395424
6.508725417388018
6.510708328791402
6.512683441057458
6.514650762305644
6.516610300511558
6.518562063466645
6.520506058822192
6.522442294127832
6.524370776763216
6.526291514022757
6.52820451309342
6.530109781069192
6.532007324951676
6.533897151687524
6.535779268131335
6.537653681124299
6.539520397410698
6.541379423738889
6.543230766805428
6.545074433295434
6.546910429877086
6.548738763227721
6.5505594400004075
6.552372466890971
6.5541778505812305
6.555975597810106
6.557765715316609
6.559548209905902
6.561323088414746
6.563090357727059
6.5648500248071935
6.566602096656117
6.568346580348768
6.570083483053499
6.571812812000954
6.573534574521262
6.575248778026208
