10.563974871670403
10.584491786171784
10.605365214499647
10.626573659994566
10.64809720917016
10.669917213632145
10.692016146428106
10.714377523435138
10.736985846434234
10.759826552049729
10.782885961683075
10.806151231632844
10.829610303878319
10.853251858233307
10.877065266452176
10.901040548665996
10.925168332339519
10.949439813796289
10.973846722259566
10.998381286293332
11.02303620249136
11.047804606245496
11.072680044420645
11.0976564497689
11.122728116925646
11.147889679843704
11.173136090536289
11.198462599166685
11.223864734589514
11.249338286911271
11.274879290291347
11.300484006778674
11.326148910974924
11.351870675470144
11.377646157012578
11.403472383380116
11.429346540925476
11.455265962770861
11.481228117630641
11.507230599242565
11.533271116389537
11.559347483494777
11.585457611773766
11.61159950092636
11.637771231352593
11.663970956875184
11.690196897951566
11.716447335357731
11.742720604325832
11.769015089116902
11.795329218009984
11.821661458688311
11.848010314003341
11.874374318097077
11.90075203286328
11.927142044728186
11.95354296173165
11.979953410889802
12.006372035820876
12.032797494616172
12.05922845793878
12.085663607333228
12.11210163372994
12.138541236128988
12.164981120448505
12.191419998523697
12.217856587243297
12.244289607811048
12.270717785120482
12.297139847232142
12.323554524943113
12.349960551439338
12.376356662022099
12.402741593900542
12.4291140860429
12.455472879079615
12.481816715252164
12.508144338401976
12.534454493994318
12.560745929172487
12.587017392838208
12.613267635754399
12.639495410667033
12.66569947244297
12.691878578221187
12.718031487574999
12.744156962683103
12.770253768507725
12.79632067297806
12.822356447177759
12.848359865535073
12.874329706014693
12.900264750310232
12.926163784036644
12.952025596921862
12.977848982997012
13.003632740784816
13.029375673485665
13.055076589161057
13.080734300914152
13.10634762706711
13.131915391335149
13.157436422997044
13.182909557072307
13.208333634442063
13.233707502074871
13.259030013135257
13.284300027148927
13.309516410150302
13.3346780348267
13.359783780658713
13.384832534056768
13.409823188493936
13.434754644634996
13.459625810461812
13.484435601395043
13.509182940412243
13.533866758162382
13.55848599307686
13.583039591477014
13.607526507678218
13.631945704090564
13.656296151316235
13.680576828243556
13.704786722137797
13.728924828728779
13.752990152295293
13.776981705746415
13.800898510699739
13.824739597556555
13.84850400557404
13.872190782934476
13.895798986811567
13.919327683433846
13.942775948145245
13.966142865462846
13.989427529131865
14.012629042177887
14.035746516956396
14.058779075199645
14.081725848060838
14.104585976155757
14.127358609601805
14.150042908054466
14.172638040741303
14.195143186493436
14.217557533774595
14.239880280707764
14.262110635099383
14.284247814461256
14.306291046030092
14.328239566784752
14.350092623461254
14.371849472565495
14.393509380383804
14.415071622991288
14.43653548625804
14.457900265853237
14.479165267247117
14.500329805710903
14.521393206314718
14.542354803923464
14.563213943190743
14.583969978550826
14.60462227420869
14.625170204128198
14.645613152018404
14.665950511318007
14.68618168517805
14.7063060864428
14.726323137628913
14.74623227090289
14.766032928056823
14.785724560482508
14.805306629143915
14.824778604548086
14.844139966714451
14.863390205142593
14.882528818778516
14.901555315979474
14.920469214477258
14.939270041340157
14.957957332933471
14.976530634878683
14.994989502011281
15.01333349833732
15.03156219698865
15.049675180176962
15.067672039146546
15.085552374125955
15.10331579427843
15.120961917651222
15.138490371123874
15.155900790355316
15.17319281973003
15.19036611230317
15.207420329744657
15.224355142282395
15.24117022864448
15.257865276000588
