10.992884712161432
11.642397531740036
11.640733051030061
11.640486412956236
11.640755706309106
11.641013299450595
11.640948075846058
11.640377686417706
11.639196212349717
11.637342969709815
11.634783929332302
11.631500653209464
11.627483704823172
11.622728720149931
11.617234059492212
11.610999397291375
11.604024867238078
11.596310534781432
11.587856061174572
11.57866047787645
11.568722022581596
11.55803800736652
11.546604700770525
11.53441721225432
11.521469371280928
11.507753595369847
11.493260742530206
11.47797994388373
11.461898412252577
11.445001222131927
11.427271055869065
11.40868791001648
11.389228754751528
11.36886713789435
11.347572723392199
11.32531075209862
11.302041410190277
11.277719087538024
11.25229150467456
11.225698682552594
11.197871723926692
11.168731368784897
11.138186278682314
11.10613099604279
11.072443514591985
11.036982386455458
10.999583281038555
10.960054902567505
10.918174170667577
10.873680578639183
10.826269678647298
10.775585722977683
10.721213184827453
10.662670286633597
10.599399276191901
10.530763369220661
10.456048002959061
10.374474325010869
10.285233603897563
10.187555846091842
10.080829932566882
9.964793050271084
9.839796961538772
9.70712691778233
9.56928814476319
9.43009978439149
9.294407931839869
9.167337671113945
9.053263019552936
8.95491428580318
8.873018769623393
8.806561049029323
8.753416199157225
8.711032253957443
8.67692293816857
8.64893821684793
8.62535315420528
8.604851064221544
8.586460239205504
8.569479954918403
8.553412908325823
8.53791008624994
8.522728498944657
8.507699981895696
8.492708718876104
8.477675301921643
8.462545546028572
8.447282694462004
8.431862012829514
8.416267051427898
8.400487066396778
8.38451524277808
8.368350876932878
8.351985524102009
8.335420805052886
8.318656723647425
8.301690513142965
8.28452925621516
8.267171687875244
8.24961919322783
8.231873636173479
8.213936150318407
8.195808664730665
8.177492989282545
8.158990965196487
8.140304455484431
8.121435338150274
8.10238550129246
8.083156839539113
8.063751251418351
8.044170637386962
8.02441689832405
8.004491934355414
7.984397643915024
7.964135922978255
7.9437086644218065
7.9231177574784795
7.9023650872645
7.881452534364195
7.860381974460758
7.839155278005529
7.817774309920001
7.796240929325335
7.774556989300761
7.752724336660829
7.730744811757401
7.7086202483005355
7.686352473198043
7.663943306413179
7.6413945608392195
7.61870804219016
7.595885548905082
7.5729288720710715
7.549839795355856
7.5266200949560345
7.503271539557418
7.479795890307528
7.456194900799523
7.4324703170671444
7.408623877590033
7.384657313308727
7.3605723476491836
7.336370696555947
7.312054068533533
7.287624164695709
7.263082678821966
7.238431297420811
7.213671699799359
7.188805558138826
7.163834537575453
7.138760296286379
7.113584485580104
7.088308749991031
7.062934727377862
7.037464049025203
7.0118983397483055
6.986239218000138
6.960488295980941
6.934647179749493
6.908717469335931
6.882700758855806
6.8565986366250185
6.830412685275297
6.804144481869804
6.777795598019101
6.751367599996293
6.724862048852103
6.698280500528622
6.671624505972442
6.644895611246114
6.618095357638187
6.591225281771482
6.564286915709308
6.537281787059563
6.510210670601999
6.483076573249953
