-16.62044041305553
-37.5084090722822
-37.51323037690867
-37.52072230813553
-37.53056526475906
-37.54247924511514
-37.55621873827969
-37.57156763384189
-37.58833486137003
-37.60635077423183
-37.62546416055993
-37.645539762614874
-37.666456207786595
-37.68810427495862
-37.710385435635764
-37.73321062099664
-37.75649917510444
-37.78017796175953
-37.804180598341674
-37.828446794802126
-37.85292177991349
-37.87755580012466
-37.90230367902313
-37.9271244275758
-37.951980897081356
-37.97683946824414
-38.00166977092347
-38.02644454992137
-38.05113895270054
-38.075731041073155
-38.10020111219848
-38.12453164008157
-38.148707108880316
-38.17271385804889
-38.19653993814991
-38.22017497633938
-38.243610050695004
-38.266837572707686
-38.289851177319214
-38.312645620022906
-38.33521668056748
-38.3575610728894
-38.37967636092485
-38.40156087999869
-38.42321366349605
-38.444634374572
-38.465823242638066
-38.486781004399184
-38.50750884921546
-38.52800836858016
-38.54828150948907
-38.56833053151249
-38.58815796735981
-38.60776658674565
-38.627159363364775
-38.64633944478783
-38.665310125099964
-38.68407482010288
-38.70263704490146
-38.721000393721006
-38.739168521789594
-38.75714512912129
-38.77493394607275
-38.79253872051374
-38.809963206485605
-38.82721115422719
-38.84428630142924
-38.86119236563113
-38.87793303762822
-38.89451197581307
-38.91093280133979
-38.927199094045875
-38.9433143890325
-38.95928217384956
-38.975105886206
-38.99078891214808
-39.00633458465647
-39.021746182597674
-39.03702693000136
-39.052179995608306
-39.06720849265656
-39.0821154788758
-39.09690395665521
-39.111576873360946
-39.126137121777525
-39.14058754065435
-39.15493091534091
-39.16916997848401
-39.18330741079204
-39.197345841831336
-39.211287850863364
-39.225135967700524
-39.23889267358192
-39.25256040205322
-39.26614153985379
-39.279638427802304
-39.29305336167129
-39.30638859306189
-39.31964633025897
-39.33282873907719
-39.34593794369111
-39.35897602744628
-39.371945033656324
-39.38484689351996
-39.39768379120186
-39.41045743586141
-39.42316979115947
-39.43582271151979
-39.44841801571144
-39.46095748751138
-39.47344287634807
-39.48587589793163
-39.49825823485937
-39.51059153721302
-39.52287742313199
-39.53511747937416
-39.54731326186179
-39.559466296210395
-39.5715780782448
-39.58365007450023
-39.595683722710625
-39.60768043228503
-39.61964158476859
-39.63156853429628
-39.64346260802921
-39.65532510658622
-39.66715730446072
-39.6789604504285
-39.69073576794456
-39.70248445553442
-39.714207687172845
-39.72590661265313
-39.73758235795129
-39.749236025581226
-39.7608686949404
-39.77248142265105
-39.78407524289067
-39.79565116771915
-39.80721018739705
-39.818753270699226
-39.83028136522054
-39.84179539767754
-39.853296274202904
-39.86478488063497
-39.87626208280387
-39.88772872680892
-39.89918563929489
-39.9106336277203
-39.922073480624434
-39.93350596788797
-39.944931840989426
-39.95635183325776
-39.96776666012253
-39.97917701935828
-39.990583591325006
-40.00198703920854
-40.01338800925319
-40.02478713099291
-40.036185017481685
-40.047582265515615
-40.05897945585702
-40.070377153452434
-40.08177590765048
-40.09317625241307
-40.10457870652895
-40.11598377382087
-40.127391943351256
-40.13880368962774
-40.150219472801446
-40.16163973886799
-40.17306491986571
-40.18449543406594
-40.19593168616975
-40.20737406749673
-40.21882295617366
-40.23027871732081
-40.24174170323806
-40.25321225358548
-40.264690695567886
-40.27617734410956
-40.287672502036564
-40.299176460249505
-40.31068949789931
-40.32221188255936
-40.33374387039751
-40.34528570634357
-40.35683762426032
-40.36839984710685
-40.37997258710695
-40.391556045909326
-40.40315041475298
-40.41475587462586
-40.42637259642475
-40.43800074111468
-40.449640459883156
-40.46129189429716
-40.472955176457816
-40.48463042915144
-40.496317766002484
-40.508017291622764
