0.02367361124403924
0.025416319090060764
0.025118985649277982
0.02497048858184975
0.024963971254118294
0.02504348679402379
0.02517572539271525
0.025342093162230538
0.025532266475776343
0.025740401092547754
0.025963018003888134
0.02619792294767481
0.02644363807752206
0.026699100100202267
0.026963495213064455
0.027236165361786694
0.02751655262770083
0.02780416467690536
0.028098552295230936
0.02839929419944523
0.028705986059083363
0.029018233187394358
0.029335644229644027
0.029657826989541704
0.029984384993065955
