424.41787261425924
425.6763512748123
427.0124754299236
428.3483311216561
429.68394182444575
431.0193126081737
432.35444929758444
433.68935879293116
435.0240488999982
436.3585281522946
437.69280561415167
439.0268908345801
440.3607935332236
441.6945235861633
443.028090882862
444.36150522775716
445.69477625683123
447.0279133683951
448.36092566708595
449.6938219199319
451.0266105232599
452.35929947919186
453.69189638050426
455.0244084026649
456.3568423019468
457.68920441859524
459.0215006841297
460.35373663195344
461.6859174105453
463.0180477985999
464.35013222157363
465.682174769171
467.014179213381
468.3461490267439
469.6780874005813
471.0099972629747
472.3418812963275
473.6737419543789
475.00558147856987
476.3374019136942
477.6692051227841
479.00099280120696
480.3327664899534
481.6645275881244
482.99627736462145
484.3280169690614
485.6597474419362
486.991469724051
488.32318466526584
489.65489303257874
490.98659551758664
492.3182927433521
493.64998527072123
494.9816736041195
496.313358196866
497.6450394560329
498.97671774689036
500.3083933969588
501.64006669970416
502.9717379179009
504.30340728668807
505.63507501634626
506.96674129481505
508.29840628997255
509.6300701517005
510.9617330137499
512.2933949954255
513.6250562031051
514.9567167316098
516.2883766654365
517.6200360798671
518.9516950419636
520.2833536114641
521.6150118415823
522.9466697797284
524.2783274681498
525.6099849445072
526.9416422423882
528.2732993917649
529.6049564194038
530.9366133492293
532.2682702026484
533.5999269988386
534.9315837550041
536.2632404866043
537.5948972075547
538.9265539304058
540.2582106665017
541.5898674261209
542.9215242185996
544.2531810524417
545.584837935415
546.9331826102044
548.2646493615676
549.5961239154288
550.9276043221414
552.2590892105733
553.5905776153619
554.9220688560303
556.2535624522388
557.5850580643115
558.916555451468
560.2480544424784
561.5795549150348
562.9110567812509
564.2425599774627
565.5740644570585
566.9055701854338
568.2370771364424
569.5685852899027
570.9000946298407
572.2316051432539
573.5631168192451
574.8946296484077
576.226143622397
577.5576587336286
578.8891749750635
580.2206923400582
581.5522108222609
582.883730415535
584.2152511139075
585.5467729115329
586.8782958026657
588.2098197816422
589.5413448428698
590.8728709808125
592.2043981899902
593.5359264649709
594.867455800367
596.1989861908336
597.5305176310665
598.862050115802
600.1935836398144
601.5251181979141
602.8566537849506
604.1881903958085
605.5197280254087
606.851266668708
608.1828063206979
609.5143469764051
610.8458886308905
612.17743127925
613.508974916613
614.8405195381432
616.1720651390367
617.5036117145243
618.8351592598686
620.1667077703659
621.4982572413443
622.8298076681646
624.1613590462193
625.492911370933
626.8244646377615
628.1560188421926
629.4875739797445
630.819130045967
632.1506870364395
633.4822449467725
634.8138037726071
636.1453635096134
637.4769241534918
638.8084856999726
640.1400481448148
641.4716114838062
642.8031757127649
644.1347408275359
645.4663068239944
646.7978736980424
648.1294414456107
649.4610100626583
650.792579545171
652.1241498891619
653.4557210906723
654.7872931457705
656.1188660505508
657.4504398011345
658.7820143936698
660.1135898243302
661.4451660893163
662.7767431848537
664.1083211071949
665.4398998526165
666.771479417421
668.1030597979358
669.4346409905146
670.7662229915336
672.0978057973946
673.429389404525
674.7609738093747
676.0925590084177
677.4241449981542
678.7557317751039
680.0873193358146
681.418907676854
682.750496794815
684.0820866863121
685.4136773479839
686.7452687764908
688.0768609685158
689.4084539207649
