-4.604316927725449e-15
-1.1928710160162792
-33.141771549763206
-3.579122711601319
-33.17883865792486
-3.593823665462851
-33.21263767717937
-3.605386546234541
-33.242919843253304
-3.6154474690801286
-33.27030197427156
-3.624068965361893
-33.295059942154296
-3.6315711577090073
-33.31746828122401
-3.6381522119353473
-33.337767819999854
-3.6439644172954253
-33.356171835212436
-3.6491272734330162
-33.37287015534816
-3.6537362745732
-33.388032212997764
-3.6578689364483816
-33.40180946759905
-3.661589037335218
-33.41433743529367
-3.6649496609986856
-33.42573742933238
-3.667995430793793
-33.43611808752993
-3.670764176434048
-33.44557671346561
-3.673288206079947
-33.45420047404267
-3.675595284439567
-33.462067459101355
-3.677709404843577
-33.469247632518886
-3.679651398330756
-33.475803678854376
-3.6814394256879255
-33.48179175857463
-3.6830893774813815
-33.48726218543509
-3.6846152019333718
-33.492260031579285
-3.6860291756644363
-33.4968256709758
-3.6873421306876226
-33.500995260923396
-3.6885636457422355
-33.50480117942543
-3.689702206853008
-33.50827241138277
-3.6907653454475366
-33.5114348995987
-3.6917597549186367
-33.514311857092764
-3.692691392906296
-33.51692404712718
-3.693565567519203
-33.519290034855324
-3.6943870145106703
-33.52142641457771
-3.695159962290703
-33.52334801052899
-3.695888190368308
-33.525068062197384
-3.696575079145498
-33.52659838782083
-3.69722365428686
-33.5279495301975
-3.6978366266556275
-33.5291308898454
-3.698416426414969
-33.53015084609125
-3.6989652334214362
-33.531016864004584
-3.699485003698721
-33.53173558991865
-3.6999774949409203
-33.532312940625665
-3.700444286468531
-33.53275417879302
-3.700886799299522
-33.53306398782502
-3.7013063122517957
-33.53324653167087
-3.7017039773614147
-33.53330551613389
-3.7020808337327766
-33.53324423692219
-3.702437819121946
-33.53306562857574
-3.7027757810656943
-33.53277230589343
-3.703095486703736
-33.53236660245606
-3.703397630699061
-33.53185060348018
-3.7036828441444767
-33.53122617731894
-3.7039517007999363
-33.53049500342969
-3.704204723624711
-33.52965859691546
-3.7044423903655272
-33.528718330421164
-3.7046651385520843
-33.527675455064674
-3.7048733701533245
-33.52653111935054
-3.7050674555704726
-33.525286382744234
-3.705247737784975
-33.523942232849066
-3.705414534739109
-33.52249959787672
-3.7055681430838927
-33.52095935700235
-3.705708840445798
-33.51932235279899
-3.7058368880875037
-33.51758939922892
-3.7059525328773217
-33.515761289685976
-3.7060560091820576
-33.51383880607338
-3.7061475408238485
-33.51182272341144
-3.706227342368523
-33.50971381684741
-3.7062956206773277
-33.50751286531197
-3.7063525759534683
-33.505220658099844
-3.7063984033239126
-33.50283799730413
-3.706433292831438
-33.500365701021806
-3.7064574315305743
-33.49780460668093
-3.706471003462877
-33.49515557453908
-3.706474190508226
-33.492419486368526
-3.7064671733758185
-33.48959725113467
-3.706450131509292
-33.486689806290194
-3.706423243432777
-33.48369811337561
-3.7063866887078247
-33.48062316715957
-3.7063406457359305
-33.477465988816796
-3.706285294876604
-33.47422763225114
-3.7062208163013683
-33.47090918048068
-3.7061473914894836
-33.46751174658319
-3.7060652035439925
-33.46403647455806
-3.7059744364840155
-33.460484539356564
-3.70587527609504
-33.45685714509859
-3.705767909668415
-33.45315552484344
-3.7056525263036555
-33.4493809424387
-3.705529316475588
-33.44553468906689
-3.7053984728657037
-33.44161808378699
-3.7052601897697417
-33.43763247351749
-3.705114663382477
-33.43357923048599
-3.704962091552186
-33.429459753899245
-3.704802674087806
-33.42527546581231
-3.704636612293735
-33.421027813876194
-3.704464109408879
-33.41671826800915
-3.7042853702380563
-33.41234832067645
-3.7041006012554782
-33.40791948485672
-3.703910010399686
-33.403433294226815
-3.7037138071566944
-33.39889130169356
-3.703512202421967
-33.39429507862429
-3.703305408451098
-33.38964621323889
-3.7030936386974127
-33.38494631159048
-3.7028771078065654
-33.38019699421641
-3.7026560319426043
-33.37539989613883
-3.7024306277413594
-33.37055666740433
-3.702201113146519
-33.365668969577655
-3.701967706802999
-33.360738477679526
-3.7017306283452402
-33.35576687681668
-3.7014900979866803
-33.350755862836614
-3.7012463366359567
-33.345707141450475
-3.7009995658093144
-33.340622426753484
-3.7007500074635984
-33.33550344079021
-3.7004978839636857
-33.330351913651036
-3.700243418117924
-33.32516958052905
-3.699986832815181
-33.31995818437831
-3.69972835139179
-33.314719470971895
-3.699468197173277
-33.30945519321807
-3.6992065933768123
-33.30416710625191
-3.6989437635124305
-33.29885696842312
-3.6986799308377902
-33.29352654162578
-3.6984153185883657
-33.28817758909031
-3.6981501497030282
-33.28281187700311
-3.6978846470456754
-33.27743117056078
-3.697619032903949
-33.272037237466506
-3.6973535294525437
-33.26663184512778
-3.6970883583983536
-33.26121675960547
-3.696823740852346
-33.25579374803521
-3.696559897650494
-33.250364574341276
-3.6962970488051154
-33.24493100239663
-3.6960354139196445
-33.23949479394193
-3.6957752119243827
-33.234057708748566
-3.69551666110174
-33.228621503043456
-3.6952599788866123
-33.22318793086707
-3.6950053820450095
-33.17384535805791
-3.7156729165397264
-33.15924620655207
-3.714814533557175
-33.14460629917221
-3.713905338437418
-33.12995304131403
-3.712952001289218
-33.115312157972475
-3.711960729536961
-33.100707546288696
-3.7109372730443377
-33.08616124837237
-3.7098869415445237
-33.07169348683854
-3.7088146275974267
-33.057322735827974
-3.707724832006951
-33.043065817320105
-3.7066216906850498
-33.02893799873032
-3.705509000183597
-33.01495310057415
-3.7043902432480524
-33.001123599203176
-3.703268612146169
-32.98746072491217
-3.7021470312867883
-32.97397455928048
-3.701028177889909
-32.960674123269456
-3.6999145011526884
-32.94756746326754
-3.6988082403194986
-32.93466172713761
-3.69771144084621
-32.921963240666315
-3.6966259700143946
-32.90947757351669
-3.695553530707128
-32.89720960258171
-3.6944956743782926
-32.88516357211145
-3.6934538131850005
-32.873343146898556
-3.692429230867345
-32.861751462401465
-3.691423092893282
-32.850391171477824
-3.6904364558623652
-32.839264486894436
-3.689470276095714
-32.82837322253354
-3.688525417799953
-32.81771882690341
-3.687602660041561
-32.807302419742165
-3.6867027038836784
-32.79712482301731
-3.6858261786321593
-32.787186586133565
-3.6849736471874923
-32.77748801723612
-3.6841456119802825
-32.76802920384807
-3.6833425194423817
-32.75881003734522
-3.682564764810994
-32.749830231638775
-3.6818126960929685
-32.74108934377002
-3.681086618146549
-32.7325867902715
-3.680386796135354
-32.724321862916206
-3.679713458807682
-32.716293744386725
-3.6790668016740407
-32.70850152115072
-3.678446989667975
-32.70094419260364
-3.6778541597173664
-32.69362068829537
-3.67728842333763
-32.68652987324776
-3.6767498685962665
-32.67967055813162
-3.676238562158668
-32.67304150890051
-3.6757545512990286
-32.66664145394636
-3.6752978655516633
-32.66046908976727
-3.6748685181285365
-32.65452308925404
-3.674466507607305
-32.64880210704155
-3.6740918192129683
-32.64330692355886
-3.6737446741311537
-32.63803189617024
-3.67342453834486
-32.63297778565746
-3.6731316112479395
-32.62814104318853
-3.6728655832442536
-32.623524638166195
-3.6726268920943976
-32.61912503904141
-3.672415213246965
-32.61494088853165
-3.6722304664285534
-32.61097084249486
-3.672072565224471
-32.60721356975456
-3.6719414172304634
-32.60366775706466
-3.6718369247414926
-32.60033210999143
-3.671758984826587
-32.59720535793562
-3.6717074897486115
-32.59428625533848
-3.671682326692943
-32.5915735879457
-3.6716833777740696
-32.58906617827683
-3.6717105194203405
-32.58676289515784
-3.6717636213957396
-32.58466266686646
-3.6718425447877023
-32.582764505846484
-3.6719471387114093
