4.479363893243569
5.709482440335905
5.510286345871891
5.390872890998469
5.326303869987063
5.289811795039908
5.266132328165136
5.2474912917262575
5.230184297216513
5.212538661916375
5.193853126447515
5.1738771287217356
5.152563720828638
5.129954879570351
5.1061293752366845
5.0811796807059695
5.055202124136662
5.0282929432994345
5.000546877508644
4.972056783612414
4.94291361312572
4.9132064727392235
4.883022661148338
4.852447648394077
4.821564993694782
4.479363893243569
5.709482440335905
5.510286345871891
5.390872890998469
5.326303869987063
5.289811795039908
5.266132328165136
5.2474912917262575
5.230184297216513
5.212538661916375
5.193853126447515
5.1738771287217356
5.152563720828638
5.129954879570351
5.1061293752366845
5.0811796807059695
5.055202124136662
5.0282929432994345
5.000546877508644
4.972056783612414
4.94291361312572
4.9132064727392235
4.883022661148338
4.852447648394077
4.821564993694782
