15.231149469615751
15.266669738498967
15.300471373459116
15.33267976443305
15.363408869502628
15.392764959086454
15.420847380857218
15.447748937522633
15.473556084893335
15.498349415643956
15.522203862885506
15.545189050164854
15.567369608017472
15.588805483313683
15.60955223885542
15.629661341429165
15.649180437115053
15.668153613118811
15.686621645757228
15.704622234508662
15.722190222254026
15.739357801994448
15.75615471044892
15.772608409019435
15.788744252667435
15.804585647280843
15.820154196130087
15.83546983601734
15.850550963719803
15.865414553316633
15.880076264972747
15.8945505457323
15.908850722851772
15.922989090177584
15.936976992793571
15.950824881270911
15.964542410404395
15.978138481308044
15.991621305099347
16.004998456716674
16.018276924592513
16.031463156497292
16.044563101840964
16.057582250698825
16.070525669809186
16.083398035772646
16.09620366566628
16.10894654527043
16.12163035509131
16.134258494349027
16.146834103088043
16.159360082555246
16.171839113979964
16.184273675879933
16.19666606000803
16.209018386045564
16.22133261513995
16.233610562377137
16.245853908271993
16.25806420935367
16.27024290791679
16.282391341003947
16.29451074867987
16.306602281652886
16.318667008294977
16.330705921107835
16.342719942678368
16.354709931164013
16.36667668534479
16.378620949276275
16.390543416575024
16.402444734365265
16.414325506913762
16.426186298977356
16.438027638885863
16.449850021381252
16.46165391023231
16.473439740642572
16.485207921467772
16.496958837257917
16.508692850137823
16.52041030153885
16.53211151375714
16.54379679153077
16.55546642328408
16.567120682407324
16.57875982840718
16.590384107958673
16.601993755878727
16.613588996021033
16.6251700421019
16.636737098454734
16.648290360780805
16.65983001664783
16.67135624622467
16.682869222778905
16.694369113178517
16.705856078353666
16.7173302737216
16.728791849577703
16.740240951455267
16.75167772045646
16.76310229355678
16.774514803884987
16.78591538098051
16.797304151030005
16.808681237084752
16.820046759260283
16.8314008349197
16.842743578841862
16.85407510337562
16.86539551858116
16.876704932359388
16.888003450570288
16.899291177141016
16.910568214164517
16.921834661989312
16.93309061930107
16.944336183196523
16.955571449250264
16.966796511574834
16.97801146287454
16.989216394493376
17.00041139645733
17.011596557511407
17.022771965151563
17.033937705651823
17.045093864086667
17.056240524348855
17.067377769162796
17.07850568009346
17.089624337550884
17.100733820790204
17.11183420790715
17.122925575828837
17.13400800029965
17.145081555862017
17.156146315831634
17.16720235226679
17.1782497359312
17.189288536249723
17.200318821256143
17.211340657532
17.222354110135313
17.233359242517682
17.244356116427916
17.255344791799985
17.26632532662247
17.27729777678599
17.288262195904146
17.299218635102413
17.310167142767547
17.32110776424811
17.332040541493434
17.342965512614157
17.353882711341175
17.364792166350817
17.37569390041033
17.386587929276516
17.39747426024646
17.408352890202696
17.419223802896443
17.430086965030963
17.44094231584274
17.451789769564833
17.46262918745951
17.47346034829085
17.484282866901722
17.495095923307385
17.50606567198643
17.51703131766408
17.52799290121941
17.538950507264722
17.549904220532078
17.560854120590506
17.571800281831432
17.582742774118145
17.59368166345118
17.604617012565967
17.615548881458203
17.626477327843357
17.637402407557428
17.648324174905415
17.65924268296345
17.67015798383987
17.681070128899975
17.691979168958625
17.70288515444451
17.713788135539463
17.72468816229575
17.735585284734093
17.746479552924757
17.757371017053874
17.768259727476813
17.779145734760352
17.790029089715066
17.800909843419323
17.811788047236004
17.82266375282297
17.833537012138216
