0.0039053
0.003991410623622994
0.003989968768365103
0.003989633492958549
0.003989746487982455
0.003990135621250048
0.003990693614693621
0.0039913595082240756
0.0039920935501205354
0.0039928686467260634
0.003993665930524085
0.0039944721265447
0.003995277859860031
0.003996076519065207
0.003996863473963318
0.003997635526258671
0.003998390520812523
0.003999127063790486
0.003999844320946485
0.004000541867843985
0.004001219580653022
0.004001877555062372
0.004002516046352571
0.004003135423191103
0.004003736134784929
0.00400431868508891
0.004004883614118071
0.00400543148344003
0.004005962865039073
0.004006478334575365
0.004006978463637008
0.0040074638171027945
0.004007934949180106
0.004008392401251462
0.0040088367004997875
0.004009268358435894
0.004009687870714917
0.004010095716569084
0.004010492359170605
0.004010878244486919
0.004011253803037984
0.004011619449112296
0.004011975581302999
0.004012322583420459
0.00401266082361753
0.004012990656903024
0.004013312423373425
0.004013626449997682
0.004013933051052875
0.004014232527667162
0.004014525169314431
0.0040148112535593646
0.004015091046918814
0.004015364805053627
0.004015632772854723
0.004015895185295729
0.004016152267984361
0.0040164042371871895
0.004016651299901335
0.004016893655028174
0.0040171314926310065
0.0040173649954525605
0.004017594338451208
0.004017819688948374
0.004018041207966106
0.004018259049363361
0.004018473360872466
0.004018684283518594
0.004018891953485995
0.004019096500276815
0.004019298048698339
0.004019496718165189
0.004019692623535121
0.004019885874592349
0.004020076576930461
0.004020264831784746
0.004020450736461865
0.004020634383995215
0.004020815864519023
0.004020995264273583
0.004021172666000594
0.004021348149773864
0.004021521792208655
0.004021693667757527
0.004021863847745697
0.0040220324009443194
0.0040221993938571255
0.00402236489093021
0.004022528954257263
0.004022691644389347
0.004022853019368328
0.004023013136332013
0.00402317204963498
0.004023329813132635
0.004023486478825306
0.004023642097658783
0.004023796718953533
0.004023950391159828
0.004024103161629214
0.004024255076793453
0.004024406181834583
0.00402455652160468
0.004024706140447906
0.004024855081041385
0.004025003386476889
0.004025151098459514
0.004025298259068212
0.004025444909283435
0.004025591089940968
0.004025736841741182
0.004025882204887254
0.0040260272193233995
0.004026171925298035
0.0040263163620545585
0.004026460569909795
0.0040266045880057175
0.0040267484561683645
0.004026892214102259
0.004027035901235806
0.0040271795575860326
0.004027323222791949
0.004027466937439025
0.004027610741009028
0.004027754674306457
0.004027898778082975
0.004028043092672318
0.00402818765974098
0.004028332519949622
0.004028477715107751
0.004028623287160655
0.004028769278502697
0.004028915731224296
0.004029062688130513
0.004135229786206857
0.004134471654593225
0.004133664760743737
0.004132834769194224
0.004131998119603999
0.00413116533737781
0.004130343135641918
0.0041295357559410235
0.004128745828308083
0.004127974929083199
0.004127223940418115
0.00412649328822292
0.004125783096193005
0.004125093289251448
0.004124423661722395
0.0041237739223727735
0.004123143725806878
0.004122532691809049
0.004121940420719023
0.004121366501840053
0.004120810519874529
0.004120272059968664
0.00411975071012469
0.004119246063101749
0.004118757717839542
0.0041182852800834505
0.004117828363636198
0.004117386589154186
0.004116959585615352
0.004116546990265203
0.004116148446852693
0.004115763607831278
0.004115392132404436
0.004115033687316936
0.004114687945699303
0.004114354587623992
0.004114033299354922
0.004113723772974639
0.0041134257066128155
0.004113138803632435
0.004112862771889066
0.00411259732473154
0.004112342179367484
0.004112097056659358
0.0041118616813351095
0.004111635781342302
0.004111419086797917
0.004111211330532293
0.004111012247472158
0.004110822170781144
0.00411063966031276
0.004110465031092661
0.004110297414847286
0.004110137743641401
0.004109985165792658
0.004109839415062413
0.004109700224022902
0.0041095673222676255
0.004109440437286491
0.004109319293433016
0.004109203613084154
0.0041090931160762435
0.004108987521902879
0.004108886551905267
0.004108789934122914
0.004108697411068953
0.004108608755383116
