0.017294201863112403
0.01743534818956924
0.017576072944261435
0.017716337489332382
0.01785611833888226
0.017995393609630664
0.018134141510977298
0.01827234018298461
0.01840996768419824
0.018547001995326294
0.018683421023872455
0.018819202608129415
0.018954324520420947
0.01908876446964458
0.01922250010318079
0.019355509008234493
0.01948776871267112
0.01961925668540751
0.019749950336414045
0.019879827016383998
0.020008864016121824
0.020137038565701346
0.02026432783344219
0.020390708924751585
0.020516158880876493
0.02064065467760988
0.020764173223993147
0.020886691361056253
0.021008185860635038
0.021128633424304318
0.021248010682465412
0.021366294193624215
0.021483460443896256
0.021599485846774496
0.021714346743194283
0.021828019401929716
0.021940480020354973
0.022051704725604086
0.022161669576161273
0.022270350563914347
0.02237772361670301
0.02248376460139312
0.022588449327508135
0.022691753551448295
0.022793652981327402
0.022894123282457247
0.022993140083508654
0.02309067898337802
0.02318671555878755
0.02328122537264641
0.023374183983200666
0.023465566953996892
0.02355534986468613
0.023643508322691825
0.02373001797576566
0.023814854525453406
0.02389799374149248
0.023979411477160407
0.024059083685592935
0.024136986437088417
0.024213095937413526
0.02428738854712304
0.024359840801905168
0.024430429433960257
0.024499131394419654
0.024565923876808442
0.02463078434155163
0.024693690541522897
0.024754620548629116
0.024813552781422263
0.024870466033725603
0.02492533950425779
0.024978152827234167
0.025028886103920074
0.025077519935107172
0.025124035454478152
0.025168414362821086
0.025210638963049356
0.02525069219597783
0.025288557676800386
0.025324219732208882
0.025357663438087538
0.025388874657710815
0.02541784008036791
0.02544454726032966
0.025468984656069
0.025491141669639637
0.025511008686111062
0.02552857711295345
0.025543839419259036
0.02555678917468149
0.025567421087969184
0.025575731044962732
0.025581716145922733
0.025585374742048344
0.025586706471043105
0.025585712291580805
0.02558239451652
0.025576756844713437
0.025568804391255577
0.02555854371600999
0.025545982850256704
0.025531131321299503
0.02551400017487269
0.025494601995188954
0.025472950922470195
0.02544906266780738
0.025422954525198087
0.02539464538061547
0.025364155717967574
0.025331507621812636
0.025296724776703267
0.025259832463041896
0.02522085754933756
0.025179828480767278
0.025136775263954605
0.025091729447891897
0.025044724099062214
0.024995793789580622
0.024944974532145833
0.02489230377552588
0.024837820356051973
0.024781564454682665
0.02472357755012692
0.02466390236808418
0.024602582826680094
0.02453966397819439
0.024475191947198827
0.024409213865242096
0.024341777802237573
0.024272932694730825
0.02420272827124059
0.024131214974887544
0.024058443883540514
0.02398446662772778
0.02395893127156539
0.023929679993583124
0.02389677923321484
0.02386032397227996
0.02382043529214465
0.02377725418995419
0.023730936308170907
0.023681647712756267
0.023629561508113583
0.023574855104315045
0.023517707997329503
0.023458299957544535
0.02339680954699835
0.023333412904074848
0.023268282747955792
0.02320158756523546
0.023133490948733536
0.023064151064357514
0.022993720226338856
0.022922344564635364
0.022850163771004545
0.022777310912387768
0.02270391230193784
0.022630087419372603
0.02255594887341913
0.022481602399983182
0.022407146890379866
0.022332674444525746
0.022258270444443444
0.022184013643785472
0.022109976269355527
0.022036260121484574
0.021962966911399255
0.02189014727824541
0.021817846005550867
0.02174610208101275
0.021674948784539225
0.021604413740715714
0.021534518963658395
0.021465280880098074
0.02139671032531063
0.021328812504919983
0.021261586914324997
0.021195027205832866
0.0211291209913949
0.02106384956596532
0.02099918753270583
0.020935102306212528
0.02087155346318295
0.020808491900813225
0.020745858750763003
0.020683583979349034
0.020621584580643625
0.02055976223519751
0.020498000258304568
0.02043615959039099
0.020374073475871838
0.02031154031523039
0.020248313923416958
0.020184090025027284
0.020118487152326312
0.020051018975858134
0.01998105307027667
0.019907747315148307
0.019829947544910752
