451093.75305600005
-4771.79109194436
-4994.221117738885
-5216.6251486917845
-5439.924521766047
-5664.363615235918
-5890.079571879353
-6117.188059608654
-6345.810399858154
-6576.060507389399
-6808.050885269636
-7041.895335115947
-7277.707523905407
-7515.601034931271
-7755.6893698931935
-7998.085925327835
-8242.903955666454
-8490.256532230975
-8740.256505074536
-8993.016472568426
-9248.648762052859
-9507.265423522387
-9768.978237422218
-10033.898736726254
-10302.138243021558
-10573.807915858399
-10849.018814386554
-11127.8819701365
-11410.508469727874
-11697.00954628567
-11987.496678367828
-12282.081695293457
-12580.876887835813
-12883.99512335806
-13191.632069622661
-13503.65586566044
-13820.428003991605
-14141.982831841704
-14468.437934916981
-14799.912218632082
-15136.526039823528
-15478.401337456566
-15825.661763573165
-16178.432814844293
-16536.841964827287
-16901.018797010205
-17271.095138760058
-17647.205196330844
-18029.48569110973
-18418.075997315565
-18813.118281377956
-19214.75764325663
-19623.14225997179
-20038.42353163445
-20460.75623029113
-20890.298651898564
-21327.212771766877
-21771.664403830913
-22223.823364104865
-22683.86363871339
-23151.963556889546
-23628.30596935845
-24113.078432538314
-24606.473399007034
-25108.688414708507
-25619.92632339299
-26140.39547880499
-26670.30996516261
-27209.889826505398
-27759.361305502345
-28318.957092361474
-28888.916584512986
-29469.486157769854
-30060.919449729216
-30663.477656201227
-31277.429841530946
-31903.053263705373
-32540.633715222786
-33190.46588074545
-33852.8537126491
-34528.11082563821
-35216.56091170452
-35918.548954170015
-36634.39881433115
-37364.47767971585
-38109.15429453566
-38868.809512766915
-39643.83764809204
-40434.646577918465
-41241.658486853106
-42065.310391345905
-42906.05549799795
-43764.34938236138
-44640.70548821366
-45535.61525654916
-46449.60240571706
-47383.21062881977
-48337.00461599673
-49311.57114323579
-50307.52023288316
-51325.48639165329
-52366.129932513744
-53430.13838744286
-54518.22801873086
-55631.14543729344
-56769.66933732203
-57934.61235754577
-59126.823080494105
-60347.18818233964
-61596.63474728974
-62876.13276203327
-64186.69780748999
-65529.39396709485
-66905.33697308168
-68315.69761477779
-69761.70543582371
-71244.6527505292
-72765.8990133813
-74326.87558003867
-75929.09090316322
-77574.13621216115
-79263.69173260656
-80999.53350876755
-82783.54090167754
-84617.70484560232
-86504.13695800764
-88445.07961246696
-90442.91710085003
-92500.18803111675
-94619.59913072994
-96804.04065393144
-99056.60362489808
-101380.59918933574
-103779.58039602627
-106257.36678917405
-108818.07226472981
-111466.13673245387
-114206.36223464314
-117043.95430772907
-119984.5695416619
-123034.37050383407
-126200.08946206841
-129489.10268250428
-132909.51751627665
-136470.27505662513
-140181.2718901341
-144053.5054456414
-148099.2487521983
-152332.2621830052
-156768.0521760965
-161424.1902679926
-166320.71048257555
-171480.60984686844
-176930.48660306993
-182701.36523898094
-188829.77956196427
-195359.21946061496
-202342.10213320702
-209842.5197703988
-217940.17226523347
-226736.17421335063
-236361.9549551292
-246993.53234759433
-258879.81249525535
-272372.5678307876
-288035.51872128906
-306838.83324048884
-330761.7856621553
-365394.3176102906
103917.12433577802
105201.61159960972
106498.40961523785
107807.49329077237
109128.91536832193
110462.7455206569
111809.0558864125
113167.91898150792
114539.40739803136
115923.59376138671
117320.55072483179
118730.35096948926
120153.06720525048
121588.77217190759
123037.53864041305
124499.43941428617
125974.54733113399
127462.93526431979
128964.67612476351
130479.84286288542
132008.50847069704
133550.74598402693
135106.62848490544
136676.22910408478
138259.62102371478
139856.87748016164
141468.07176697644
143093.27723801023
144732.5673106753
146386.0154693567
148053.69526896704
