8.279528580128118e-05
8.616211140264748e-05
8.733768517169684e-05
8.778866794737264e-05
8.791583831268872e-05
8.784706864826707e-05
8.763858663944422e-05
8.732295013408797e-05
8.69220292304847e-05
8.645152654181994e-05
8.592315766538296e-05
8.534593578109099e-05
8.472700786228028e-05
8.40722198915409e-05
8.338650455688806e-05
8.267414888481702e-05
8.193897953867507e-05
8.118449122931807e-05
8.041393560668928e-05
7.963038255236436e-05
7.883676215071881e-05
7.80358928292096e-05
7.723049995687285e-05
7.642322723879084e-05
7.561664308883035e-05
