0.0043562
0.004339462635531972
0.0043330875225002456
0.004329297253812819
0.004327034494001573
0.004325681696416523
0.004324871187970036
0.004324383991867134
0.00432408968094886
0.004323910568652386
0.0043238003839555375
0.004323731569913787
0.004323687717835606
0.004323659060338701
0.004323639786482063
0.004323626442300057
0.004323616977922168
0.004323610179876032
0.00432360533285268
0.004323602018167534
0.0043235999936534295
0.004323599122063194
0.004323599328368452
0.0043236005742698725
0.0043236028429573395
0.004323606129972058
0.004323610437698875
0.004323615772015302
0.004323622140218441
0.004323629549704994
0.00432363800709028
0.004323647517577393
0.0043236580844619
0.004323669708701397
0.004323682388504774
0.004323696118910854
0.004323710891334019
0.004323726693058483
0.0043237435066641764
0.004323761309366908
0.0043237800722537925
0.0043237997593925
0.004323820326789591
0.004323841721169345
0.004323863878540476
0.004323886722514118
0.004323910162332284
0.004323934090574272
0.004323958380490398
0.00432398288296002
0.00432400742307646
0.004324031796436086
0.0043240557634289176
0.004324079053286316
0.004324101349927423
0.004324122299742012
0.004324141513463221
0.004324158577849047
0.004324173079909011
0.004324184650329407
0.0043241930337720525
0.004324198191903102
0.004324200436590152
0.004324200571170612
0.004324199986596872
0.004324200630249391
0.004324204772969208
0.004324214580359195
0.004324231627995502
0.004324256581091261
0.004324289186053916
0.004324328543568056
0.0043243734513718065
0.00432442276070894
0.004324475510728591
0.004324530991236174
0.004324588720157761
0.004324648391782771
0.00432470982270615
0.004324772907392755
0.004324837586574161
0.004324903826760423
0.004324971607609645
0.004325040914516862
0.004325111734618979
0.004325184054790317
0.004325257860810433
0.004325333137106745
0.004325409866799455
0.004325488031864723
0.004325567613330517
0.004325648591464128
0.004325732106105748
0.0043258164612793425
0.00432590189283698
0.00432598848353106
0.00432607510369543
0.004326163458404103
0.004326253288571449
0.0043263444803119
0.004326437158138498
0.004326530976827509
0.004326625939385954
0.0043267220305063065
0.004326819232300256
0.004326917525389446
0.0043270168895595965
0.0043271173041561075
0.0043272187483251925
0.004327321201162578
0.004327424641806762
0.004327529049498907
0.004327634403622494
0.004327740683730651
0.00432784786956575
0.00432795594107417
0.0043280648784178345
0.004328174661983592
0.004328285272390979
0.004328396690498807
0.004328508897410775
0.0043286218744802195
0.004328735603314245
0.0043288500657770075
0.004328965243992602
0.004329081120347235
0.004329197677490941
0.004329314898338765
0.004329432766071491
0.004329551264135919
0.00432967037624473
0.004329790086375937
0.0043299103787719905
0.004330031237938564
0.004330152648642968
0.004330274595912298
0.004330397065031312
0.004330520041540053
0.004330643511231219
0.004330767460147375
0.004330891874577923
0.004331016741055941
0.004331142046354848
0.0043312677774849494
0.004331393921689862
0.0043315204664428324
0.004331647399442994
0.004331774708611521
0.004331902382087767
0.004332030408225314
0.004332158775588037
0.004332287472946128
0.0043324164892721145
0.004332545813736869
0.004332675435705673
0.004332805344734256
0.004332935530564876
0.004333065983122461
0.004333196692510766
0.004333327649008587
0.004333458843066049
0.004333590265300925
0.004333721906495045
0.004333853757590763
0.004333985809687507
0.004334118054038383
0.004334250482046893
0.004334383085263696
0.004334515855383499
0.004334648784241978
0.004334781863812829
0.0043349150862048965
0.004335048443659373
0.0043351819285471094
0.004335315531752482
0.004335449247559088
