108.67751162158372
108.48322115439854
108.28967699162827
108.09640892736306
107.90337349247977
107.71057479018992
107.51802233705502
107.32572638269953
107.13369739367539
106.941945999543
106.75048299018471
106.55931931876609
106.36846610528946
106.17793464017744
105.98773638782212
105.79788299008884
105.60838626977106
105.41925823399178
105.23051107754827
105.04215718619535
104.8542091398636
104.66667971580726
104.47958189167778
104.29292884851694
104.10673397366547
103.92101086358024
103.73577332655556
103.55103538534084
103.36681127964955
103.18311546855152
102.9999626327422
102.81736767668123
102.63534573059192
102.45391215231417
102.27308252900227
102.09287267865791
101.91329865149041
101.73437673109318
101.55612343542762
101.3785555176032
101.20168996644405
101.02554400682962
100.8501350997995
100.67548094240954
100.50159946732762
100.32850884215684
100.15622746847288
99.98477398056293
99.81416724385286
99.64442635300883
99.47557062969948
99.30761962000518
99.14059309145959
98.97451102970898
98.8093936347759
98.64526131691137
98.48213469202128
98.32003457665306
98.15898198252715
97.99899811059916
97.84010434463845
97.68232224430874
97.52567353773692
97.37018011355698
97.21586401241495
97.06274741792362
96.91085264705323
96.76020213994816
96.61081844915807
96.462724228274
96.31594221995975
96.17049524337126
96.02640618095684
95.88369796463198
95.74239356132504
95.60251595789026
95.46408814538668
95.32713310272315
95.1916737796709
95.05773307924751
94.92533383947794
94.79449881453945
94.6652506553013
94.53761188926975
94.4116048999539
94.28725190566831
94.16457493779178
94.04359581850424
93.92433613802608
93.80681723138729
93.69106015475641
93.57708566136218
93.46491417704344
93.35456577546684
93.24606015305295
93.13941660365597
93.03465399304486
92.93179073323545
92.83084475672794
92.73183349070491
92.63477383124957
92.53968211764499
92.44657410681857
92.35546494799841
92.26636915764946
92.17930059476079
92.09427243655568
92.01129715469902
91.93038649207725
91.85155144022723
91.77480221749133
91.70014824797656
91.62759814139535
91.55715967386605
91.48883976974987
91.42264448460081
91.35857898930297
91.29664755246182
91.23685353601839
91.17919937465837
91.12368656822511
91.07031567285938
91.01908629370492
90.96999707924866
90.92304571734628
90.87822893297582
90.8355424877566
90.79498118126564
90.75653885417515
90.72020839323015
90.68598173807726
90.6538498899476
90.6238029221913
90.59582999265126
90.56991935785723
90.5286225346667
90.49078844026705
90.45652204784365
90.42577140042982
90.39846696157434
90.37453599757966
90.35390463323843
90.33649854491216
90.32224339986175
90.31106518326627
90.30289045054741
90.29764652549936
90.29526165819722
90.29566515263606
90.29878747128983
90.30456032182754
90.3129167298389
90.32379110042667
90.33711927080958
90.35283855556617
90.37088778578041
90.39120734308582
90.41373918942028
90.43842689317434
90.46521565233188
90.49405231515055
90.52488539890415
90.55766510720504
90.59234334643796
90.62887374186606
90.6672116540145
90.7073429721802
90.74926136723597
90.79292631884428
90.838299189356
90.8853431338465
90.93402314377028
90.98430609398446
91.03616080328176
91.0895581054627
91.14447093350287
91.20087441985402
91.25874601659122
91.31806563996774
91.37881584502836
91.4409820373425
91.50455273075224
91.56951986244762
91.63587917988424
91.70363071835285
91.77277939382913
91.8433357437047
91.91531685906982
91.9887475677944
92.06366194991776
92.14010529920868
92.2181366926646
92.29783240214861
92.37929049448209
92.4626371445569
92.54803547821881
92.6356982579507
92.72590660324929
92.81903857360123
92.91561467838824
