2.9553109239634128
2.9123429941392898
2.912064582882607
2.911782621128526
2.9114924982153676
2.9111942219359066
2.9108879669381054
2.9105739504067842
2.910252421244069
2.9099236528755914
2.909587913426392
2.909245554997463
2.908896864040197
2.9085421548815247
2.9081817411221946
2.9078159324919506
2.90744503224808
2.9070693350722854
2.906689125415291
2.906304676239706
2.9059162481124794
2.9055240886003197
2.905128431924215
2.9047294988324275
2.9043274966549624
2.9039226195061842
2.903515048605998
2.90310495269359
2.902692488511194
2.9022778013385184
2.9018610255614257
2.9014422852610573
2.9010216948120457
2.900599359480466
2.9001753760140665
2.899749833218862
2.8993228125175508
2.898894388486372
2.8984646293679472
2.898033597558522
2.8976013500686175
2.897167938956719
2.896733411735995
2.896297811754434
2.895861178549022
2.8954235481748336
2.894984953509997
2.8945454245376427
2.8941049886060313
2.893663670668011
2.893221493501103
2.8927784779093426
2.8923346429081613
2.891890005893398
2.891444582795639
2.8909983882209125
2.8905514355787867
2.8901037371988645
2.889655304436568
2.889206147769105
2.8887562768824235
2.8883057007498953
2.8878544277034837
2.8874024654979813
2.886949821368998
2.8864965020852154
2.8860425139954384
2.885587863070934
2.8851325549434854
2.884676594939555
2.8842199881109525
2.883762739262319
2.8833048529757623
2.882846333632879
2.882387185434487
2.881927412418237
2.88146701847435
2.8810060073596673
2.880544382710175
2.8800821480521868
2.8796193068122777
2.8791558623261744
2.87869181784662
2.878227176550413
2.877761941544651
2.8772961158722823
2.876829702517054
2.876362704407897
2.875895124422839
2.875426965392477
2.8749582301030667
2.874488921299274
2.8743757661947615
2.8739067019897395
2.8734355283228115
2.8729627176235315
2.8724886023817064
2.872013416894505
2.8715373264931405
2.871060448040687
2.87058286432227
2.8701046341545173
2.869625799491162
2.869146390419093
2.8686664286720407
2.868185930102136
2.867704906418688
2.867223366411548
2.8667413168119085
2.8662587628980356
2.8657757089215323
2.865292158407336
2.8648081143648647
2.8643235794366486
2.8638385560029462
2.8633530462554315
2.8628670522490745
2.862380575938684
2.8618936192046855
2.861406183871287
2.8609182717192994
2.860429884495212
2.859941023917611
2.8594516916817185
2.858961889462651
2.858471618917736
2.8579808816881767
2.8574896794002598
2.856998013666256
2.8565058860850643
2.856013298242717
2.8555202517127714
2.855026748056609
2.8545327888236827
2.854038375551734
2.8535435097669573
2.8530481929841716
2.8525524267069633
2.852056212427807
2.851559551628208
2.8510624457788074
2.8505648963394954
2.8500669047595384
2.8495684724776664
2.8490696009221885
2.848570291511092
2.848070545652157
2.847570364743034
2.8470697501713578
2.846568703314845
2.8460672255413773
2.8455653182091147
2.845062982666576
2.8445602202527285
2.844057032297092
2.8435534201198185
2.8430493850317866
2.842544928334687
2.842040051321115
2.841534755274648
2.841029041469933
2.840522911172782
2.8400163656402384
2.8395094061206687
2.8390020338538484
2.83849425007103
2.8379860559950343
2.837477452840316
2.836968441813063
2.8364590241112477
2.8359492009247194
2.835438973435282
2.8349283428167564
2.834417310235058
2.8339058768482746
2.833394043806738
2.83288181225309
2.8323691833223545
2.8318561581420085
2.8313427378320544
2.8308289235050803
2.830314716266334
2.829800117213786
2.829285127438202
2.828769748023194
2.8282539800453046
2.827737824574051
2.827221282672005
2.826704355394845
2.8261870437914234
2.8256693489038196
2.8251512717674125
2.8246328134109344
2.824113974856525
2.8235947571198032
2.8230751612099105
2.8225551881295767
2.822034838875181
2.8215141144367935
2.820993015798248
