-86.63940280069298
-67.35914251157025
-66.51092861363995
-65.71877143952887
-64.98130839213687
-64.2942306743237
-63.65307563117906
-63.05375695502018
-62.492622354040776
-61.9664188570589
-61.472245347043355
-61.00750821475311
-60.56988261794065
-60.15727911120958
-59.76781495126873
-59.399789387130866
-59.05166233316306
-58.72203591515425
-58.409638460655025
-58.11331057335862
-57.831992988592035
-57.564715954757226
-57.31058992539292
-57.06879737975044
-56.83858561752431
-56.6192603965991
-56.41018030212641
-56.21075175159145
-56.020424554279906
-55.83868795515675
-55.66506710297704
-55.49911989075865
-55.34043412380602
-55.18862497648253
-55.04333270405768
-54.90422058033901
-54.770973035559145
-54.64329397221593
-54.52090523934683
-54.40354524811452
-54.2909677136578
-54.18294050995931
-54.079244629142444
-53.979673212947944
-53.884030713630175
-53.79213206446
-53.70380196539819
-53.618874209209906
-53.537191065295126
-53.458602712812976
-53.38296671853549
-53.310147555342425
-53.24001615769122
-53.17244951076884
-53.107330270363605
-53.04454641078982
-52.98399089845926
-52.92556138892815
-52.86915994545284
-52.81469277727984
-52.76206999605477
-52.711205388890335
-52.662016206762964
-52.614422967030514
-52.56834926896991
-52.52372162133258
-52.48046928100117
-52.438524101913195
-52.397820393485894
-52.35829478784408
-52.31988611520846
-52.28253528685967
-52.246185185136135
-52.21078055997242
-52.17626793152184
-52.14259549844579
-52.109713051482146
-52.07757189194013
-52.04612475479152
-52.015325736057484
-51.98513022421121
-51.95549483533831
-51.926377351817465
-51.89773666429836
-51.869532716775744
-51.841726454567905
-51.81427977502499
-51.78715548080537
-51.76031723556827
-51.733729521943
-51.70735760164539
-51.68116747761997
-51.65512585809705
-51.6292001224588
-51.603358288820175
-51.577568983231146
-51.55180141042099
-51.5260253260028
-51.50021101006845
-51.474329242106386
-51.44835127717884
-51.42224882330101
-51.395994019968505
-51.36955941778198
-51.34291795912306
-51.316042959837944
-51.28890809188834
-51.26148736693236
-51.23375512080076
-51.20568599883693
-51.177254942069474
-51.14843717419162
-51.11920818931967
-51.08954374050921
-51.05941982900526
-51.02881269420707
-50.99769880432859
-50.96605484773781
-50.93385772495786
-50.90108454131662
-50.867712600229574
-50.83371939710497
-50.79908261385854
-50.76378011402669
-50.72778993846937
-50.69109030165211
-50.653659588498606
-50.615476351806166
-50.57651931021535
-50.53676734672728
-50.49619950776027
-50.45479500274
-50.41253320421557
-50.36939364849469
-50.32535603679199
-50.28040023688227
-50.23450628525273
-50.18765438974655
-50.13982493268981
-50.09099847449429
-50.04115575772724
-49.99027771163939
-49.93834545714167
-49.885340312219526
-49.83124379777502
-49.776037643883434
-49.71970379645282
-49.66222442427142
-49.60358192642903
-49.543758940095806
-49.48273834864145
-49.42050329007591
-49.35703716579277
-49.292323649592404
-49.226346696964164
-49.15909055460158
-49.09053977012606
-49.020679201990895
-48.949494029536545
-48.87696976316669
-48.80309225461182
-48.72784770724626
-48.651222686422166
-48.57320412978236
-48.49377935751127
-48.41293608248314
-48.33066242026223
-48.246946898909876
-48.161778468550274
-48.07514651064507
-47.98704084692558
-47.89745174792855
-47.80636994108029
-47.713786618272394
-47.61969344286946
-47.52408255608892
-47.42694658269085
-47.32827863591388
-47.228072321592514
-47.12632174138995
-47.02302149507897
-46.918166681802596
-46.811752900246155
-46.70377624765041
-46.59423331759658
-46.4831211964929
-46.37043745869304
-46.25618016017581
-46.14034783071869
-46.02293946449582
-45.903954509034065
-45.7833928524622
-45.66125480898962
-45.53753992275865
-45.41225157504852
-45.285391577961775
-45.15695903414048
-45.026957427712986
-44.895389216727
-44.76225713046642
