39761.28
34849.53761434511
34837.88345678929
34826.23976480992
34814.55618166386
34802.82215269813
34791.03183418411
34779.180106788466
34767.262125030895
34755.27326082144
34743.20909122331
34731.06539150702
34718.838129157295
34706.52345833787
34694.11771474897
34681.61741085794
34669.01923149091
34656.32002977355
34643.5168234098
34630.6067912874
34617.58727039971
34604.45575307421
34591.20988449677
34577.84746052295
34564.366425766304
34550.76487195502
34537.04103654737
34523.1933015976
34509.2201928633
34495.12037914568
34480.89267185429
34466.53602478759
34452.049534120975
34437.432438593736
34422.68411988635
34407.80410317954
34392.79205788649
34377.64779854908
34362.37128588918
34346.96262800617
34331.42208171077
34315.75005398537
34299.94710356178
34284.01394260495
34267.95143849278
34251.76061568104
34235.44265764154
34218.99890886235
34202.43087689772
34185.740234454766
34168.928821504334
34151.99864740178
34134.95189300496
34117.79091277257
34100.51823683068
34083.13657298888
34065.64880869267
34048.05801289355
34030.36743782017
34012.58052063429
33994.70088495089
33976.73234220652
33958.678892855474
33940.54472737505
33922.33422705913
33904.05196458252
33885.70270431318
33867.29140235173
33848.82320628376
33830.303454613335
33811.73767586761
33793.13158734587
33774.49109349508
33755.822283891684
33737.131430809495
33718.424986354614
33699.709579150185
33680.99201055134
33662.27925037534
33643.578432130154
33624.89684772729
33606.24194166547
33587.62130467361
33569.04266680278
33550.513889958835
33532.042959869395
33513.63797748071
33495.30714978235
33477.05878006007
33458.90125757962
33440.84304670711
33422.892675473995
33405.05872359811
33387.349809975116
33369.774579657445
33352.34169034148
33335.05979838727
33317.93754439737
33300.98353838596
33284.20634457227
33267.61446583542
33251.216327871756
33235.020263098784
33219.034494352796
33203.267118430966
33187.72608953098
33172.4192026448
33157.35407696513
33142.53813936605
33127.97860802099
33113.68247622389
33099.65649647946
33085.90716493162
33072.44070619809
33059.263058681776
33046.37986042583
33033.79643558522
33021.51778157944
33009.54855699515
32997.89307030296
32986.556393069906
32975.53985573707
32964.84778100142
32954.482982462
32944.447881489235
32934.744502032554
32925.37446660315
32916.33899346656
32907.63889507258
32899.27457774241
32891.246042626844
32883.552887942344
32876.19431248443
32869.16912041008
32862.47572727437
32838.33810312676
32774.49310834869
32712.194574032812
32651.479682347544
32592.36637986793
32534.86076844982
32478.95911976354
32424.649495452155
32371.91325887028
32320.726433669308
32271.060883482813
32222.88531337412
32176.16610720167
32130.86802027234
32086.95474754638
32044.389386491854
32003.134811655793
31963.15397575792
31924.41014991471
31886.86711361251
31850.489303310384
31815.24192706777
31781.091051345047
31748.003665080778
31715.947725287988
31684.892187696612
31654.807025385107
31625.66323786111
31597.43285265795
31570.08892119521
31543.60551039015
31517.957691304087
31493.12152594334
31469.07405321855
31447.479392234003
31427.104476338754
31407.502739614698
31388.651732731512
31370.52938334692
31353.11560999735
31336.391371489222
31320.3389176363
31304.941822044177
31290.185032232905
31276.054939700356
31262.539474932622
31249.628233913645
31237.31264478556
31225.586186213808
31214.444673053335
31203.886630630608
31193.91378712688
31184.531725420522
31175.75075326768
31167.587077013533
31160.064404350604
31153.216164760466
31147.08863753286
31141.745444190827
31137.27414593747
31133.796186588428
31131.48233839702
31130.57757239468
31131.44286705788
31134.62930213331
