6.624453008078321
6.560661586644976
6.489123862054559
6.418757967555872
6.349563787815652
6.281538612293716
6.2146733552657345
6.148955004577333
6.084367820345511
6.020894190073288
5.958515238456226
5.897211268503977
5.836962085859004
5.777747240952816
5.71954621216757
5.662338545718414
5.606103963305015
5.550822444937823
5.4964742928740495
5.443040180451621
5.39050118903408
5.338838835322816
5.288035090957487
5.238072395565097
5.1889336647380295
5.140602293537121
5.093062156528521
5.046297604757949
5.000293460265214
4.955035008744482
4.910507990298213
4.866698589096059
4.82359342188919
4.78117952567018
4.739444344788404
4.698375717542864
4.657961862499491
4.618191364620079
4.579053161413997
4.540536528964214
4.50263106823289
4.46532669145672
4.428613608755109
4.392482315152212
4.356923577716479
4.321928423348665
4.287488126652563
4.253594198392011
4.220238374350628
4.187412604534511
4.155109042898349
4.123320037449092
4.092038120831807
4.0612560013196735
4.030966554196017
4.001162813611093
3.971837964872805
3.9429853370734307
3.9145983961156285
3.886670738180414
3.8591960834520043
3.8321682703213726
3.80558124984562
3.7794290805205573
3.753705923467694
3.728406037804362
3.7035237763738587
3.679053581666778
3.6549899821433582
3.631327588626776
3.6080610910587967
3.5851852554093786
3.5626949208457597
3.5405849970149097
3.5188504615934377
3.497486357980234
3.476487793121607
3.4558499355249284
3.4355680134263156
3.415637313067749
3.3960531770795845
3.3768110030289553
3.3579062420259396
3.33933439749824
3.3210910239831897
3.303171726034905
3.2855721572359093
3.2682880192653876
3.2513150610224955
3.2346490778529207
3.218285910765736
3.202221445795246
3.186451613291728
3.170972387387344
3.155779785414981
3.1408698674053404
3.126238735580819
3.1118825339170026
3.0977974477137837
3.0839797031964413
3.070425567118708
3.057131346431001
3.044093387941146
3.031308077948584
3.018771841979282
3.0064811444463873
2.994432488400551
2.98262241521924
2.9710475043455715
2.9597043730305703
2.9485896760638335
2.9377001055175627
2.927032390514479
2.916583296945506
2.9063496272692717
2.896328220222952
2.8865159506124085
2.8769097290580796
2.867506501743788
2.858303250192387
2.849296991006401
2.840484775651104
2.83186369016893
2.823430854970866
2.815183424580211
2.80711858736491
2.799233565320002
2.791525613778809
2.783992021185377
2.776630108834624
2.769437230619225
2.7624107727550506
2.7555481535321276
2.7490554300630183
2.742713355585276
2.736519840213844
2.730472759925538
2.724569977551886
2.7188093560324957
2.7131887669081483
2.707706095780081
2.7023592458133763
2.69714614004274
2.6920647228157564
2.687112960745589
2.682288843286245
2.6775903830667773
2.673015616070473
2.6685626016819164
2.664229422669699
2.6600141850818373
2.6559150181291256
2.651930074014071
2.6480575277380223
2.6442955769045784
2.6406424414999092
2.6370963636634297
2.6336556074550743
2.630318458615552
2.62708322433672
2.623948233007886
2.620911833984889
2.6179723973586713
2.6151283137027854
2.612377993857433
2.6097198686920904
2.6071523888858024
2.6046740247001336
2.6022832657667583
2.5999786208737112
2.5977586177556167
2.5956218028941045
2.593566741318468
2.591592016402107
2.589696229683823
2.5878780006755777
2.586135966677706
2.5844687826030324
2.5828751208020693
2.5813536708870632
2.579903139566676
2.5785222504818464
2.57720973461555
2.575964358839189
2.5747848966121207
2.5736701458133915
2.5726189037884857
2.571629992426241
2.5707022494542047
2.5698345282941606
2.569025697912826
2.5682746426786673
2.5675802622162336
2.566941471264863
2.566357199534332
2.565826391563943
2.5653480065809746
2.5649210183599744
2.5645444150810808
2.5642171991893843
