10.3121
9.845052027839536
9.847530353192688
9.850016813715387
9.852512858785914
9.855018806484651
9.85753484733269
9.860061156899231
9.86259790849968
9.865145274715344
9.867703427661576
9.870272539113905
9.872852780616107
9.875444323583931
9.878047339406105
9.880661999542696
9.883288475620878
9.885926939528101
9.888577563502635
9.891240520221446
9.893915982885467
9.896604125302165
9.899305121965444
9.90201914813283
9.90474637989992
9.907486994272084
9.910241169233341
9.91300908381243
9.915790918145996
9.918586853538839
9.921397072521208
9.924221758903018
9.92706109782502
9.929915275806739
9.932784480791193
9.935668902186274
9.938568730902672
9.941484159388304
9.944415381659068
9.9473625933259
9.950325991617904
9.953305775401507
9.9563021451955
9.959315303181748
9.962345453211512
9.96539280080715
9.968457553159057
9.971539919117685
9.974640109180433
9.977758335473208
9.980894811726516
9.984049753245767
9.987223376875757
9.990415900958874
9.99362754528705
9.996858531047007
10.000109080758731
10.003379418206835
10.006669768364539
10.009980357310164
10.01331141213568
10.016663160847207
10.020035832257154
10.023429655867748
10.02684486174559
10.0302816803872
10.03374034257508
10.037221079223952
10.040724121217599
10.04424969923487
10.047798043565777
10.051369383916715
10.054963949204922
10.058581967341873
10.06222366500538
10.065889267400241
10.06957899800734
10.073293078320937
10.077031727574118
10.080795162452267
10.084583596794504
10.088397241283038
10.092236303120423
10.096100985694742
10.099991488232805
10.103908005441417
10.107850727136894
10.111819837863022
10.115815516497664
10.119837935848356
10.123887262237188
10.12796365507544
10.132067266428361
10.136198240570733
10.140356713533713
10.144542812643708
10.148756656054005
10.152998352269982
10.157267999668827
10.161565686014724
10.165891487970644
10.17024547060784
10.174627686914375
10.179038177303939
10.183476969126525
10.187944076182356
10.192439498240816
10.196963220566007
10.201515213450842
10.206095431761433
10.21070381449397
10.21534028434591
10.220004747303864
10.22469709225019
10.229417190590851
10.234164895906375
10.238940043629036
10.243742450748043
10.248571915545487
10.25342821736545
10.258311115773807
10.263220352900525
10.26815564969611
10.273116708193077
10.278103210914395
10.283114820892028
10.288151181734973
10.293211917748648
10.298296634107407
10.303404917081846
10.308536334322232
10.313690435199284
10.318866751203254
10.324064796401913
10.329284067957907
10.324973577952589
10.330783888152824
10.336607826834339
10.342442260902093
10.348285332624277
10.354135701272698
10.359992339697998
10.365854428768717
10.371721290028146
10.377592341182558
10.383467066681606
10.389344998504171
10.39522570390229
10.401108777908416
10.406993839107304
10.412880527641164
10.418768504734297
10.424657453241648
10.430547078877217
10.436437111884915
10.442327308989848
10.448217455522503
10.454107367648048
10.459996894662336
10.465885921338874
10.471774370328703
10.47766220462971
10.483549430154525
10.489436098438071
10.495322309537007
10.501208215185695
10.507094022286521
10.512979996827355
10.518866468337526
10.523989732644594
10.528912759936393
10.53382891610829
10.538738583077029
10.543642524441172
10.548541261374977
10.55343544301085
10.558325766699399
10.563212984939875
10.568097913874599
10.572981443743151
10.577864551789135
10.582748318257977
10.587633946321649
10.592522787033838
10.597416370788988
10.602316447273125
10.607225036620155
10.612144495527179
10.61707760359133
10.62202767736103
10.626998722951123
10.631995643226153
10.637024523659603
10.642093034044388
10.647211004931929
10.65239127494768
10.657650971675302
10.66301351316745
10.668511862581974
10.674194086011406
