0.00023
0.00020096530046637446
0.00020007968889811708
0.00019922750968519762
0.00019840614618678033
0.00019761503833448684
0.0001968538638193074
0.0001961222262448819
0.00019541960893449515
0.00019474537658080608
0.0001940987863737618
0.00019347900154368067
0.0001928851057091326
0.00019231611739226403
0.0001917710042747547
0.00019124869685533703
0.00019074810124143936
0.0001902681108767143
0.0001898076170725041
0.00018936551827178377
0.0001889407280268404
0.00018853218171564466
0.0001881388420562048
0.0001877597035034912
0.0001873937956303943
0.00018704018560385786
0.0001866979798708775
0.00018636632516777187
0.0001860444089611837
0.00018573145942170686
0.00018542674502177695
0.00018512957383928907
0.00018483929263796552
0.00018455528578507351
0.000184276974057376
0.00018400381337696926
0.0001837352935104974
0.00018347093675786976
0.00018321029665030122
0.0001829529566720408
0.00018269852901568154
0.00018244665337717217
0.00018219699579378567
0.00018194924752589913
0.0001817031239818264
0.00018145836368361822
0.00018121472727102402
0.00018097199654025384
0.00018072997351409589
0.00018048847953986726
0.0001802473544119476
0.00018000645551593633
0.0001797656569918449
0.00017952484891423556
0.00017928393648760754
0.00017904283925587576
0.00017880149044389657
0.00017855983908800276
0.00017831783654473997
0.000178075455414165
0.0001778326755424209
0.0001775894866485568
0.00017734588763252505
0.00017710188589828275
0.00017685749669447867
0.00017661274247401544
0.00017636765227363834
0.00017612226111455713
0.00017587660942511752
0.00017563074248631082
0.0001753847099009001
0.0001751385650867206
0.00017489236457282313
0.00017464616842069165
0.00017440003848632297
0.00017415403887818256
0.000173908235359095
0.00017366269498960736
0.00017341748579513904
0.0001731726764573202
0.00017292833602759467
0.00017268453366471988
0.00017244133839313685
0.00017219881888275645
0.0001719570432488364
0.00017171607887111608
0.00017147599223126854
0.00017123684876770977
0.00017099871274680613
0.00017076164714948703
0.0001705257135723396
0.00017029097214217443
0.00017005748144317985
0.00016982529845570012
0.000169594478505804
0.00016936507522471902
0.0001691371405173765
0.00016891072453920699
0.0001686858756804885
0.000168462640557499
0.00016824106400980027
0.00016802118910301867
0.00016780305713651915
0.0001675867076554084
0.00016737217846632816
0.00016715950565658377
0.0001669487236161142
0.00016673986506191173
0.0001665329610644913
0.00016632804107604663
0.0001661251329600155
0.00016592426302167718
0.00016572545603960658
0.00016552873529765283
0.0001653341226173035
0.00016514163839018994
0.00016495129754393699
0.0001647631258216474
0.00016457713547704875
0.0001643933415011263
0.00016421175761772245
0.00016403239631124268
0.00016385531801692716
0.00016368043512048075
0.000163507804689925
0.00016333743489714157
0.0001631693325096435
0.00016300350317886955
0.00016283995150231118
0.00016267868105290407
0.00016251969440306851
0.00016236299314728697
0.00016220857792380202
0.00016205639872279913
0.00016190655315240262
0.00016175899042113803
0.00016161370718415419
0.0001614706995466749
0.0001613299628171048
0.00016119149148644639
0.0001610552792396218
0.00016092131897099842
0.0001607896028002386
0.0001606601220879411
0.0001605328674510475
0.00016040782877806855
0.00016028499524417883
0.00016016435532621818
0.00016004589681765157
0.0001599296068435672
0.00015981547187571645
0.00015970347774766058
0.00015959360967008108
0.0001594858522462616
0.00015938018948778672
0.00015927660483051987
0.0001591750811508396
0.0001590756007821963
0.00015897814553199238
0.0001588826966988167
0.00015878923509002736
0.00015869774103971344
0.00015860819442702417
0.0001585205746948634
0.0001584348608689773
0.00015835103157737615
0.0001582690650701239
0.00015818893923944625
0.0001581106316401881
0.00015803411951050106
0.00015795937979287523
0.0001578863891553354
0.0001578151240128816
0.00015774556054909256
0.00015767767473784231
0.0001576114423651324
0.00015754683905106693
0.00015748384027123777
0.00015742242137953895
0.00015736255762897875
0.0001573042241937857
0.00015724739619079985
0.00015719204870073342
0.0001571381567891461
0.00015708569552717904
0.0001570346400118806
0.00015698496538618233
0.0001569366468584579
0.00015688965972157992
0.0001568439793715215
0.00015679958132540193
0.00015675644123898017
0.00015671453492354642
0.0001566738383621989
0.00015663432772550535
0.00015659597938645726
0.0001565587699347788
0.00015652267619053816
0.0001564876752170444
0.0001564537443330142
