-4.895395009259733
-2.2849119752329097
-5.481860264305816
-2.542163096815469
-5.500089303244473
-2.550691868162957
-5.515822058059708
-2.5580440107659896
-5.529851274754765
-2.5645970877744984
-5.542446439364368
-2.57047793372277
-5.553778959814193
-2.5757666944698623
-5.563988952834109
-2.5805287799164085
-5.5731965226778
-2.584820428569226
-5.581508365052193
-2.588691418149891
-5.589017521872091
-2.592185326063589
-5.59580653047732
-2.5953408021593805
-5.601948644862628
-2.5981921717426766
-5.6075090789155455
-2.6007700116551584
-5.612546051952861
-2.603101635003046
-5.617111673123966
-2.6052115014362762
-5.621252693469864
-2.6071215662775984
-5.625011148585967
-2.608851579097087
-5.628424910328377
-2.610419340242382
-5.631528162482686
-2.61184092220769
-5.634351812545607
-2.6131308614456423
-5.636923849564869
-2.6143023252082247
-5.639269656238103
-2.6153672571985527
-5.641412282048488
-2.616336505158817
-5.643372683080662
-2.617219932997604
-5.64516993323679
-2.618026519634237
-5.646821410805548
-2.6187644463847777
-5.648342963722685
-2.619441174431766
-5.649749056345629
-2.620063513682181
-5.651052900138024
-2.6206376841219217
-5.65226657030584
-2.6211693706120713
-5.653401110135414
-2.6216637719380547
-5.65446662452653
-2.6221256448044308
-5.655472364015083
-2.6225593433764853
-5.6564266960461245
-2.6229689656518618
-5.657337710948637
-2.6233578392168946
-5.658212177683864
-2.6237296289125114
-5.659056732080409
-2.6240872967919393
-5.659877351954652
-2.624433654937093
-5.660679516857662
-2.6247712806595502
-5.661468250822778
-2.62510253667051
-5.662248160394707
-2.625429589018512
-5.66302346913964
-2.6257544233674075
-5.663798049094742
-2.626078859831064
-5.664575449466833
-2.626404566510693
-5.665358922853437
-2.6267330718631734
-5.666151449215432
-2.6270657760083562
-5.666955757816387
-2.6274039610765794
-5.667774347314423
-2.6277488006839915
-5.668609504173187
-2.6281013686142436
-5.669463319546502
-2.6284626467794494
-5.6703377047699774
-2.628833532523308
-5.671234405582304
-2.6292148453243707
-5.672155015189038
-2.629607332952684
-5.6731009862649335
-2.6300116771252267
-5.674073641988133
-2.630428498704222
-5.6750741861885325
-2.6308583624772113
-5.676103712681988
-2.631301781552797
-5.677163213862138
-2.631759221405949
-5.678253588606907
-2.632231103599896
-5.6793756495600975
-2.6327178092131205
-5.680530129836979
-2.6332196819945928
-5.681717689200902
-2.633737031269487
-5.682938919755019
-2.634270134616192
-5.684194351186511
-2.634819240332331
-5.685484455600591
-2.6353845697073575
-5.686809651975638
-2.6359663191165885
-5.688170310272582
-2.6365646619522862
-5.6895667552217795
-2.6371797504027947
-5.6909992698170795
-2.6378117170937356
-5.6924680985363745
-2.638460676600396
-5.693973450314756
-2.639126726843612
-5.695515501284333
-2.6398099503758266
-5.697094397304228
-2.640510415568361
-5.698710256293517
-2.6412281777059774
-5.700363170384488
-2.641963279996886
-5.702053207909433
-2.6427157545044677
-5.703780415234699
-2.6434856230071357
-5.705544818452419
-2.6442728977913115
-5.707346424945044
-2.6450775823845447
-5.709185224826321
-2.645899672230625
-5.711061192276883
-2.6467391553150845
-5.712974292705272
-2.647596015466096
-5.714924460090461
-2.6484702219537843
-5.716911633743348
-2.6493617463906842
-5.718935735478799
-2.6502705522493692
-5.7209966763652895
-2.6511965979744883
-5.723094357694724
-2.6521398374303393
-5.725228671765617
-2.653100220270485
-5.727399502333542
-2.6540776921475975
-5.729606725502
-2.655072195130454
-5.731850210527207
-2.6560836680749365
-5.7341298124678035
-2.657112043250165
-5.736445401832873
-2.6581572599731675
-5.738796822740867
-2.6592192453762054
-5.7411839208240645
-2.66029792723511
-5.743606537043286
-2.661393231130067
-5.7460645080306305
-2.6625050806049932
-5.74855766642839
-2.663633397324974
-5.751085841207976
-2.664778101224279
-5.753648857966405
-2.665939110643813
-5.756246539202625
-2.6671163424590416
-5.758878704573155
-2.6683097121981785
-5.761545171128446
-2.6695191341512783
-5.76424575353326
-2.670744521471749
-5.766980264269248
-2.6719857862694645
-5.769748513823989
-2.6732428396974344
-5.772550310864817
-2.674515592031269
-5.77538546240115
-2.675803952743123
-5.778253773933511
-2.6771078305693257
-5.78115504959188
-2.678427133572856
-5.784089092264364
-2.6797617692011473
-5.787055703715442
-2.6811116443388583
-5.790054684694518
-2.682476665355927
-5.793085835037299
-2.683856738152074
-5.79614895375788
-2.6852517681967334
-5.799243839134024
-2.6866616605655698
-5.80237028878456
-2.688086319973033
-5.805528099739525
-2.689525650801236
-5.808717068504519
-2.6909795571257775
-5.811936991116959
-2.6924479427374357
-5.815187663197511
-2.6939307111611757
-5.818468879992711
-2.6954277656705963
-5.8217804364131425
-2.6969390092997827
-5.825122127063877
-2.6984643448509646
-5.828493746267321
-2.700003674897994
-5.831895088079679
-2.7015569017860983
-5.835325946298857
-2.703123927626814
-5.838786114464899
-2.7047046542885074
-5.842275385849421
-2.7062989833806803
-5.84579355343627
-2.707906816232993
-5.849340409890126
-2.70952805386725
-5.852915747511755
-2.7111625969615836
-5.856519358179432
-2.7128103458063517
-5.860151033271989
-2.7144712002493465
-5.863810563572345
-2.716145059629453
-5.867497739148443
-2.7178318226969154
-5.871212349205467
-2.7195313875168594
-5.874954181906057
-2.721243651353997
-5.878723024151235
-2.7229685105343435
-5.882518661314378
-2.7247058602795757
-5.886340876916988
-2.726455594507701
-5.890189452236642
-2.728217605594213
-5.894064165827618
-2.729991784083072
-5.897964792936133
-2.731778018337
-5.901891104783684
-2.733576194112137
-5.905842867684029
-2.735386194037735
-5.909819841949779
-2.7372078969760376
-5.913821780530358
-2.7390411772297307
-5.917848427302304
-2.7408859035527557
-5.9218995149057365
-2.7427419379052917
-5.925974761982987
-2.7446091338726393
-5.930073869615052
-2.746487334634716
-5.934196516672269
-2.7483763703288404
-5.938342353664935
-2.75027605457708
-5.942510994493574
-2.7521861798467064
-5.94670200518593
-2.7541065111418215
-5.950914888226684
-2.7560367772601824
-5.955149060257709
-2.7579766583976846
-5.959403819502379
-2.7599257681064797
-5.9636782966917865
-2.7618836262108064
-5.967971378339769
-2.7638496166067728
-5.9722815812419805
-2.765822918464652
-5.976607019811989
-2.7678024690742196
-5.9809443117656835
-2.76978643793918
-5.9852887340420855
-2.771772213203662
-5.9896316433409735
-2.773755065354932
-5.993954958703935
-2.775725143495026
-5.998205384180176
-2.7776536121566626
-6.003891047448663
-2.78073806373584
-6.008127767383948
-2.7826888370034584
-6.012396332401365
-2.784654694484119
-6.016689594443098
-2.786632190978427
-6.021006046804251
-2.7886206087880354
-6.025345004966022
-2.7906196274284056
-6.029705924001486
-2.79262899343553
-6.0340882994686025
-2.794648472455088
-6.03849165176006
-2.7966778417053595
-6.042915522485903
-2.798716888259084
-6.047359472680403
-2.8007654082054483
-6.051823081366929
-2.8028232059830316
-6.056305944263512
-2.80489009377874
-6.060807672593432
-2.806965890975546
-6.0653278919851505
-2.809050423641781
-6.069866241457535
-2.8111435240599625
-6.074422372481875
-2.8132450302913163
-6.078995948115227
-2.8153547857733767
-6.083586642199451
-2.817472638948112
-6.088194138620662
-2.8195984429180925
-6.092818130625576
-2.8217320551290532
-6.097458320188276
-2.8238733370758875
-6.102114417426096
-2.8260221540314525
-6.106786140058154
-2.8281783747951486
-6.111473212905251
-2.8303418714607314
-6.116175367428013
-2.83251251920186
-6.120892341298103
-2.8346901960730233
-6.125623878002987
-2.8368747828260217
-6.1303697264788175
-2.8390661627395235
-6.135129640772742
-2.841264221462275
-6.139903379727498
-2.8434688468666574
