2.9114216245522386
2.911812354146708
2.912211739201194
2.9126205672876466
2.9130389289299137
2.9134667970195247
2.9139041283720526
2.914350882010726
2.914807022662302
2.9152725215951953
2.9157473569445527
2.916231513903239
2.916724984847066
2.9172277694084903
2.917739874503761
2.91826131431697
2.9187921102440617
2.919332290799567
2.9198818914884876
2.9204409546453345
2.9210095292419074
2.921587670665008
2.9221754404649465
2.9227729060754037
2.9233801405050794
2.9239972220014137
2.9246242336867643
2.9252612631674477
2.9259084021163195
2.9265657458297833
2.9272333927604866
2.927911444027293
2.9286000029045525
2.929299174293085
2.9300090641756977
2.930729779060448
2.931461425415225
2.9322041090975084
2.932957934783454
2.9337230054006014
2.934499421568653
2.935287281052799
2.9360866782340227
2.936897703600729
2.9377204432658237
2.938554978513137
2.9394013853767356
2.9402597342563026
2.9411300895713257
2.942012509456356
2.942907045499103
2.9438137425226234
2.9447326384123027
2.9456637639878482
2.9466071429199654
2.947562791690927
2.9485307197105506
2.9495109288922103
2.9505034144656896
2.9515081645889882
2.952525160636464
2.953554377382275
2.9545957832126715
2.9556493403632773
2.9567150051779896
2.9577927283862566
2.9588824553955035
2.9599841265955757
2.9610976776721505
2.9622230399262186
2.963360140596885
2.964508903184924
2.965669247762976
2.9668410913432886
2.9680243481120256
2.9692189297887075
2.9704247459082125
2.971641704106479
2.9728697103949413
2.974108669422736
2.9753584847259935
2.976619058963662
2.977890294139522
2.97917209181018
2.980464353278962
2.981766979775757
2.9830798726229717
2.98440293338784
2.985736064021427
2.9870791669847203
2.988432145362275
2.9897949029639075
2.991167344414984
2.99254937523587
2.9939409019111203
2.995341831949015
2.9967520739320297
2.998171537558851
2.9996001336785207
3.0010377743172962
3.002484372698794
3.003939843257965
3.005404101649436
3.00687706475072
3.008358650660801
3.009848778694533
3.011347369373306
3.012854344412395
3.014369626705377
3.0158931403059803
3.0174248104077175
3.0189645633216027
3.020512326452268
3.022068028272739
3.023631598298121
3.0252029670584424
3.0267820660859823
3.0283688278379173
3.0299631857235503
3.0315650740514006
3.03317442800273
3.03479118360344
3.036415277261036
3.0380466473667918
3.0396852320398278
3.04133097036573
3.042983802174815
3.044643667985941
3.046310508977504
3.0479842669630184
3.049664884368074
3.0513523042082498
3.053046470067946
3.0547473265070963
3.0564548174393047
3.05816888830828
3.0598894848226643
3.061616553132435
3.063350039844115
3.0650898920107026
3.06683605711877
3.0685884830759775
3.0703471181994466
3.072111911205042
3.0738828111975605
3.0756597676618096
3.0774427304545555
3.07923164979732
3.081026476270004
3.082827160805313
3.084633654683961
3.0864459095306245
3.088263877310628
3.090087510327315
3.0919167612200966
3.0937515829631383
3.0955919288646534
3.097437752566776
3.0992890080459854
3.1011456496140477
3.1030076319194397
3.1048749099492357
3.1067474390314103
3.1086251748375417
3.1105080733858643
3.112396091044665
3.1142891845359695
3.116187310939497
3.1180904276968584
3.1199984926159563
3.1219114638755676
3.1238293000300734
3.1257519600143113
3.127679403148521
3.1296115891433596
3.1315484781049543
3.133490030539974
3.135436207360688
3.1373869698900014
3.1393422798664283
3.1413020994489944
3.1432663912220424
3.1452351181999223
3.1472082438315483
3.1491857320048102
3.1511675470508105
3.153153653747931
3.155144017325696
3.1571386034684363
3.1591373783187304
3.1611403084806193
3.1631473610225824
3.1651585034802743
3.1671737038590004
3.1691929306359405
3.1712161527621117
3.173243339664057
3.1752744612452726
3.1773094878873573
3.1793483904508975
