13.084916330165148
12.110536505648033
12.04687930907086
11.98090713014124
11.913310972902273
11.84449453456799
11.77469624389779
11.704055513701261
11.63265217010976
11.56052989709321
11.487710146005687
11.414200360216947
11.339998809444829
11.265097399742752
11.189483271371605
11.113139666839743
11.036046354826011
10.958179778543586
10.879513027184998
10.800015687247068
10.71965360534938
10.638388578825435
10.556177980827814
10.472974320516325
10.388724734632794
10.303370403516768
10.216845881837989
10.129078331644303
10.039986642501228
9.94948042036545
9.857458823139646
9.763809216560349
9.668405618840314
9.571106896238884
9.47175466413681
9.370170838980874
9.266154775274579
9.159479908194447
9.04988980590986
8.937093515706927
8.82076006394448
8.70051194106397
8.575917368805825
8.446481107190154
8.311633514088266
8.170717522015975
8.022973149188543
7.867519123448376
7.703331184325593
7.529216670651754
7.343785150598437
7.145415200426878
6.932219290282534
6.702001997441093
6.452233254118203
6.180022303282537
5.882124410487372
5.554999064059973
5.194961222102321
4.7984853381258
4.362740592519109
3.8864390623091145
3.371034520376532
2.8221688504958693
2.2509888602267942
1.6746117965137646
1.1148758424196608
0.5949854501720195
0.13483466373071643
-0.25309022602865655
-0.5654003618914165
-0.806659599035442
-0.9865047878491443
-1.1165410521698609
-1.2080759029665833
-1.2708832483561687
-1.312797145663498
-1.3397902108060318
-1.356264272698908
-1.3653893743921512
-1.3694126382164709
-1.3699097910599978
-1.3679775897690307
-1.3643755411348795
-1.3596277774926782
-1.3540951374304455
-1.3480256305304668
-1.341589520002028
-1.3349035961699252
-1.3280479177028595
-1.321077333238675
-1.314029399522491
-1.3069303118122375
-1.2997965856090878
-1.2926407760237577
-1.2854711099804736
-1.2782927081548074
-1.2711104132650821
-1.2639262865039165
-1.2567420583846036
-1.249558865003432
-1.2423776180850576
-1.2351988092194885
-1.2280228295096507
-1.220849953602759
-1.2136803806598828
-1.2065142621967742
-1.1993517209777276
-1.192192863796336
-1.185037790076196
-1.1778865976151907
-1.1707393863780282
-1.1635962609565926
-1.1564573321212541
-1.1493227177546015
-1.1421925433655526
-1.1350669423207729
-1.1279460558858463
-1.1208300331412728
-1.1137190308152856
-1.106613213065625
-1.0995127512273624
-1.0924178235446227
-1.0853286148913377
-1.0782453164907144
-1.071168125635632
-1.0640972454142335
-1.0570328844392707
-1.0499752565870681
-1.0429245807432324
-1.035881080555555
-1.0288449841964302
-1.0218165241320272
-1.014795936899919
-1.0077834628950042
-1.0007793461618477
-0.9937838341949079
-0.9867971777453948
-0.9798196306351495
-0.972851449576184
-0.9658928939973624
-0.9589442258760802
-0.9520057095760838
-0.9450776116899992
-0.9381602008879683
-0.9312537477700306
-0.9243585247240709
-0.917474805787573
-0.9106028665140117
-0.9037429838430867
-0.8968954359747984
-0.8900605022472396
-0.8832384630179169
-0.8764295995482912
-0.8696341938915059
-0.8628525287832814
-0.8560848875355327
-0.8493315539327583
-0.8425928121309557
-0.8358689465592842
-0.829160241823866
-0.8224669826138451
-0.8157894536096638
-0.8091279393934501
-0.8024827243611745
-0.7958540926367504
-0.7892423279881117
-0.7826477137444505
-0.7760705327156956
-0.769511067113054
-0.7629695984713073
-0.7564464075721157
-0.7499417743693337
-0.7434559779147497
-0.7369895846443834
-0.7305422753349391
