8.567535
7.702022398057656
7.273484056964703
6.901930826965541
6.580091532859189
6.300811058716565
6.058094991859404
5.846911874480392
5.663028338438028
5.502872292496816
5.3634197843591815
5.2421016759204635
5.136726784660287
5.045418633042884
4.9665633968932505
4.898767043951532
4.840820001586182
4.7916679887942015
4.7503878958036605
4.7161678001468985
4.688290376821735
4.666119097837729
4.649086728311043
4.636685716931276
4.628460152001691
4.623999013687115
4.622930501191891
4.624915955510852
4.6296510518790805
4.636854468016031
4.6462703001073855
4.657664242294045
4.670821466352527
4.685544798478846
4.701653143443169
4.718980114535778
4.737372834641956
4.756690879598439
4.776805339820233
4.797597980354729
4.818960482940056
4.840793756603577
4.863007305783371
4.885518647036969
4.908252767109442
4.931141616613632
4.954123634723546
4.9771433012905995
5.000150713573864
5.0231011854275875
5.045954867270356
5.06867638558217
5.091234500957233
5.1136017839673364
5.135754308249383
5.157671360333832
5.179335165803966
5.200730631401385
5.221845102697186
5.24266813696533
5.263191290851811
5.283407922404462
5.303313007028459
5.322902966863318
5.342175513068947
5.361129500490897
5.379764794111573
5.398082146740073
5.416083087307877
5.433769819201072
5.451145127993963
5.468212298012148
5.48497503710158
5.5014374090483
5.517603773063621
5.53347872979321
5.549067073330909
5.564373748716204
5.579403814459608
5.594162409626388
5.608654725057621
5.622885978336719
5.6368613921216415
5.650586175502584
5.664065508063671
5.677304526357426
5.690308312526402
5.703081884810131
5.715630189742824
5.727958095804446
5.740070388371185
5.751971765780911
5.763666836378796
5.775160116396962
5.786456028565323
5.797558901338937
5.808472968646043
5.819202370091101
5.82975115152057
5.840123265904232
5.85032257447023
5.860352848044668
5.870217768562055
5.879921671334329
5.889465845049301
5.898855933919076
5.908094542741252
5.917184935139824
5.9261302967537315
5.934933737112959
5.943598291547966
5.952126923090602
5.960522524341122
5.968787919321146
5.976925865280355
5.984939054473696
5.992830115899036
6.0006016169919185
6.008256065279054
6.015795909987513
6.02322354361152
6.0305413034376505
6.037751473020647
6.044856283625688
6.051857915617742
6.058758499820627
6.065560118828084
6.072264808278598
6.078874558088924
6.085391313656849
6.091816977022677
6.098153407993334
6.104402425238787
6.110565807353216
6.116645293882205
6.122642586323081
6.12855934909053
6.134397210458223
6.140157763470174
6.145842566826696
6.151453145742783
6.156990992782383
6.162457568669177
6.167854303071283
6.173182595368499
6.178443815391161
6.183639304142924
6.188770374499951
6.193838311893392
6.1988443749709035
6.203789796238214
6.208675782685062
6.2135035163940024
6.218274155131222
6.222988832919162
6.227648660599683
6.232254726374988
6.236808096335977
6.241309814981499
6.245760905713787
6.250162371329492
6.25451519449267
6.258820338198213
6.263078746217805
6.267291343541779
6.271459036802717
6.275582714690096
6.279663248357293
6.28370149181024
6.287698282293811
6.291654440667811
6.2955707717630665
6.299448064742883
6.3032870934451575
6.307088616719354
6.310853378753228
6.314582109394948
6.318275524460396
6.321934326043004
6.325559202801032
6.329150830254803
6.332709871061603
6.336236975293268
6.339732780702195
6.343197912983799
6.346632986027052
6.350038602168238
6.353415352426551
6.356763816746693
6.360084564222886
6.3633781533291724
6.366645132134672
6.369886038518703
6.3731014003818025
6.376291735844967
6.3794575534515126
6.382599352362348
6.385717622542239
6.388812844947613
6.391885491705194
