-0.29730316194704354
-0.28251137928635445
-0.2832382937616823
-0.2839622444742163
-0.28467576258724364
-0.28537597006564924
-0.2860619871959596
-0.28673379884156663
-0.2873917574297095
-0.2880363635034036
-0.28866816787580457
-0.28928772761023674
-0.2898955862319349
-0.2904922650904251
-0.2910782599977083
-0.29165404043269777
-0.2922200500110132
-0.29277670757528873
-0.2933244085661426
-0.2938635264900546
-0.29439441438149855
-0.29491740620272316
-0.2954328181524002
-0.2959409498702769
-0.29644208552819007
-0.29693649482160667
-0.29742443385701817
-0.2979061481978188
-0.2983818645344397
-0.29885180500516595
-0.2993161785905168
-0.2997751839638764
-0.3002290099787474
-0.3006778361158694
-0.3011218329039195
-0.30156116231320784
-0.30199597812441853
-0.3024264262872061
-0.3028526452565786
-0.30327476632495676
-0.3036929139397527
-0.3041072060146447
-0.30451775423210165
-0.30492466434166904
-0.3053280364467443
-0.3057279652908809
-0.3061245405338661
-0.3065178470212549
-0.30690796504625156
-0.3072949706080239
-0.3076789356563928
-0.30805992833269724
-0.30843801319995706
-0.30881325146486427
-0.30918570119030786
-0.3095554174974354
-0.3099224527602029
-0.3102868567902883
-0.310648677008649
-0.311007958611096
-0.31136474472535147
-0.31171907655273257
-0.312070993507927
-0.3124205333451351
-0.31276773227556426
-0.31311262508149873
-0.3134552452137994
-0.313795624891369
-0.3141337951850445
-0.31446978610135323
-0.31480362665329586
-0.3151353449320364
-0.3154649681658858
-0.31579252277966247
-0.3161180344462559
-0.3164415281328298
-0.3167630281466678
-0.31708255817117914
-0.3174001413045288
-0.3177158000913601
-0.31802955655129134
-0.3183414322067392
-0.31865144810699575
-0.3189596248505711
-0.3192659826047391
-0.31957054112354993
-0.3198733197664833
-0.32017433750974383
-0.32047361296471655
-0.32077116438676784
-0.32106700968916785
-0.3213611664522282
-0.32165365193494444
-0.32194448308206397
-0.3222336765338273
-0.3225212486346244
-0.3228072154375479
-0.32309159271465254
-0.32337439596117235
-0.3236556404024585
-0.32393534100035826
-0.32421351245750846
-0.32449016922395935
-0.32476532376569506
-0.32503899524826974
-0.3253111921868092
-0.32558192980337
-0.32585122135474287
-0.3261190798737927
-0.3263855181729292
-0.32665054884696904
-0.32691418427967517
-0.32717643664415336
-0.32743731791048974
-0.32769683984699116
-0.3279550140243908
-0.32821185182023527
-0.32846736442169705
-0.32872156282957604
-0.32897445786124396
-0.32922606015403466
-0.32947638016957725
-0.32972542819531847
-0.32997321435001514
-0.3302197485841349
-0.33046504068550864
-0.33070910028139155
-0.330951936841499
-0.33119355967998254
-0.3314339779603753
-0.3316732006979783
-0.3319112367609509
-0.3321480948746198
-0.3323837836244809
-0.33261831145791587
-0.332851686688114
-0.3330839174952001
-0.3333150119298213
-0.3335449779152001
-0.33377382325037974
-0.33400155561170203
-0.3342281825562179
-0.334453711523343
-0.33467814983694943
-0.3349015047091648
-0.33512378324091263
-0.33534499242538285
-0.33556513914899433
-0.3357842301947989
-0.3360022722443531
-0.33621927187931355
-0.3364352355832593
-0.33665016974493034
-0.3368640806594846
-0.3370769745294674
-0.33728885746893905
-0.33749973550364726
-0.3377096145726384
-0.33791850053227757
-0.3381263991553576
-0.33833331613456447
-0.3385392570834747
-0.33874422753923117
-0.3389482329622619
-0.33915127874010537
-0.3393533701878175
-0.33955451254929153
-0.3397547110005272
-0.33995397064846744
-0.34015229653421125
-0.3403496936359255
-0.3405461668661679
-0.3407417210771797
-0.3409363610605832
-0.3411300915489782
-0.34132291721679897
-0.3415148426830812
-0.3417058725103209
-0.34189601120936886
-0.34208526323583527
-0.34227363299612634
-0.3424611248452654
-0.3426477430897359
-0.34283349198791135
-0.34301837575212685
-0.34320239854762336
-0.34338556449673907
-0.3435678776766065
-0.3437493421235368
-0.34392996183068025
-0.3441097407521253
-0.3442886828017136
-0.34446679185447027
-0.344644071748956
-0.3448205262855627
-0.3449961592290568
-0.3451709743101787
-0.3453449752245717
-0.34551816563529303
-0.3456905491724239
