742.9968
1367.2884129450565
1366.4859620148804
1365.2914924601791
1363.7185861693092
1361.773636133927
1359.46348534936
1356.7966559358197
1353.7834185240117
1350.4356402901146
1346.7665837398229
1342.7906922000784
1338.5233734535414
1333.980787981253
1329.179646635767
1324.1370214536455
1318.8701722986277
1313.3963910752473
1307.7328643949363
1301.8965548391964
1295.904100360855
1289.7717308977521
1283.5152009373048
1277.1497365525115
1270.6899953138814
1264.1500374495647
1257.5433066592811
1250.8826190699945
1244.1801589370573
1237.4474798315227
1230.6955102013358
1223.9345623435072
1217.1743439695745
1210.4239716833508
1203.6919858153212
1196.9863661702911
1190.3145483432158
1183.683440342567
1177.0994393316614
1170.5684483567277
1164.0958929773337
1157.6867377513968
1151.3455025543753
1145.076278731858
1138.8827450977856
1132.7681837980547
1126.7354960623034
1120.7872178664104
1114.9255355252346
1109.1523012303435
1103.469048541493
1097.8770078339937
1092.3771216972873
1086.9700602733649
1081.6562365175882
1076.43582135885
1071.3087587314747
1066.2747838223172
1061.333420406132
1056.484029827727
1051.7257918629437
1047.0577341301682
1042.4787428612149
1037.9875760616108
1033.5828762704245
1029.263182886312
1025.0269440325949
1020.8725279385699
1016.798233817471
1012.8023022267062
1008.8829248969281
1005.0382540240265
1001.2664110185054
997.5655104281541
993.933606041489
990.3687884298033
986.8691325468942
983.4327182629447
980.0576359482627
976.7419915724854
973.4839113339486
970.2815458341834
967.1330738251796
964.0367055355271
960.9906856098529
957.9932956745333
955.0428565535739
952.1377301567576
949.2763210531413
946.4570777748633
943.6784938314936
940.939108495081
938.2375073510705
935.5723226417481
932.942233419015
930.3459655235952
927.782291406979
925.2500298116227
922.7480453240302
920.2752478145062
917.8305917765653
915.4130755781036
913.0217406356704
910.6556705223345
908.3139900189179
905.9958641176178
903.7004969862738
901.4271309009522
899.1750451537588
896.9435549422768
894.7320102463491
892.5397946974641
890.3663244453902
888.2110470263025
886.0734402361444
883.953011012529
881.8492943281485
879.7618520982152
877.690275853192
875.6341709198956
873.593177143382
871.5669536533676
869.555181322751
867.5575618085261
865.5737316044844
863.6035967652755
861.6468370571804
859.7032264179168
857.7725564722938
855.8546345138592
853.9492825346119
852.0563364256758
850.1756452230178
848.3070703798479
846.4505709891796
844.605863697239
842.7729226983023
840.9516539484152
839.1419711151613
837.3437961863186
835.5570590670535
833.781697047438
832.0176542669747
830.2648811937379
828.5233341201599
826.7929746751792
825.0737693522155
823.3656890523787
821.6687086423531
819.9828065264032
818.3079642319863
816.6441660084979
814.9913984386765
813.3496500622593
811.7189110114846
810.0991726580936
808.4904272715002
806.8926676878465
805.3058869896811
803.7300781960392
802.1652339627327
800.6113462926954
799.0684062562449
797.5364037211777
796.0153270925932
794.5051630624475
793.0058963687624
791.5175095645163
790.0399827962451
788.5732935923487
787.117416661195
785.6723236990582
784.2379832079699
782.8143603235671
781.4014166530211
779.9991101231174
778.6073948386105
777.2262209628909
775.8555345371946
774.4952774897996
773.1579379307603
771.8063211768126
770.4769396214427
769.1577176082016
767.8485700069091
766.549411121944
765.2601512059553
763.980695919424
762.710946238663
761.4507984395354
760.200144101229
758.9588701216423
757.7268587429742
756.5039875871398
755.2901297007649
754.0851536095199
752.8889233815294
751.7012986995828
750.5221349418209
749.3512832706041
