-78.03235175750316
-99.20640620567269
-95.56369984391291
-93.39513723532158
-92.17493846351361
-91.44129079623214
-90.93099958738163
-90.51020127738946
-90.1152366654021
-89.71745124157586
-89.3048945545361
-88.87334647953617
-88.4220646301811
-87.95181368016047
-87.46397153251606
-86.96013467155883
-86.44195079839939
-85.91105255223295
-85.36903458366204
-84.81744805257357
-84.257801221809
-83.691561416363
-83.1201565359462
-82.5449755567084
-81.96736796256423
-78.03235175750316
-99.20640620567269
-95.56369984391291
-93.39513723532158
-92.17493846351361
-91.44129079623214
-90.93099958738163
-90.51020127738946
-90.1152366654021
-89.71745124157586
-89.3048945545361
-88.87334647953617
-88.4220646301811
-87.95181368016047
-87.46397153251606
-86.96013467155883
-86.44195079839939
-85.91105255223295
-85.36903458366204
-84.81744805257357
-84.257801221809
-83.691561416363
-83.1201565359462
-82.5449755567084
-81.96736796256423
