32.106554564195186
32.168224599710214
32.24515517108025
32.33620842725488
32.44036879839998
32.55671648821029
32.6844109189985
32.822679244508684
32.97080769826093
33.128134707833645
33.294045224412926
33.467965956681375
33.64936131476324
33.83772993087074
34.032601658025094
34.233534969940585
34.440114699939
34.651950067539026
34.868672949633165
35.089936359744236
35.31541310422754
35.54479458875903
35.77778975222993
36.01412410839806
36.25353887842785
36.495790199871784
36.74064839975075
36.98789732117246
37.23733369478626
37.48876654764477
37.742016642857614
37.996915945355774
38.25330710948627
38.511042985119495
38.76998613967331
39.03000839407276
39.29099037118679
39.552821055729126
39.81539736496928
40.078623729903576
40.34241168676806
40.60667947896122
40.87135166957878
41.13635876485933
41.401636848894384
41.66712722999061
41.93277609906992
42.19853420047732
42.46435651553096
42.73020195910329
42.99603308946027
43.26181583152597
43.52751921366926
43.7931151180401
44.05857804441376
44.323884887432385
44.58901472707071
44.853948632091665
45.11866947619994
45.38316176655632
45.647411484270016
45.91140593644575
46.17513361933757
46.43858409213035
46.701747860853125
46.96461627191759
47.227181414759876
47.489436033069836
47.751373444084436
48.012987465434406
48.27427234903561
48.53522272153554
48.79583353083241
49.056099998208076
49.31601757562972
49.57558190779668
49.83478879853178
50.09363418113356
50.35211409233374
50.610224649521825
50.86796203092202
51.12532245843145
51.38230218284722
51.63889747123261
51.895104596190905
52.15091982683578
52.406339421266075
52.661359620365666
52.91597664277327
53.17018668087288
53.42398589767777
53.677370424488814
53.930336359223986
54.18287976532307
54.43499667114621
54.68668306979192
54.93793491926729
55.188748142956435
55.439118630333255
55.68904223787645
55.938514790148226
56.18753208100216
56.436089874893355
56.6841839097307
56.93180989219145
57.178963508836475
57.425640420852936
57.671836267354365
57.91754666689227
58.162767218958464
58.40749350547032
58.65172109223525
58.89544553038623
59.1386623577894
59.38136710041688
59.62355527368512
59.8652223837571
60.106363928807006
60.34697540024743
60.587052283918545
60.826590061239756
61.06558421032471
61.30403020705878
61.541923526142206
61.77925964209645
62.01603403023816
62.25224216761958
62.48787953393674
62.722941612406295
62.957423890613576
63.19132186133153
63.424631023310674
63.65734688204325
63.88946495050172
64.12098074985174
64.35188981014217
64.58218767097097
64.81186988212977
65.04093200422675
65.26936960928975
65.49717828134888
65.72435361700089
65.95089122595505
66.17678673156115
66.40203577132182
66.62663399738739
66.85057707703592
67.07386069313763
67.29648054460546
67.51843234683155
67.73971183211016
67.96031475004727
68.18023686795868
68.39947397125553
68.61802186381756
68.83587636835671
69.05303332676883
69.26948860047472
69.48523807075267
69.7002776390595
69.91460322734335
70.12821077834704
70.34109625590332
70.55325564522035
70.76468495316053
70.97538020851076
71.18533746224477
71.39455278777962
71.6030222812227
71.81074206161364
72.01770827116044
72.22391707546608
72.42936466375205
72.63404724907453
72.837961068535
73.0411023834849
73.24346747972605
73.445052667704
73.64585428269922
73.84586868500942
74.04509226013138
74.24352141893519
74.44115259783561
74.6379822589587
74.834006890305
75.02922300590706
75.22362714598563
75.41721587709957
75.60998579229472
75.80193351124689
75.9930556804037
76.18334897312177
76.37281008980095
76.56143575801708
76.74922273264924
76.93616779600595
77.12226775794907
77.30751945601372
77.49191975552682
77.67546554972243
