8608702.9728
202806.36567140243
204206.5573385602
205567.57860501134
206937.4003562604
208322.32245087906
209722.65454014248
211137.9638020911
212567.95384581032
214012.33395025096
215470.98074518793
216943.8553799973
218430.9957121455
219932.50287377057
221448.53035333753
222979.2750832434
224524.97011081775
226085.87853055738
227662.28843198923
229254.50867457862
230862.86534385945
232487.6987741542
234129.3610481623
235788.21390026208
237464.626964998
239158.97632210972
240871.6432975806
242603.0134864865
244353.47596837772
246123.42268999337
247913.24799340026
249723.348270465
251554.1217268962
253405.96824116167
255279.62207420263
257174.4883053252
259091.9697094541
261032.14006299753
262995.408133887
264982.184765116
266992.88321448304
269027.91943580256
271087.7123691832
273172.68424854544
275283.26092505036
277419.87220421404
279582.95219463744
281772.9396666947
283990.2784198428
286235.41765753424
288508.8123689618
290810.9237171493
293142.21943304694
295503.1742155283
297894.2701373392
300315.99705714214
302768.8530380175
305253.3447728205
307769.98801691405
310319.3080289245
312901.8400201903
315518.12961373094
318168.7333135414
320854.21898518386
323575.16634864756
326332.1674845342
329125.82735471847
331956.7643386467
334825.6107865765
337733.01359105174
340679.63477804366
343666.1521192574
346693.25976715045
349761.6689143408
352872.10847916023
356025.32581923663
359222.0874750251
362463.1799454582
365749.4104978809
369081.60801468155
372460.62387912767
375887.33290311793
379362.6561835551
382887.47450809367
386462.7609713721
390089.49385070615
393768.6816699229
397501.36151141697
401288.60236608185
405131.5059368125
409031.20860814035
412988.8812305655
417005.7119877236
421082.99178574944
425221.98843656766
429424.03401100996
433690.50553426595
438022.8271719618
442422.47255274566
446890.9672385925
451429.8913545505
456040.8823908952
460725.6381917881
465485.9201459298
470323.55659629067
475240.44648764096
480238.56327256496
485319.95909877185
490486.76930291177
495741.21723883395
501085.6194712684
506522.3913693276
512054.053138124
517683.23633120744
523412.69089153357
529245.292774324
535184.0522116633
541232.1226861703
547392.8106894015
553669.5863506041
560066.0950323938
566586.1700032024
573233.8463110647
580013.3760008519
586929.2448374137
593986.1907206493
601189.2240064841
608543.6499802411
616055.093767711
623729.5280147942
631573.3037210914
639593.1846778472
647796.3860386612
656190.6176454084
664784.1328457074
673585.783676947
682605.0834614527
691852.2780662758
701338.4273393479
711075.4985558741
721076.4741124798
731355.4762163302
741927.9119657559
752810.6430505448
764022.1853775125
775582.9453329594
787515.5012481661
799844.9411067881
812599.2708667413
825809.9123221325
839512.3157333129
853746.7213085904
868559.116269314
884002.4526233863
900138.2180605708
917038.4937804921
934788.6974530214
953491.3125331753
973271.0753804734
994282.3835373981
1016720.2111703005
1040836.8024516377
1066968.3864468157
1095586.3343632568
1127359.0942882218
1163346.4998699874
1205365.7172099815
1257103.9242711563
1328920.8877613079
631905.4912963123
636152.1692835556
640421.276087019
644713.0731818684
649027.4184524021
653364.3227559053
657723.8184704937
662105.9407044534
666510.7246697749
670938.2053706851
675388.417619801
679861.396096885
684357.1754098522
688875.7901525606
693417.2749587796
697981.664552832
702568.9937969182
707179.2977356487
711812.6116378704
716468.9710361487
721148.4117640727
725850.9699915423
730576.6822583093
735325.5855058435
740097.7171077306
744893.1148987003
749711.8172024369
754553.8628582476
759419.2912467209
764308.142314445
769220.456597895
