185.255653457046
185.22029630013168
185.18490126762157
185.14946825364112
185.1139971539803
185.07848786453027
185.0429402811095
185.0073542994459
184.97172981517537
184.93606672384323
184.90036492090564
184.8646243017314
184.82884476160422
184.79302619572456
184.75716849921238
184.72127156710968
184.68533529438338
184.64935957592837
184.613344306571
184.5772893810724
184.54119469413206
184.50506014039212
184.46888561444115
184.43267101081855
184.3964162240192
184.36012114849794
184.3237856786746
184.2874097089391
184.25099313365658
184.2145358471729
184.1780377438205
184.14149871792398
184.10491866380613
184.06829747579417
184.03163504822595
183.9949312754567
183.95818605186545
183.92139927186182
183.8845708298933
183.84770062045212
183.81078853808245
183.77383447738802
183.73683833303951
183.69979999978213
183.66271937244363
183.62559634594186
183.58843081529304
183.55122267561964
183.51397182215862
183.4766781502698
183.43934155544395
183.40196193331118
183.36453917964963
183.32707319039358
183.28956386164225
183.2520110896682
183.21441477092583
183.1767748020598
183.1390910799137
183.10136350153834
183.06359196420024
183.02577636539004
182.98791660283064
182.9500125744853
182.91206417856583
182.8740713135405
182.83603387814168
182.79795177137356
182.75982489251942
182.72165314114898
182.6834364171252
182.64517462061116
182.60686765207635
182.56851541230287
182.53011780239126
182.49167472376587
182.45318607818024
182.41465176772155
182.37607169481493
182.33744576222745
182.29877387307144
182.26005593080745
182.22129183924653
182.18248150255206
182.14362482524106
182.10472171218478
182.0657720686089
182.02677580009268
181.98773281256777
181.94864301231632
181.90950630596805
181.87032260049685
181.83109180321674
181.79181382177643
181.75248856415394
181.71311593864948
181.67369585387814
181.63422821876148
181.59471294251804
181.5551499346533
181.51553910494843
181.47588036344857
181.43617362044924
181.39641878648297
181.3566157723042
181.31676448887353
181.27686484734087
181.23691675902802
181.19692013540984
181.15687488809485
181.1167809288049
181.07663816935369
181.03644652162487
180.99620589754912
180.95591620908021
180.91557736817077
180.87518928674677
180.83475187668117
180.7942650497697
180.75372871770145
180.71314279203204
180.6725071841557
180.63182180527667
180.5910865663807
180.55030137820594
180.50946615121381
180.46858079555966
180.42764522106367
180.3866593371815
180.34562305297555
180.3045362770857
180.2633989177014
180.22221088253323
180.18097207878557
180.1396824131298
180.09832926279023
180.05692568351085
180.01547157298882
179.9739668250447
179.93241133131525
179.8908049819498
179.84914766603393
179.80743927186992
179.76567968716526
179.72386879915985
179.68200649471257
179.6400926603609
179.59812718236347
179.55610994673154
179.5140408392544
179.47191974552143
179.42974655094346
179.38752114077397
179.34524340013192
179.30291321402663
179.260530467385
179.21809504508144
179.17560683197064
179.1330657129233
179.09047157286508
179.04782429681896
179.00512376995047
178.96236987761685
178.91956250542
178.87670153926305
178.83378686541204
178.79081779455515
178.74779350039128
178.70471385733035
178.66157874040675
178.61838802545864
178.57514158896632
178.53183930816124
178.4884810610672
178.44506672654737
178.40159618435837
178.3580693152134
178.31448600085537
178.27084612414308
178.22714956915277
178.18339622129864
178.13958596747634
178.09571869623537
178.05179429798739
178.00781266525905
177.96377369300131
177.91967727897097
177.87552332420486
177.83131173361426
177.78704241673813
177.74271528870716
177.69833027149403
177.65388729555548
177.60938630202477
177.5648272456895
177.52021009911957
177.47553485852808
177.43080155232627
177.38601025404128
177.3411611026436
