1.9371751647789837
1.9585436504420175
1.9790938479756548
1.9988726055212755
2.0178938112237415
2.0361746136182335
2.0537357761060324
2.070601111491531
2.0867969069480092
2.1023513745812497
2.1172941374101892
2.131655757537986
2.1454673106737308
2.158760009409664
2.17156487564021
2.183912461163767
2.195832614371528
2.207354290098662
2.2185053991539414
2.2293126937112686
2.2398016846028934
2.24999658656095
2.2599202875758673
2.2695943387456525
2.279038961252047
2.2882730673957403
2.2973142929351775
2.306179038288165
2.3148825164620397
2.323438805869312
2.3318609064565283
2.340160797821785
2.348349498219482
2.3564371235494277
2.364432945601922
2.3723454489822475
2.3801823862686637
2.3879508310694386
2.3956572287384827
2.4033074445877682
2.410906809499738
2.418460162896044
2.425971893061901
2.4334459748594286
2.440886004890024
2.448295234186141
2.4556765985279085
2.463032746490679
2.470366065336656
2.4776787048678286
2.4849725993591525
2.492249487690725
2.4995109317959976
2.5067583335402164
2.5139929501395475
2.5212159082269894
2.528428216666335
2.5356307782103564
2.5428244000941236
2.5500098036490173
2.557187633017727
2.5643584630452745
2.5715228064160427
2.578681120101868
2.585833811181531
2.5929812420875016
2.6001237353314988
2.607261577756399
2.614395024358234
2.621524301718421
2.6286496110830644
2.635771131123039
2.6428890204056614
2.6500034196060827
2.6571144534840387
2.6642222326492986
2.6713268551370155
2.6784284078122607
2.6855269676211884
2.6926226027046685
2.6997153733886834
2.70680533306443
2.7138925289698004
2.720977002882747
2.7280587917360277
2.7351379281618367
2.7422144409739873
2.749288355594519
2.75635969443089
2.763428477209275
2.770494721268912
2.7775584418219017
2.7775596901802904
2.777560539706869
2.7775611084015916
2.7775614793442327
2.777561710994368
2.7775618445023604
2.7775619088425425
2.7775619244200644
2.7775619056072762
2.777561862528347
2.7775618023154527
2.7775617299932494
2.7775616491017567
2.7775615621350798
2.7775614708504497
2.7775613764859344
2.7775612799138165
2.777561181748653
2.777561082423409
2.7775609822431018
2.7775608814225934
2.7775607801132214
2.777560678421565
2.7775605764226605
2.7775604741693245
2.777560371698713
2.777560269036946
2.7775601662023703
2.777560063207854
2.7775599600624026
2.777559856772303
2.777559753341925
2.777559649774287
2.7775595460714557
2.7775594422348275
2.7775593382653256
2.777559234163541
2.777559129929829
2.7775590255643787
2.777558921067266
2.777558816438482
2.77755871167796
2.7775586067855937
2.777558501761247
2.7775583966047646
2.7775582913159758
2.7775581858947
2.7775580803407514
2.7775579746539365
2.777557868834059
2.777557762880922
2.7775576567943236
2.777557550574063
2.7775574442199384
2.777557337731747
2.7775572311092844
2.7775571243523474
2.7775570174607314
2.777556910434233
2.777556803272648
2.7775566959757714
2.777556588543399
2.777556480975325
2.777556373271346
2.7775562654312567
2.7775561574548524
2.777556049341927
2.777555941092277
2.7775558327056964
2.77755572418198
2.777555615520923
2.77755550672232
2.7775553977859655
2.7775552887116537
2.7775551794991795
2.777555070148338
2.7775549606589225
2.7775548510307275
2.7775547412635473
2.7775546313571753
2.777554521311407
2.7775544111260357
2.7775543008008556
2.77755419033566
2.7775540797302427
2.7775539689843978
2.777553858097919
2.7775537470705998
2.7775536359022333
2.777553524592613
2.777553413141533
2.7775533015487857
2.777553189814164
2.7775530779374615
2.777552965918472
2.7775528537569873
2.7775527414528014
2.7775526290057067
2.7775525164154957
2.7775524036819617
2.777552290804897
2.777552177784094
2.7775520646193463
2.777551951310445
2.777551837857183
2.7775517242593533
2.7775516105167477
2.7775514966291586
