5180772.602112
4349296.057456787
4394227.291012282
4439900.575688047
4486240.069379752
4533247.233839761
4580933.944154393
4629312.217560092
4678392.593125438
4728183.869484446
4778693.098046065
4829925.661516273
4881885.404991234
4934574.805979582
4987995.172564202
5042146.860076686
5097029.498221544
5152642.2222438855
5208983.903503005
5266053.376290063
5323849.658963469
5382372.168400316
5441620.9273683075
5501596.764802341
5562301.509157311
5623738.17506003
5685911.143433605
5748826.335231842
5812491.37878224
5876915.7624142915
5942111.021725126
6008090.836875536
6074871.209916553
6142470.584698411
6210909.990829648
6280213.116968555
6350406.489825454
6421519.539905968
6493584.714344828
6566637.574524978
6640716.889954685
6715864.729516888
6792126.551345455
6869551.2928123465
6948191.462239982
7028103.234132655
7109346.531759264
7191985.206704729
7276087.051603624
7361723.998526654
7448972.274418578
7537912.464858663
7628629.8381203115
7721214.460225781
7815760.2674926175
7912370.01306001
8011148.608875838
8112208.055226076
8215666.6821629
8321649.576924845
8430289.065119034
8541725.251899773
8656106.630130703
8773590.76338902
8894345.052658796
9018547.596796436
9146388.15821436
9278069.246906566
9413807.33786437
9553834.239238184
9698398.631302677
9847767.79949642
10002229.588641692
10162094.60996282
10327698.737991715
10499405.940930387
10677611.495880535
10862745.649814775
11055277.79855589
11255721.270025956
11464638.814962085
11682648.929199431
11910433.157331564
12148744.559402766
12398417.561981266
12660379.464629518
12935663.937158136
13225426.902878772
13530965.395110078
13853739.860914327
14195382.253930792
14557821.785447592
14943136.387652498
15353787.511654114
15792584.25054512
16262773.49927735
16768128.73930485
17224277.696337778
17198908.479214188
17173056.03100416
17146753.75451947
17120013.983817887
17092899.034157973
17065412.611302234
17037580.35628677
17009434.31164767
16980976.51803733
16952254.486034542
16923283.773876034
16894086.859540865
16864685.603860654
16835101.244128738
16805354.388686433
16775465.012879258
16745452.456488695
16715335.422572711
16685131.977767155
16654859.553955702
16624534.951303655
16594174.342575274
16563793.278650688
16533406.695205912
16503028.920432413
16472673.683730945
16442354.125311414
16412082.806550862
16381871.721111445
16351732.306679072
16321675.457222892
16291711.53575946
16261850.38751907
16232101.353407832
16202473.28375507
16172974.552253224
16143613.070026249
16114396.299789617
16085331.270050135
16056424.58927901
16027682.46003926
15999110.693015553
15970714.720919257
15942499.612229636
15914470.084746726
15886630.51895053
15858984.971098492
15831537.186087681
15804290.610050846
15777248.402674375
15750413.449192999
15723788.3721382
15697375.542717803
15671177.091922216
15645194.921307813
15619430.713424427
15593885.941979092
15568561.881618721
15543459.617448729
15518580.054177515
15493923.924997216
15469491.800119782
15445284.095016077
15421301.078360392
15397542.879674403
15374009.496669924
15350700.802323405
15327616.55167928
15304756.388350649
15282119.850790959
15259706.37830023
15237515.316771911
15215545.92420229
15193797.375982156
15172268.76993661
15150959.131159447
15129867.416641945
15108992.519676114
15088333.274089133
15067888.458249727
15047656.798928302
15027636.974955838
15007827.620718064
14988227.3294909
14968834.656613471
14949648.122506425
14930666.21555027
14911887.394823309
14893310.092702528
14874932.717336018
14856753.654992148
14838771.27230086
14820983.918349031
14803389.926728245
14785987.617392479
14768775.298508806
14751751.26813906
14734913.815877669
14718261.224379966
14701791.770802874
14685503.728194732
14669395.366771042
