13418.2389024
11883.377230099706
12451.759875003681
13019.592132303562
13586.331275227729
14151.670269268217
14715.437490309636
15277.538833089617
15837.924144833929
16396.567719200248
16953.456953601835
17508.585745819157
18061.950640795436
18613.54857113519
19163.375518125886
19711.42570079989
20257.691063649865
20802.16092838541
21344.821730142296
21885.656790432706
22424.64609748661
22961.766075082156
23496.989326752082
24030.28434526485
24561.615178599804
25090.94104389048
25618.215880332966
26143.387831037904
26666.39864231873
27187.182966955395
27705.66755555905
28221.770317167775
28735.39922657827
29246.451051503445
29754.80986728864
30260.345320422435
30762.910594189103
31262.34002025376
31758.44626840395
32251.0170327243
32739.811115750806
33224.55379225465
33704.93131095618
34180.584365623785
34651.100337151234
35116.004076823054
35574.74697137406
36026.694009405204
36471.108568295625
36907.13468364445
37333.77668781387
37749.87778194594
38154.08995670577
38544.85721668371
38920.38889698515
39278.64878535757
39617.36303103956
39934.065555616755
40226.207777550706
40491.370343180795
40727.62252713157
40934.06883188149
41111.58128708871
41263.61439585503
41396.833452385006
41521.1272598345
41648.60301061295
41791.55216461161
41960.02275807069
42160.026051946945
42393.097617527004
42657.1427248094
42947.899670137886
43260.336801535836
43589.60631992748
43931.534516065694
44282.769711992056
44640.73932766496
45003.52659394308
45369.73071000694
45738.340217915524
46108.62967236322
46480.080086531685
46852.31982161944
47225.08163819599
47598.171944416164
47971.44899483244
48344.807528876925
48718.1679939502
49091.46900477711
49464.66207548539
49837.707942138244
50210.58277295727
50583.242083152596
50955.66958061248
51327.83495471519
51699.735965704254
52071.34702534639
52442.651854499054
52813.635330038414
53184.28330358545
53554.582605706004
53924.52067039887
54294.08574741705
54663.26675260466
55032.05322746143
55400.43530603362
55768.40368708538
56135.94961008057
56503.06483394135
56869.74161787696
57235.972703765365
57601.75129974662
57967.07106476732
58331.92609390541
58696.310904346334
59060.220421913815
59423.64996809708
59786.5952475128
60149.05233577357
60511.01766772941
60872.488026057
61233.46053018161
61593.93262551279
61953.90207298473
62313.36693888031
62672.32558494511
63030.77665875878
63388.71908437998
63746.15205323733
64103.07501526767
64459.48767029757
64815.389959653636
65170.78205799905
65525.66436539308
65880.03749956487
66233.90228839306
66587.2597625941
66940.11114860757
67292.45786167654
67644.30149911446
67995.64383376311
68346.48680762753
68696.8325256874
69046.68324988263
69396.04139326907
69744.90951433519
70093.29031148684
70441.18661768016
70788.60139522067
71135.5377307024
71481.99883010324
71827.98801401864
72173.50871303913
72518.5644632688
72863.15890197249
73207.29576336336
73550.97887450975
73894.21215137898
74236.99959499636
74579.34528773114
74921.25338969527
75262.72813525995
75603.77382968647
75944.39484586482
76284.59562115803
76624.38065435515
76963.75450272554
77302.72177916892
77641.28714946873
77979.45532963403
78317.23108333904
78654.61921944976
78991.6369411802
79328.26051449492
79664.51133238521
