-7.147997492767591
-7.555599179037406
-7.539841744434257
-7.525061992339648
-7.510672328855151
-7.496330720579871
-7.481836929651396
-7.467074861165635
-7.451978246401179
-7.436510230779984
-7.420651242129092
-7.404391782798396
-7.387728146796987
-7.370659873100876
-7.353188228563408
-7.335315300650042
-7.317043450617956
-7.298374978944558
-7.279311914858726
-7.259855877440769
-7.2400079768552
-7.219768736755652
-7.199138026248394
-7.1781149940975855
-7.156698000325677
-7.1348845417403615
-7.112671168623847
-7.090053390111362
-7.067025565800363
-7.043580780949654
-7.019710702299077
-6.995405411060394
-6.970653209022675
-6.9454403929436435
-6.919750991454602
-6.893566457549424
-6.866865308318797
-6.839622701877024
-6.811809939350419
-6.7833938772841575
-6.754336232802924
-6.724592760258215
-6.694112273849984
-6.662835485806563
-6.630693624213631
-6.597606788743958
-6.5634819969216736
-6.528210869325345
-6.4916669013817465
-6.45370227625208
-6.414144194431433
-6.372790743304493
-6.329406149105581
-6.283717262317896
-6.235408167075455
-6.184118762361147
-6.129445885347518
-6.070951582747461
-6.008183516753733
-5.940715103799854
-5.868215223155923
-5.790557463888929
-5.707972804236866
-5.6212311851748025
-5.531802448736117
-5.441904492225999
-5.354331491238498
-5.2720187844672095
-5.197450306592758
-5.132150886189251
-5.076488910274665
-5.029834892313085
-4.990931047368356
-4.958285110162789
-4.930452316409152
-4.906188470360866
-4.884498561710759
-4.864625127263604
-4.846010531224844
-4.828253586128363
-4.811070231074298
-4.7942615876286006
-4.777689549851267
-4.761258814416061
-4.744903964013526
-4.7285803265029065
-4.712257573274343
-4.695915266527214
-4.6795397767471165
-4.663122155244898
-4.6466566688586255
-4.630139792051044
-4.613571391848362
-4.596947075429137
-4.580268009885158
-4.563534467607626
-4.546745201767929
-4.529904359288559
-4.513011502978576
-4.496067642814827
-4.479074042700024
-4.462031561583516
-4.4449414842387105
-4.427805022552378
-4.410623397498358
-4.393397833904032
-4.376129556756414
-4.35881978856622
-4.341469747473113
-4.324080645870734
-4.306653689397429
-4.289190076185236
-4.271690996292584
-4.254157631268743
-4.236591153813838
-4.218992727509367
-4.201363506601618
-4.183704635825543
-4.166017250260622
-4.14830247521243
-4.130561426115605
-4.11279520845497
-4.095004917701835
-4.077191639266057
-4.059356448458419
-4.041500410466295
-4.0236245803394075
-4.005730002985451
-3.9878177131751906
-3.9698887355562804
-3.951944084675326
-3.9339847650068123
-3.916011770991359
-3.8980260870786343
-3.8800286877779144
-3.862020537714403
-3.8440025916912846
-3.825975794757056
-3.8079410822778996
-3.789899380014684
-3.7718516042042034
-3.7537986616445305
-3.7357414497839887
-3.7176808568134914
-3.699617761762037
-3.6815530345949883
-3.6634875363149026
-3.6454221190646305
-3.627357626232453
-3.609294892559007
-3.5912347442457273
-3.573177999064618
-3.555125466469073
-3.5370779477056336
-3.5190362359263445
-3.501001116301659
-3.482973366133507
-3.464953754968567
-3.4469430447113956
-3.428941989737301
-3.4109513370048337
-3.392971826167704
-3.3750041896859755
-3.3570491529363315
-3.3391074343215466
-3.321179745378578
-3.303266790885669
-3.285369268967866
-3.267487871201286
-3.249623282715662
-3.2317761822952944
-3.2139472424782403
-3.19613712965365
-3.178346504157215
-3.160575656995406
-3.142825959562069
