0.00437
0.00410753034736731
0.00410773921728409
0.0041067818892687406
0.004105936086528536
0.0041053551659327794
0.004105031204879781
0.004104936922562501
0.004105046095373622
0.004105335541527915
0.004105785249735082
0.004106377816263399
0.0041070980636342845
0.004107932705912342
0.004108870072503676
0.004109899879014374
0.004111013035886075
0.004112201487570371
0.004113458076589309
0.00411477642803291
0.0041161508509621825
0.004117576253888145
0.004119048072045212
0.004120562204598162
0.004122114960259807
0.0041237030100603886
0.004125323346222767
0.004126973246269044
0.00412865024162368
0.0041303520900925735
0.004132076751691739
0.00413382236737762
0.004135587240296311
0.004137369819223863
0.004139168744298176
0.004140982526693485
0.004142810167359409
0.004144650492209674
0.0041465024922072765
0.004148365234349157
0.004150237856884288
0.004152119563166519
0.004154009615871375
0.004155907331764548
0.004157812076992684
0.004159723262842627
0.0041616403419176395
0.004163562804685073
0.004165490176355202
0.004167422014055919
0.004169357904272065
0.00417129746052198
0.004173240321246891
0.0041751861478916555
0.004177134623157813
0.004179085449411978
0.004181038347234513
0.004182993054095108
0.004184949323143238
0.004186906922102842
0.004188865632261622
0.00419082524754641
0.004192785573676875
0.004194746427390648
0.004196707635733623
0.004198669035409848
0.004200630472185873
0.004202591800345035
0.0042045528821874865
0.004206513587572241
0.004208473793497803
0.00421043338371835
0.004212392248392598
0.004214350283762876
0.004216307391862032
0.004218263480246169
0.004220218461751172
0.004222172254271462
0.004224124780559218
0.004226075968042864
0.0042280257486633005
0.004229974058726935
0.004231920845861517
0.004233866040413503
0.004235809598286387
0.00423775147200647
0.004239691618177238
0.00424162999693214
0.00424356657223336
0.00424550131171697
0.00424743418671512
0.004249365172078206
0.004251294240333569
0.004253221385797837
0.0042551465881258375
0.004257069836731043
0.004258991124691559
0.004260910448786029
0.004262827809539477
0.004264743211279277
0.0042666566622014184
0.004268568174447503
0.004270477764192839
0.004272385451746134
0.004274291261661397
0.004276195222862756
0.004278097368782908
0.004279997737516176
0.004281896371987168
0.004283793320136171
0.00428568863512266
0.004287582375548342
0.004289474605701435
0.00429136539582407
0.004293254822404942
0.004295142968499607
0.004297029924081143
0.004298915786424229
0.004300800660526118
0.004302684659568444
0.004304567905424301
0.004306450529215711
0.004308332671927228
0.004310214485082337
0.004312096131490188
0.00431397778607139
0.004315859636772878
0.004317741885583428
0.004319624749663209
0.004321508462602984
0.004323393275831069
0.004325279460189379
0.004327167307703471
0.004329057133576073
0.004330949278438988
0.00433284411090484
0.004334742030468333
0.004336643470816554
0.0043385489036203125
0.004340458842893887
0.0043423738500299545
0.004344294539640806
0.004346221586368398
0.004348155732865426
0.004350097799201757
0.004352048694018152
0.004354009427838535
0.0043559811290715365
0.004357965063392952
0.0043599626574208124
0.004361975527899789
0.004364005518040403
0.004366054743271617
0.0043681256495576425
0.004370221088754759
0.004372344417495807
0.0043744996292215624
0.004376691533993382
0.004378926009014425
0.004381210357018775
0.004383553835188568
0.004385968465339855
0.0043884703324938955
0.004391082457266586
0.004393836432382894
0.004396783866908076
0.004400013093075322
0.004403704291888624
0.004408365073973505
0.004310150298739476
0.004311032927420528
0.004311923973891456
0.004312809825301533
0.004313688618912683
0.004314560157316693
0.004315424477524008
0.00431628164698709
0.004317131734736838
0.004317974807491671
0.00431881092931164
0.0043196401617411765
0.004320462564005733
0.004321278193201602
0.004322087104471346
0.0043228893511649755
0.004323684984987752
0.004324474056135774
0.004325256613420255
0.004326032704381481
0.004326802375393229
0.004327565671758463
0.004328322637796983
0.004329073316925703
0.004329817751732145
0.004330555984041712
0.004331288054979225
0.0043320140050252115
0.004332733874067356
0.004333447701447519
0.004334155526004671
