68648.04000000001
173677.13481186575
174058.18170012662
174416.3243175309
174755.06112237144
175074.65717635266
175375.41070311118
175657.72533259692
175922.09807763694
176169.10485270448
176399.38414277096
176613.63109750193
176812.57241943266
176996.96247972327
177167.57054544473
177325.1708759426
177470.53449204648
177604.42195057793
177727.57733462105
177840.72334274827
177944.55738872127
178039.74861456742
178126.93571610688
178206.72548006978
178279.69193537853
178346.37602637726
178407.2857226337
178462.89648753463
178513.6520359632
178559.96531932597
178602.21968401878
178640.7701567022
178675.94481684503
178708.0462228801
178737.35286432723
178764.1206168135
178788.5841817101
178810.9584955834
178831.44009813984
178850.20844999785
178867.42719407898
178883.24535639212
178897.7984834654
178911.20971525114
178923.59079319978
178935.04300420263
178945.6580617191
178955.51892596338
178964.70056531733
178973.27066159833
178981.290261846
178988.81437937063
178995.89254713265
179002.56932610983
179008.88477172123
179014.8748609439
179020.57188293693
179026.00479569286
179031.19955129625
179036.17939212095
179040.96512020298
179045.57534194304
179050.026690159
179054.33402523826
179058.5106172985
179062.56831086418
179066.51767359528
179070.36813049891
179074.1280848965
179077.80502730794
179081.40563345826
179084.93585226333
179088.40098490065
179091.80575562207
179095.15437530284
179098.4505982611
179101.69777308308
179104.89888805366
179108.05661166663
179111.17332881826
179114.25117296982
179117.29205488836
179120.29768808422
179123.26961152823
179126.2092097726
179129.11773077352
179131.9963017712
179134.84594324825
179137.6675813905
179140.4620590311
179143.23014534666
179145.97254440968
180651.48193860534
180635.0362824752
180619.84926638723
180605.5714796291
180591.9574100795
180578.83440263063
180566.08094232882
180553.61143314745
180541.3655184119
180529.30058239834
180517.38648269232
180505.6018483758
180493.9314779274
180482.36450974017
180470.8931357392
180459.51169676083
180448.2160463284
180437.00310322695
180425.87053676308
180414.81654541724
180403.83970112551
180392.9388397643
180382.1129840579
180371.36128943198
180360.68300581462
180350.07745082985
180339.54399089664
180329.08202795094
180318.6909900472
180308.37032483242
180298.11949481134
180287.9379741186
180277.8252462073
180267.78080217986
180257.8041396629
180247.89476193604
180238.05217738613
180228.2758990524
180218.56544433336
180208.92033476158
180199.34009584438
180189.82425690803
180180.37235104016
180170.9839149759
180161.65848906522
180152.39561721572
180143.19484681758
180134.0557287633
180124.97781734823
180115.9606702627
180107.0038485954
180098.10691674243
180089.26944242071
180080.4909966111
180071.77115357347
180063.10949077285
180054.5055888748
180045.959031737
180037.46940633573
180029.03630279907
180020.65931434114
180012.33803723796
180004.07207082977
179995.86101747147
179987.7044825275
179979.6020743193
179971.5534041437
179963.55808621243
179955.61573763512
179947.72597843225
179939.88843145248
179932.1027223895
179924.3684797748
179916.68533489355
179909.05292183513
179901.47087741608
179893.93884118018
179886.45645539465
179879.02336497424
179871.63921753917
179864.30366332436
179857.01635518688
179849.7769485845
179842.5851015651
179835.44047472632
179828.3427312033
179821.2915366461
179814.28655921866
179807.32746956413
179800.4139407615
179793.54564835265
179786.72227030116
179779.94348695918
179773.2089810741
179766.518437757
179759.87154447057
179753.26799099287
179746.7074694103
179740.18967412965
179733.7143017924
179727.28105133722
179720.88962389837
179714.53972287694
179708.23105384273
179701.9633245641
179695.73624499366
179689.54952721373
179683.40288546064
