23808.7562496
2522.166690202022
2527.75061885254
2532.5472961279584
2536.6745830099558
2540.1824033302228
2543.110424355443
2545.5451644442196
2547.376451202107
2548.786661640417
2549.76099651482
2550.3322691177573
2550.53180795561
2550.389402144972
2549.933275951988
2549.1900870217087
2548.1849435551508
2546.941436345875
2545.481682193414
2543.826375762052
2541.994847453342
2540.0051252544768
2537.8739989824576
2535.6170855496316
2533.2488942529467
2530.782891255415
2528.2315626427016
2525.6064755890175
2522.918337296047
2520.177051472291
2517.3917722050064
2514.570955141965
2511.722405954994
2508.8533260963386
2505.9686727971302
2503.079619095436
2500.186744328344
2497.2969258484172
2494.4149398644167
2491.5451797540472
2488.6916850627626
2485.8581685056834
2483.0480410897726
2480.264435478805
2477.5102277086644
2474.7880573566563
2472.100346263915
2469.449315905047
2466.8370034955415
2464.265276922222
2461.735848577508
2459.2502881740515
2456.810034611332
2454.4164069621056
2452.070614641733
2449.773766819844
2447.526881130299
2445.3308917306454
2443.1866567600937
2441.094965241136
2439.056543466583
2437.072060911841
2435.1421357082127
2433.267339711897
2431.448203199917
2429.685219222091
2427.978847637039
2426.3295188567467
2424.737637323754
2423.2035847427815
2421.727723086903
2420.3103973973466
2418.951938394516
2417.652664916062
2416.412886198113
2415.232904013
2414.113014676871
2413.0535109398747
2412.054683769919
2411.116824040925
2410.240224136074
2409.425179474704
2408.672084145738
2407.9810529163938
2407.3524957231025
2406.7867306875146
2406.284096427854
2405.8449316942
2405.469591421766
2405.1584438241566
2404.911875263659
2404.7302782141824
2404.614004706872
2404.563626162299
2404.579526514063
2404.6621803776147
2404.8120844089167
2405.0297586154456
2405.315747705159
2405.670622483596
2406.0949813061784
2406.5894515935142
2407.154691417457
2407.7913911665814
2408.5002753002195
2409.28210420059
2410.1376761340202
2411.067829332488
2412.07344420781
2413.155445712507
2414.3148058620664
2415.552546435058
2416.8697418693914
2418.2675223748024
2419.747077283819
2421.309658666252
2422.95658523464
2424.68924657218
2426.5091077175125
2428.4177141459963
2430.4166971914724
2432.5077799584346
2434.692783782268
2436.9736353005646
2439.352374210884
2441.8311617980307
2444.412290328399
2447.098193422063
2449.8914575317403
2452.79483467774
2455.811256611685
2458.9438506119886
2462.195957147998
2465.5711496918293
2469.073257007677
2472.7063883099604
2476.474961756854
2480.383736839156
2484.4378513378083
2488.642863667242
2493.004801600022
2497.53021859311
2502.2262592243164
2507.1007356133073
2512.16221717772
2517.420136694536
2522.8849164526814
2528.568119371872
2534.4826314270376
2540.642883717293
2547.0651252840466
2553.7677616636765
2560.771779700642
2568.101287193981
2575.784207880728
2583.8531903407666
2592.346817507924
2601.311248392385
2610.802497780393
2620.8896867459184
2631.6598241380257
2643.2251072337444
2655.734586620786
2669.3942240549018
2684.5018935225844
2701.520486131886
2721.2434944692873
2745.272989737667
2778.096094777936
2765.27082236183
2770.271962170798
2775.3231586830925
2780.4265380948923
2785.5820444104006
2790.789743071713
2796.049710915838
2801.3620212435067
2806.7267424486354
2812.1439385152503
2817.6136697101488
2823.135993238126
2828.7109638332563
2834.338634288365
2840.0190559276866
2845.7522790297335
2851.538353204002
2857.3773277276186
2863.2692518450094
2869.2141750353358
2875.2121472504964
2881.2632191270304
2887.3674421747232
2893.524868944418
2899.735553177105
2905.9995499365045
2912.3169157269526
2918.6877085980555
2925.1119882377884
2931.5898160549987
2938.12125525319
