0.0042554
0.00430088126077974
0.004300862457215926
0.004300923206276203
0.004300988942264778
0.00430105137807358
0.004301109633850489
0.0043011636532892025
0.0043012134681572195
0.004301259116313451
0.004301300632678181
0.004301338048337248
0.004301371390550089
0.004301400682855905
0.004301425945188317
0.004301447193988629
0.004301464442316678
0.004301477699959281
0.0043014869735363845
0.00430149226660502
0.004301493579761244
0.004301490910740165
0.004301484254514228
0.0043014736033899015
0.0043014589471029345
0.004301440272912315
0.004301417565693143
0.0043013908080285325
0.004301359980300763
0.004301325060781807
0.004301286025723455
0.004301242849447171
0.004301195504433891
0.004301143961413927
0.00430108818945716
0.004301028156063705
0.00430096382725523
0.004300895167667111
0.00430082214064159
0.004300744708322145
0.004300662831749225
0.004300576470957527
0.00430048558507502
0.004300390132423852
0.004300290070623328
0.004300185356695131
0.004300075947170933
0.004299961798202567
0.004299842865674901
0.004299719105321571
0.004299590472843709
0.0042994569240317835
0.004299318414890712
0.004299174901768318
0.004299026341487267
0.004298872691480557
0.004298713909930659
0.0042985499559123575
0.004298380789539369
0.00429820637211475
0.00429802666628513
0.004297841636198776
0.004297651247667459
0.004297455468332099
0.004297254267832121
0.004297047617978447
0.00429683549293001
0.004296617869373661
0.00429639472670732
0.004296166047226153
0.004295931816311601
0.0042956920226229515
0.004295446658291245
0.0042951957191151215
0.004294939204758326
0.0042946771189484294
0.004294409469676386
0.004294136269396434
0.004293857535225863
0.004293573289144096
0.004293283558190521
0.004292988374660443
0.0042926877762985245
0.0042923818064889985
0.004292070514441936
0.004291753955374808
0.00429143219068852
0.004291105288137103
0.004290773321990181
0.004290436373187317
0.004290094529483311
0.004289747885583503
0.0042893965432681085
0.004289040611504583
0.004288680206547039
0.00428831545202167
0.0042879464789971925
0.004287573426039281
0.004287196439247981
0.00428681567227711
0.004286431286334686
0.004286043450163406
0.004285652340000286
0.004285258139514569
0.004284861039723106
0.004284461238882393
0.004284058942356629
0.004283654362461103
0.004283247718280418
0.004282839235461052
0.004282429145977942
0.004282017687874821
0.0042816051049781746
0.004281191646584831
0.004280777567123282
0.0042803631257890135
0.004279948586154251
0.004279534215752673
0.004279120285639804
0.0042787070699299564
0.004278294849962031
0.004277883895212246
0.00427747449059416
0.004277066917400681
0.004276661457355274
0.004276258392038468
0.0042758580022990225
0.004275460567654171
0.004275066365681481
0.0042746756714047325
0.004274288756676367
0.004273905889559115
0.004273527333709533
0.004273153347766216
0.004272784184745542
0.0042798657635904035
0.004279215024434975
0.00427853310084827
0.004277850618337948
0.004277174513920269
0.004276508605109827
0.0042758557622449775
0.004275218248404802
0.004274597850847258
0.004273995969967707
0.004273413687624404
0.004272851821051741
0.00427231096594128
0.004271791531224637
0.004271293767428289
0.004270817790000355
0.00427036359866781
0.0042699310936311005
0.004269520089215911
0.00426913032546116
0.004268761478015602
0.004268413166633651
0.004268084962498072
0.004267776394547959
0.004267486954951918
0.004267216103835622
0.004266963273348304
0.004266727871132658
0.004266509283245837
0.004266306876565047
0.004266120000698574
0.004265947989411662
0.004265790161565519
0.0042656458215566476
0.004265515983433268
0.0042653991648800285
0.004265294249646981
0.004265200469500622
0.004265117040665108
0.004265043155269903
0.004264977974829305
0.0042649206251931405
0.004264870189675587
0.004264825700422409
0.004264786127597964
0.004264750365865575
0.004264717217472482
0.004264685371030328
0.0042646533747811785
0.00426461960272289
0.004264582211385431
0.004264539084224521
0.004264487759412376
0.004264425335073211
0.0042643483434387265
0.004264252581507185
0.00426413287977859
0.004263982781136633
0.0042637940865327675
0.004263556198368964
0.004263255147954541
0.004262872113389192
0.004262381083626507
0.004261745025100335
0.004260909271210281
