424.41787261425924
425.6500454618568
426.9871195298667
428.32387455659176
429.66033479289075
430.9965062069414
432.33239578378374
433.66801181126954
435.0033636713762
436.3384616249587
437.67331657369436
439.007940004689
440.342343610851
441.6765392742852
443.01053889369007
444.3443542657676
445.67799698471356
447.0114783588536
448.3448093432061
449.67800048659035
451.0110618917901
452.3440031872697
453.6768335089546
455.0095614906544
456.3421952617976
457.67474245124936
459.00721019610256
460.3396051544488
461.6719335212563
463.0042010465905
464.3364130555259
465.66857446918664
467.00068982645206
468.33276330593424
469.6647987479131
470.9967996759691
472.32876931811273
473.6607106272547
474.99262630089623
476.3245187999599
477.656390366698
478.9882430416516
480.32007867963796
481.65189896477324
482.98370542453637
484.3154994428993
485.64728227255165
486.9790550462525
488.3108187873481
489.64257441949746
490.97432277564417
492.30606460628155
493.63780058704936
494.9695313257089
496.30125736853387
497.63297920615844
498.9646972789221
500.296411981746
501.6281236685785
502.95983265643906
504.2915392290967
505.62324364040876
506.95494611735023
508.2866468627567
509.618346057807
510.9500438642687
512.2817404265235
513.613435873396
514.9451303198013
516.2768238682286
517.6085166100733
518.9402086268373
520.2718999912042
521.6035907680027
522.9352810150726
524.2669707840367
525.5986601209933
526.9303490671334
528.2620376592932
529.5937259304458
530.9254139101375
532.2571016248808
533.5887890984988
534.9204763524353
536.2521634060279
537.5838502767506
538.9155369804292
540.2472235314318
541.578909942839
542.9105962265902
544.2422823936186
545.5739684539652
546.9258586212338
548.2573426474817
549.5888344465008
550.9203320565401
552.2518340981178
553.5833396001458
554.9148478782588
556.2463584495123
557.5778709725248
558.9093852054398
560.2409009763912
561.572418162742
562.9039366764913
564.235456454011
565.5669774488284
566.8984996265502
568.2300229612922
569.5615474331674
570.8930730265193
572.2245997286796
573.5561275290931
574.8876564187028
576.219186389517
577.5507174343046
578.8822495463817
580.2137827194585
581.5453169475359
582.8768522248281
584.2083885457114
585.5399259046877
586.8714642963554
588.203003715394
589.5345441565498
590.8660856146263
592.1976280844776
593.5291715610037
594.8607160391481
596.1922615138934
597.5238079802617
598.8553554333123
600.186903868139
601.5184532798719
602.850003663676
604.1815550147501
605.5131073283259
606.8446605996699
608.1762148240804
609.5077699968887
610.8393261134582
612.1708831691857
613.5024411594984
614.8340000798559
616.1655599257483
617.4971206926983
618.828682376258
620.1602449720117
621.4918084755723
622.8233728825846
624.154938188723
625.4865043896912
626.8180714812228
628.1496394590805
629.4812083190573
630.8127780569735
632.144348668679
633.4759201500526
634.8074924970005
636.1390657054575
637.4706397713863
638.8022146907776
640.133790459649
641.4653670740463
642.7969445300411
644.1285228237331
645.4601019512482
646.7916819087387
648.1232626923838
649.4548442983886
650.7864267229836
652.1180099624252
653.4495940129965
654.7811788710052
656.1127645327838
657.4443509946905
658.7759382531077
660.1075263044431
661.4391151451287
662.7707047716206
664.1022951803996
665.4338863679695
666.7654783308589
668.0970710656194
669.4286645688263
670.7602588370778
672.0918538669958
673.4234496552249
674.755046198432
676.086643493307
677.4182415365627
678.749840324933
680.0814398551756
681.4130401240685
682.7446411284128
684.0762428650297
685.4078453307636
686.7394485224793
688.0710524370628
689.4026570714213
