0.0008977783937965066
0.0008999138624649157
0.0009015613878839656
0.0009027593218298922
0.0009035407085247598
0.0009039354477903187
0.0009039712564310944
0.0009036741135192338
0.000903068483285047
0.0009021774415286006
0.000901022759599925
0.0008996249692070475
0.0008980034181080518
0.0008961763210726893
0.0008941608080555083
0.0008919729704642684
0.0008896279059448552
0.0008871397618978528
0.0008845217778469723
0.000881786326732888
0.0008789449551805523
0.0008760084227721369
0.0008729867403462974
0.0008698892073355055
0.0008667244481461357
0.0008635004475792036
0.0008602245852853605
0.0008569036707841544
0.0008535439697371988
0.0008501512448375123
0.0008467307799395952
0.0008432874110829188
0.0008398255548630511
0.0008363492357366203
0.0008328621122485363
0.0008293675021729734
0.0008258684065629588
0.0008223675327061962
0.0008188673159892848
0.0008153699406753445
0.0008118773596045403
0.0008083913128302725
0.0008049133452075776
0.0008014448229534789
0.000797986949202592
0.0007945407785835961
0.0007911072308453074
0.0007876871035632191
0.0007842810839593273
0.0007808897598695254
0.0007775136298946841
0.0007741531127719392
0.0007708085560038595
0.0007674802437832703
0.0007641684042518503
0.0007608732161303759
0.0007575948147580499
0.0007543332975778455
0.0007510887291042384
0.0007478611454083267
0.0007446505581544646
0.000741456958221671
0.0007382803189410447
0.0007351205989797686
0.0007319777449004724
0.000728851693423114
0.0007257423734156762
0.000722649707637532
0.0007195736142587868
0.0007165140081766136
0.0007134708021488423
0.0007104439077629439
0.0007074332362579115
0.0007044386992145011
0.0007014602091285736
0.0006984976798808425
0.000695551027115045
0.0006926201685358941
0.0006897050241365816
0.0006868055163651214
0.0006839215702377541
0.0006810531134067314
0.0006782000761890991
0.0006753623915624587
0.0006725399951329191
0.0006697328250799562
0.0006669408220821539
0.000664163929227759
0.000661402091912813
0.0006586552577300366
0.000655923376350595
0.0006532063994009952
0.0006505042803367509
0.0006478169743145272
0.000645144438063885
0.0006424866297597735
0.0006398435088968119
0.000637215036165844
0.0006346011733336269
0.0006320018831260121
0.0006294171291150092
0.0006268468756100953
0.0006242910875538861
0.0006217497303685037
0.0006192227701290935
0.0006167101729402607
0.0006142119053765936
0.0006117279341437188
0.00060925822605193
0.0006068027479442525
0.000604361466628986
0.0006019343488164325
0.0005995213610599704
0.0005971224697010033
0.0005947376408179261
0.0005923668401788317
0.0005900100331977957
0.000587667184894678
0.0005853382598582063
0.0005830232222122754
0.0005807220355852654
0.0005784346630822338
0.0005761610672599056
0.0005739012101042255
0.0005716550530104908
0.0005694225567657611
0.0005672036815335457
0.0005649983868406242
0.000562806631565908
0.0005606283739311379
0.0005584635714933812
0.0005563121811393168
0.0005541741590810421
0.0005520494608533793
0.0005499380413126398
0.000547839854636678
0.0005457548543262335
0.0005436829932074216
0.0005416242234353423
0.0005395784964986651
0.0005375457632252256
0.0005355259737884725
0.0005335190777147675
0.0005315250238914703
0.0005295437605756702
0.0005275752354036529
0.0005256193954009252
0.0005236761869928462
0.0005217455560157152
0.0005198274477283535
0.000517921806824116
0.0005160285774433063
0.0005141477031858904
0.0005122791271245471
0.0005104227918180464
0.0005085786393247669
0.0005067466112165148
0.0005049266485925195
0.0005031186920935195
0.0005013226819160649
0.0004995385578268797
0.0004977662591773117
0.0004960057249178373
0.000494256893612646
0.0004925197034541936
0.0004907940922777897
0.00048907999757617
0.00048737735651400006
0.0004856861059424015
0.00048400618241338533
0.0004823375221941299
0.00048068006128134283
0.00047903373541537147
0.00047739848009428233
0.00047577423058778556
0.0004741609219510809
0.0004725584890384889
0.00047096686651703387
0.00046938598887975305
0.0004678157904589996
0.00046625620543942704
0.00046470716787091543
0.0004631686116812559
0.00046164047068869606
0.00046012267861424914
0.0004586151690939025
0.0004571178756905218
0.0004556307319056753
0.00045415367119114964
0.00045268662696037787
0.0004512295325995609
0.0004497823214786646
0.00044834492696218576
0.0004469172824196803
0.00044549932123616064
0.0004440909768222406
0.0004426921826240487
0.0004413028721329943
0.0004399229788952832
0.00043855243652125744
