5240602.8626112
673337.1084462556
670840.7961153551
668394.9557578483
666019.9645456247
663716.2115008488
661481.1639208621
659311.8609983255
657205.5055233573
655159.2369533526
653170.332688265
651236.1797901667
649354.2769419823
647522.2379606159
645737.7936619407
643998.7923698094
642303.199267744
640649.0947719254
639034.6720881696
637458.2341016511
635918.1897344671
634413.0498934351
632941.4231164992
631502.011014636
630093.6035926008
628715.0745206474
627365.3764179866
626043.5361984713
624748.6505195933
623479.8813674137
622236.4518026103
621017.641886185
619822.7847978565
618651.2631552715
617502.3641583273
616375.9828010357
615271.2067504597
614187.7245109001
613125.1178588963
612083.0001499426
611061.0140309319
610058.8293109442
609076.1409895709
608112.6674376029
607168.1487215589
606242.3450631808
605335.0354251853
604446.0162147785
603575.1000968202
602722.114908894
601886.9026709145
601069.318682341
600269.2307004862
599486.518193809
598721.0716645241
597972.7920352294
597241.590094654
596527.3859980152
595830.1088177857
595149.6961410665
594486.093710019
593839.2551021418
593209.1414474618
592595.721179941
591998.9698206872
591418.8697907405
590855.4102514755
590308.5869707883
589778.4022135069
589264.8646545602
588767.9893136641
588287.7975103782
587824.316838595
587377.5811595883
586947.6306129274
586534.5116446543
586138.2770522449
585758.9860459758
585396.704326441
585051.5041780144
584723.4645782419
584412.6713231354
584119.243944112
583843.2281920682
583584.7585819813
583343.9489887774
583120.9233408547
582915.8110497934
582728.7505634719
582559.8887014425
582409.3817476955
582277.3928902984
582164.0755077952
582069.6562514085
581994.3070550155
581938.2321199271
581901.6465686914
581884.7769109226
581887.8615413356
581911.1512730477
581954.909908719
582019.414852437
582104.9577655173
582211.8452697309
582340.3997018283
582490.9599236639
582663.8821926173
582859.541097592
583078.3305663759
583320.6649508087
583586.9801969518
583877.7351081794
584193.4127101226
584534.5217273779
584901.598183063
585295.2071336651
585715.9445531389
586164.4393819658
586641.3557588537
587147.3954550934
587683.3005341844
588249.8562624612
588847.8942999062
589478.2962045184
590141.9972883413
590839.9908689029
591573.3329663366
592343.1475042184
593150.6320812633
593997.0643918737
594883.8093863814
595812.3272772836
596784.1825162143
597801.053888726
598864.7459009938
599977.2016654498
601140.5175326713
602356.9597665071
603628.9836208376
604959.2552530548
606350.6770054847
607806.4167073796
609329.9418049892
610925.0593255543
612595.9629383095
614347.288711385
616184.1816066821
618112.3753461691
620138.2890806599
622269.1453822105
624513.1155911641
626879.5006714892
629378.9587618657
632023.7950242322
634828.3359447467
637809.4201896676
640987.0536005438
644385.3006997878
648033.5260598093
651968.1692100063
656235.3627475001
660894.9408720481
666026.8617894815
671743.3107370704
678204.3717943794
685663.8511447699
694558.3074591733
705775.7606252492
721819.025153223
585303.8397137115
585587.6920595162
585877.6351835963
586173.9945895188
586476.7073128656
586785.7420174219
587101.0722714995
587422.6727128751
587750.5184924601
588084.5851888653
588424.8487912897
588771.2856929193
589123.8726864755
589482.5869606291
589847.4060970225
590218.3080678061
590595.2712336205
590978.2743419625
591367.2965258779
591762.3173029618
592163.3165745796
592570.2746253376
592983.1721227027
593401.9901168062
593826.7100403672
594257.3137087253
594693.783319988
595136.1014552292
595584.2510787864
596038.2155385712
596497.9785664717
