4e-05
5.313905507041419e-05
5.365356034443831e-05
5.4161037916276535e-05
5.467370269119608e-05
5.5192919238110065e-05
5.571851301761275e-05
5.625014069326943e-05
5.6787532829069444e-05
5.7330427572955837e-05
5.7878648751910805e-05
5.843206164422575e-05
5.899057407309688e-05
5.955413120007609e-05
6.0122710916666726e-05
6.069631974970108e-05
6.127498920816353e-05
6.185877251809594e-05
6.24477417052684e-05
6.304198499363029e-05
6.364160449303105e-05
6.42467141526766e-05
6.485743795952267e-05
6.54739083613099e-05
6.609626489563391e-05
6.672465300683981e-05
6.7359223033443e-05
6.800012934954327e-05
6.864752964454472e-05
6.930158432645068e-05
6.996245603491905e-05
7.063030925136604e-05
7.130530999434663e-05
7.198762558954156e-05
7.26775555002781e-05
7.337487641052632e-05
7.408015149835166e-05
7.479342125681735e-05
7.551485812784265e-05
7.624463553303022e-05
7.698292797793754e-05
7.772991115057868e-05
7.848576203401258e-05
7.925065903345672e-05
8.002478211599076e-05
8.080831296083854e-05
8.160143511848915e-05
8.240433417727763e-05
8.321719793625066e-05
8.404021658343443e-05
8.487358287878801e-05
8.571749234134579e-05
8.657214344017294e-05
8.743773778890499e-05
8.83144803437867e-05
8.92025796051888e-05
9.01022478226736e-05
9.101370120381995e-05
9.193716012697776e-05
9.287284935829275e-05
9.382099827331544e-05
9.47818410836048e-05
9.575561706876835e-05
9.674257081440326e-05
9.774295245646903e-05
9.875701793266107e-05
9.978502924136128e-05
0.00010082725470880203
0.00010188396926514533
0.0001029554547301425
0.00010404200010914936
0.00010514390190030911
0.00010626146441369548
0.0001073950001033753
0.00010854482991324294
0.00010971128363772052
0.0001108947002983035
0.00011209542853714023
0.00011331382702877868
0.00011455026491144312
0.00011580512223909812
0.00011707879045587357
0.00011837167617328103
0.00011968418868274429
0.00012101675987169117
0.00012236983202498902
0.0001237438614873255
0.00012513931949425882
0.00012655669273600829
0.00012799648410254032
0.0001294592134042381
0.00013094541834581178
0.00013245565052133235
0.00013399049473310164
0.0001355505427895138
0.00013713641244207346
0.0001387487440277099
0.0001403882016201163
0.00014205547425554977
0.00014375127723900697
0.0001454763535372507
0.00014723147526588066
0.00014901744527832012
0.00015083509886529262
0.00015268530557435237
0.000154568971159934
0.00015648703967542993
0.00015844049572013078
0.00016043036685513314
0.00016245772620390676
0.00016452369525495316
0.00016662944688589947
0.00016877620863064717
0.00017096526621368358
0.000173197967378509
0.00017547572604043423
0.00017780002679765555
0.00018017242983884142
0.0001825945762902737
0.00018506819405126205
0.00018759510417293163
0.00019017722784311604
0.000192816594048503
0.0001955153479955698
0.0001982757603832979
0.00020110023763462737
0.000203991333209626
0.00020695176014240343
0.00020998440496625137
0.0002130923432181621
0.00021627885674561508
0.0002195474530765723
0.00022290188715915588
0.00022634618583266137
0.00022988467545830447
0.00023352201321951286
0.0002372632227013411
0.00024111373448142804
0.00024507943261734287
0.00024916670810508313
0.000253382520622193
0.0002577344701704589
0.00026223088061792284
0.0002668808976332805
0.0002716946041457864
0.00027668315730011543
0.00028185895198010457
0.00028723581745000346
0.0002928292556526289
0.00029865673242613456
0.0003047380366748377
0.0003110957278385834
0.0003177556995983623
0.00032474789881296103
0.0003321072551076387
0.00033987490148908823
0.0003480998052250077
0.00035684099049467703
0.0003661706373457404
0.0003761785184087218
0.00038697855202604104
0.0003987188489654705
0.00041159783057185455
0.0004258951655151131
0.0004420093981730255
0.0004605759436335067
0.0004826903087463838
0.0005105883323786069
0.0005505913506379239
-0.00017956708597473032
-0.00018062827356398107
-0.0001816920907849445
-0.00018275782846718616
-0.0001838253892390463
-0.0001848947193439489
-0.00018596577093880359
-0.00018703849671853964
-0.00018811284917282984
-0.0001891887805050661
-0.00019026624264463092
-0.00019134518727109882
-0.00019242556583880412
-0.0001935073296002585
-0.00019459042962828457
-0.00019567481683695123
-0.0001967604420014162
-0.00019784725577676047
-0.00019893520871589062
-0.0002000242512866118
-0.00020111433388789814
-0.00020220540686547814
-0.00020329742052673796
-0.000204390325155028
-0.0002054840710234027
-0.00020657860840785517
-0.00020767388760005087
-0.00020876985891962797
-0.00020986647272607688
-0.0002109636794302295
-0.00021206142950538432
