0.00454
0.0038914992215018326
0.004074484021491921
0.004255331600561121
0.004434401610869283
0.0046119345236458435
0.004788094161626502
0.004962992865904515
0.005136708739739917
0.005309297232580595
0.005480798809172395
0.0056512439714302126
0.005820656519427531
0.005989055655289076
0.006156457333624215
0.0063228751245281494
0.006488320762525584
0.006652804493403896
0.006816335290630232
0.006978920986910012
0.007140568349584494
0.007301283117743802
0.0074610700119968456
0.007619932723391222
0.007777873885096605
0.007934895028571988
0.008090996524644721
0.008246177508999175
0.008400435790841087
0.008553767742868519
0.008706168170065257
0.008857630154187304
0.00900814487008915
0.009157701369197859
0.009306286324446933
0.009453883729785343
0.009600474545928427
0.009746036282262671
0.009890542502681086
0.010033962240541565
0.01017625930481333
0.010317391455723003
0.010457309423749108
0.010595955740590255
0.010733263344773756
0.01086915391805285
0.0110035359021012
0.011136302139338238
0.0112673270787635
0.01139646349127061
0.011523538655284882
0.011648350069078007
0.01177066043199861
0.011890193020526412
0.01200662677425102
0.012119593035385973
0.012228675362250639
0.012333415514639443
0.012433330393143517
0.012527946866509416
0.012616863274257296
0.012699846017076395
0.012776963228609573
0.012848739918607879
0.012916288205396045
0.012981333681618764
0.013046057399968983
0.013112739125184479
0.01318330828286582
0.013258992300271399
0.013340206742831984
0.013426687830058305
0.01351774977452103
0.013612541266611497
0.013710223815982001
0.013810067118529423
0.01391148070924383
0.014014009463030072
0.014117313349274982
0.014221143402850066
0.01432531960599394
0.014429712698675188
0.014534230117315914
0.014638805522064778
0.0147433911790612
0.014847952503662849
0.014952464189938681
0.015056907483779967
0.015161268269537809
0.015265535730872122
0.01536970141465704
0.015473758576785665
0.015577698039246931
0.015681520952121664
0.015785222072807564
0.015888801633645876
0.015992250715241626
0.016095568145287863
0.016198751913022506
0.016301800177129348
0.016404710293198132
0.016507482398564456
0.016610114617528215
0.016712605725436307
0.016814954666899144
0.01691716054099912
0.017019222590126493
0.017121140191103123
0.017222912847837234
0.01732454018502588
0.01742602194259887
0.017527357970701374
0.017628548225086776
0.017729592762829743
0.01783049173830241
0.017931245399371958
0.01803185408378873
0.018132318215746155
0.018232638302592613
0.018332814931685325
0.01843284876737397
0.01853274054810478
0.018632491083640554
0.01873210125238324
0.01883157199880204
0.01893090433095127
0.01903009931808448
0.01912915808834591
0.01922808182654945
0.019326871772031302
0.01942552921656855
0.019524055502382648
0.019622452020191722
0.01972072020733264
0.019818861545940984
0.01991687756118722
0.02001476981956476
0.020112539927230316
0.020210189528391927
0.02030772030374333
0.02040513396894126
0.020502432273126377
0.020599616997483635
0.020696689953840237
0.020793652983301433
0.0208905079549217
0.020987256764408522
0.02108390133286098
0.021180443605536347
0.021276885550650958
0.021373229158206296
0.02146947643884638
0.021565629422740176
0.02166169015849106
0.02175766071207306
0.021853543165789465
0.021949339617258277
0.022045052178418248
0.02214068297456046
0.02223623414338009
0.02233170783405175
0.022427106206324054
0.02252243142963626
0.02261768568225525
0.022712871150431836
0.02280799002757629
0.022903044513453544
0.02299803681339747
0.023092969137541636
0.023187843700070557
0.02328266271848592
0.023377428412892705
0.023472143005300566
0.02356680750488924
0.02366142531606284
0.023755998762535226
