-24.774985854361372
-25.1426511764369
-24.99914522828825
-24.854049253456548
-24.70781287193132
-24.56087576387062
-24.41350715931821
-24.265873848149518
-24.118081355453583
-23.970198263454225
-23.822270542904946
-23.674329979734505
-23.52639911569352
-23.378494130913694
-23.23062650976348
-23.082803985023432
-22.935031051120745
-22.787309216746756
-22.639637096174066
-22.492010396662476
-22.34442183452153
-22.196860997587432
-22.04931416294371
-21.901764073184577
-21.754189670948083
-21.60656578896373
-21.458862790943062
-21.31104615697697
-21.16307600548447
-21.014906542022207
-20.866485423348976
-20.717753022888623
-20.568641581114786
-20.419074221256626
-20.268963807008678
-20.118211614496836
-19.96670578547885
-19.814319522488812
-19.66090897925475
-19.50631079106671
-19.350339179802386
-19.192782557040644
-19.03339953635624
-18.871914253130914
-18.708010878323055
-18.54132720411048
-18.371447178657597
-18.197892282061186
-18.02011167946458
-17.837471181982014
-17.649241228556964
-17.454583035406877
-17.252542080134535
-17.04203152568801
-16.821834378888944
-16.590612062323693
-16.3469362876051
-16.089357899109306
-15.816533873734729
-15.527439619293927
-15.221694641119829
-14.900015683500195
-14.564766862441651
-14.220486524533559
-13.87414637300525
-13.534814668472984
-13.212495856792216
-12.916298457700098
-12.652573642967816
-12.42383867761748
-12.22889832919281
-12.06391119182206
-11.923759255577549
-11.80320018868406
-11.697553372414985
-11.602987892414173
-11.516542229909131
-11.436013375843267
-11.359804746774868
-11.286779422682121
-11.216137179937984
-11.14731892818605
-11.079935696237479
-11.013717328103217
-10.948476090952324
-10.884081171337767
-10.820440946385359
-10.757490725740748
-10.695184306907592
-10.633488171661314
-10.572377503892568
-10.511833460062531
-10.451844572638446
-10.39239233473114
-10.333470105493783
-10.275066028385861
-10.217178889435463
-10.159798376856386
-10.102917929648306
-10.046531311837105
-9.990632979376487
-9.935216183973445
-9.880275716309216
-9.825805996934657
-9.77180153586515
-9.718256918643304
-9.665166796793073
-9.612525881329942
-9.560328938339975
-9.508570785963041
-9.457246292325854
-9.406350374113671
-9.355877995573742
-9.30582416780453
-9.25618394823407
-9.206952440221597
-9.158124792735007
-9.109696200075732
-9.061661901628685
-9.014017181623002
-8.96675736889591
-8.919877836651922
-8.873374002212138
-8.827241326756596
-8.781475315050377
-8.73607151516097
-8.69102551815767
-8.646332957803757
-8.601989510231931
-8.5579908936087
-8.514332867791595
-8.47101123396708
-8.428021834287334
-8.385360551493664
-8.34302330853277
-8.301006068165465
-8.259304832569077
-8.217915642934088
-8.176834579055825
-8.136057758922034
-8.095581338297466
-8.05540151030559
-8.015514505008491
-7.975916588986122
-7.936604064914365
-7.8975732711444735
-7.858820581282389
-7.8203424037703675
-7.782135181470045
-7.7441953912492405
-7.706519543570856
-7.66910418208638
-7.631945883233291
-7.595041255837048
-7.55838694071862
-7.521979610307249
-7.485815968259252
-7.449892749082729
-7.414206717769631
-7.378754669433839
-7.343533428957018
-7.3085398506415205
-7.273770817871033
-7.2392232427790155
-7.20489406592525
-7.170780255980331
-7.13687880941843
-7.10318675021871
-7.069701129575068
-7.036419025614028
-7.0033375431222
-6.970453813281226
-6.937764993412181
-6.905269129849622
-6.872961677814895
-6.840840746110429
-24.774985854361372
-25.1426511764369
-24.99914522828825
-24.854049253456548
-24.70781287193132
-24.56087576387062
-24.41350715931821
-24.265873848149518
-24.118081355453583
-23.970198263454225
-23.822270542904946
-23.674329979734505
-23.52639911569352
-23.378494130913694
-23.23062650976348
-23.082803985023432
-22.935031051120745
-22.787309216746756
-22.639637096174066
-22.492010396662476
-22.34442183452153
-22.196860997587432
-22.04931416294371
-21.901764073184577
-21.754189670948083
-21.60656578896373
-21.458862790943062
-21.31104615697697
-21.16307600548447
-21.014906542022207
-20.866485423348976
-20.717753022888623
-20.568641581114786
-20.419074221256626
-20.268963807008678
-20.118211614496836
-19.96670578547885
-19.814319522488812
-19.66090897925475
-19.50631079106671
-19.350339179802386
-19.192782557040644
-19.03339953635624
-18.871914253130914
-18.708010878323055
-18.54132720411048
-18.371447178657597
-18.197892282061186
-18.02011167946458
-17.837471181982014
-17.649241228556964
-17.454583035406877
-17.252542080134535
-17.04203152568801
-16.821834378888944
-16.590612062323693
-16.3469362876051
-16.089357899109306
-15.816533873734729
-15.527439619293927
-15.221694641119829
-14.900015683500195
-14.564766862441651
-14.220486524533559
-13.87414637300525
-13.534814668472984
-13.212495856792216
-12.916298457700098
-12.652573642967816
-12.42383867761748
-12.22889832919281
-12.06391119182206
-11.923759255577549
-11.80320018868406
-11.697553372414985
-11.602987892414173
-11.516542229909131
-11.436013375843267
-11.359804746774868
-11.286779422682121
-11.216137179937984
-11.14731892818605
-11.079935696237479
-11.013717328103217
-10.948476090952324
-10.884081171337767
-10.820440946385359
-10.757490725740748
-10.695184306907592
-10.633488171661314
-10.572377503892568
-10.511833460062531
-10.451844572638446
-10.39239233473114
-10.333470105493783
-10.275066028385861
-10.217178889435463
-10.159798376856386
-10.102917929648306
-10.046531311837105
-9.990632979376487
-9.935216183973445
-9.880275716309216
-9.825805996934657
-9.77180153586515
-9.718256918643304
-9.665166796793073
-9.612525881329942
-9.560328938339975
-9.508570785963041
-9.457246292325854
-9.406350374113671
-9.355877995573742
-9.30582416780453
-9.25618394823407
-9.206952440221597
-9.158124792735007
-9.109696200075732
-9.061661901628685
-9.014017181623002
-8.96675736889591
-8.919877836651922
-8.873374002212138
-8.827241326756596
-8.781475315050377
-8.73607151516097
-8.69102551815767
-8.646332957803757
-8.601989510231931
-8.5579908936087
-8.514332867791595
-8.47101123396708
-8.428021834287334
-8.385360551493664
-8.34302330853277
-8.301006068165465
-8.259304832569077
-8.217915642934088
-8.176834579055825
-8.136057758922034
-8.095581338297466
-8.05540151030559
-8.015514505008491
-7.975916588986122
-7.936604064914365
-7.8975732711444735
-7.858820581282389
-7.8203424037703675
-7.782135181470045
-7.7441953912492405
-7.706519543570856
-7.66910418208638
-7.631945883233291
-7.595041255837048
-7.55838694071862
-7.521979610307249
-7.485815968259252
-7.449892749082729
-7.414206717769631
-7.378754669433839
-7.343533428957018
-7.3085398506415205
-7.273770817871033
-7.2392232427790155
-7.20489406592525
-7.170780255980331
-7.13687880941843
-7.10318675021871
-7.069701129575068
-7.036419025614028
-7.0033375431222
-6.970453813281226
-6.937764993412181
-6.905269129849622
-6.872961677814895
-6.840840746110429
