10.237
16.84182612925969
17.00201442413154
17.135239627386984
17.25775162332284
17.37033272114819
17.476100567530015
17.576909313958804
17.6740886900881
17.768599578593516
17.861141740881585
17.95222837316411
18.04223808112918
18.131451428895243
18.220076958905864
18.30826987354937
18.396145662405278
18.483789995857826
18.571266147698253
18.658620441145093
18.745886376518566
18.83308773061392
18.920240935964213
19.00735682529104
19.09444205538469
19.181500121494913
19.268532199194855
19.35553774030541
19.442514944708332
19.529461180005033
19.616373178444743
19.703247328274124
19.79007980813052
19.87686670117564
19.963604113138697
20.050288215127882
20.136915302944264
20.223481823530935
20.309984430021792
20.39641993604265
20.482785386098588
20.569078023082398
20.65529527468611
20.741434800176176
20.827494397396958
20.913472116337616
20.99936612150155
21.085174760140408
21.170896546264125
21.256530111980908
21.342074237286873
21.427527813253167
21.512889854061445
21.59815947396402
21.683335859104773
21.76841828597574
21.853406125562838
21.938298799923512
22.02309577979568
22.10779661118398
22.19240084683273
22.276908111833627
22.361318049169046
22.445630304410226
22.52984458293788
22.613960574992515
22.69797799610745
22.781896530459193
22.86571592143126
22.94943585343958
23.033056032232775
23.116576139261568
23.19999586541976
23.2833148451087
23.36653271836383
23.449649106698555
23.532663577884396
23.61557568364089
23.69838495624275
23.78109089483001
23.863692942313605
23.946190524290586
24.028583007145063
24.110869755184105
24.193050059983825
24.275123162725755
24.357088280037686
24.438944580907894
24.520691175214857
24.602327153066017
24.683851512423914
24.765263256648442
24.846561261703588
24.927744419887503
25.00881154112355
25.08976140048341
25.170592691667544
25.251304071870514
25.331894139293333
25.412361439475127
25.492704436687855
25.572921576013282
25.65301124464114
25.73297171937302
25.8128012824529
25.892498099390753
25.972060334209004
26.05148604497067
26.13077324410934
26.20991989645194
26.288923888925094
26.367783044684455
26.446495158220465
26.525057901063242
26.603468963721383
26.681725889891464
26.759826226840328
26.83776743183647
26.91554688175354
26.99316192637451
27.07060981667706
27.147887798994756
27.224992964630207
27.301922423769078
27.378673203596044
27.455242221836507
27.531626411095335
27.607822548700568
27.68382741245317
27.75963770497634
27.835250076685487
27.910661070455102
27.985867195415207
24.655157927319173
24.768576196948096
24.880826061687692
24.99195770769728
25.102008805334652
25.211008425323417
25.318979826095696
25.42594220919578
25.53191182082248
25.636902894504356
25.74092803176024
25.843998722760873
25.9461255711928
26.04731846763613
26.147586798474396
26.246939491836
26.345385174698453
26.442932125018288
26.539588449952323
26.635362032298328
26.73026056374343
26.824291631245508
26.91746268904058
27.009781068318354
27.10125399973497
27.19188860467725
27.281691968559002
27.370671013907103
27.458832624716393
27.546183645278894
27.632730729872936
27.718480555761428
27.803439663999995
27.88761455085362
27.97101158506177
28.053637083106437
28.135497265062035
28.216598247277954
28.296946090824452
28.37654677226707
28.45540607864794
28.533529830542
28.610923695831413
28.687593222524747
28.76354388977957
28.83878108518636
28.913310043589597
28.987135935003124
29.060263845358225
29.132523114457566
29.204268514072027
29.27533038828262
29.345892574477265
29.41560226472674
29.48464183975988
29.5530154488192
29.620727152169493
29.687780772610132
29.75417998060332
29.819928174849636
29.885028532370278
29.949483834384687
30.01329645757631
30.076468203679205
30.139000113107645
30.20089208283769
30.262142346710792
