0.03347
0.029005962095455917
0.02852516064105195
0.028063712008421636
0.027621424135979924
0.027198067160766372
0.026793346376898106
0.026406900931416455
0.02603830802093574
0.02568708878038355
0.0253527149995305
0.025034616328065508
0.024732187728075797
0.024444796962238963
0.02417179192956531
0.023912507687423656
0.023666273028563323
0.023432416513099907
0.023210271886111536
0.02299918284011882
0.02279850710723551
0.022607619887484408
0.02242591663741895
0.02225281525674746
0.022087757720365392
0.021930211209460974
0.021779668798622785
0.021635649756682595
0.021497699517870134
0.021365389377224524
0.02123831596052973
0.021116100514677858
0.020998388059640837
0.020884846438364153
0.020775165296102616
0.020669055016109984
0.020566245634296973
0.020466485751502214
0.020369541458472
0.02027519528546493
0.020183245185630368
0.020093503558914108
0.02000579632121009
0.019919962021754452
0.019835851010356446
0.01975332465489467
0.019672254608594435
0.01959252212588739
0.019514017425103277
0.019436639095863337
0.019360293548765162
0.019284894504792417
0.019210362521803144
0.019136624555434863
0.019063613551819274
0.018991268069571406
0.018919531928647183
0.018848354011882146
0.018777687514966113
0.018707490148170795
0.018637723809666183
0.01856835414883939
0.01849935041722591
0.01843068525056752
0.01836233446385951
0.01829427685836324
0.018226494039628935
0.01815897024568963
0.01809169218467214
0.018024648881163927
0.017957831530740934
0.017891233362135783
0.01782484950657495
0.017758677080655143
0.017692714266382432
0.01762696136599745
0.017561419943618515
0.017496092906681693
0.017430984410739755
0.017366099769142378
0.017301445367378165
0.01723702858185907
0.017172857702918043
0.01710894186184022
0.017045290961702122
0.016981915611846927
0.016918827065803454
0.016856037162506162
0.0167935582704147
0.016731403235057778
0.01666958532869169
0.01660811820306884
0.016547015844479245
0.016486292531154887
0.016425962792866747
0.016366041372586165
0.016306543190087685
0.016247483307375726
0.016188876895824707
0.016130739204926817
0.016073085532551247
0.016015931196617664
0.015959291508100056
0.015903181745277575
0.015847617129155372
0.015792612799985044
0.01573818379481672
0.015684345026024074
0.01563111126073874
0.01557849710114873
0.015526516965606285
0.015475185070501146
0.015424515412859895
0.015374521753629085
0.015325217601612153
0.015276616198023106
0.015228730501631964
0.015181573174473878
0.015135156481214216
0.01508949262219931
0.015044593203428963
0.015000469567459162
0.01495713269644002
0.014914593200713101
0.014872861240071365
0.014831946810529914
0.01479185923751028
0.014752607548519798
0.014714200341472996
0.01467664578239725
0.014639951597981893
0.014604125067742793
0.014569173016480032
0.014535101807132012
0.014501917403243202
0.014469625061442028
0.014438229825411203
0.014407736138958956
0.014378147961740126
0.014349468758552275
0.014321701494318224
0.014294848630284102
0.014268912120793297
0.014243893410558163
0.014219793432423043
0.014196612605630798
0.014174350834600885
0.014153007508228378
0.014132581499720078
0.014113071166970687
0.014094474353493792
0.014076788389915976
0.014060010096041574
0.014044135783497405
0.014029161258962612
0.01401508182799152
0.014001892299433672
0.013989586990453037
0.013978159732150766
0.013967603875789351
0.013957912299619046
0.013949077416304474
0.013941091180943738
0.013933945099676175
0.013927630238870198
0.01392213723487917
0.013917456304356353
0.013913577255112029
0.013910489497495904
0.013908182056292661
0.013906643583101577
0.013905862369187401
0.01390582635877331
0.013906523162752097
0.013907940072789568
0.013910064075791614
0.013912881868705191
0.013916379873536904
0.013920544253141242
0.013925360926017063
0.013930839864127792
0.013936892767911492
0.013943580189433806
0.01395086138585991
0.013958721318878244
0.013967144787934314
0.013976116459068185
0.0139856208830743
0.013995642512006575
0.014006165715339663
0.014017174795948236
0.014028654005912971
0.014040587562114725
0.014052959661599558
0.01406575449668034
0.014078956269748814
0.014092549207778554
0.014106517576488764
0.01412084569415109
0.01413551794501988
