195.43392922507687
195.47283766118167
195.51133333439097
195.54941626899728
195.58708648226775
195.62434399502422
195.66118883385423
195.69762103125942
195.73364062535998
195.76924765951497
195.80444218194003
195.83922424534347
195.8735939065862
195.90755122636645
195.9410962689285
195.97422910179583
196.00694979552563
196.03925842348445
196.07115506164268
196.10263978838677
196.13371268434742
196.1643738322424
196.19462331673282
196.2244612242912
196.25388764308116
196.28290266284645
196.31150637480957
196.33969887157843
196.36748024706066
196.39485059638437
196.4218100158257
196.4483586027414
196.47449645550702
196.5002236734598
196.52554035684523
196.5504466067684
196.57494252514826
196.5990282146754
196.62270377877303
196.64596932156013
196.668824947818
196.6912707629582
196.71330687299348
196.73493338450973
196.75615040464103
196.77695804104516
196.7973564018812
196.8173455957886
196.83692573186767
196.85609691966084
196.87485926913558
196.89321289066808
196.91115789502805
196.92869439336437
196.94582249719164
196.96254231837773
196.97885396913142
196.99475756199172
197.010253209817
197.0253410257751
197.0400211233341
197.05429361625332
197.0681586185752
197.08161624461746
197.09466660896555
197.10730982646578
197.1195460122188
197.13137528157353
197.14279775012102
197.15381353368932
197.16442274833807
197.17462551035374
197.18442193624506
197.19381214273864
197.20279624677494
197.21137436550453
197.21954661628456
197.2273131166753
197.23467398443694
197.2416293375269
197.2481792940967
197.25432397249003
197.26006349123963
197.26539796906548
197.27032752487273
197.27485227774986
197.27897234696658
197.2826878519726
197.28599891239583
197.28890564804112
197.2914081788893
197.29350662509566
197.29520110698908
197.29649174507122
197.29737866001568
197.2978619726672
197.29794180404116
197.29761827532312
197.29689150786814
197.2957616232008
197.29422874301468
197.2922929891722
197.28995448370463
197.28721334881175
197.28406970686223
197.28052368039346
197.27657539211188
197.272224964893
197.2674725217816
197.26231818599223
197.25676208090948
197.25080433008816
197.24444505725404
197.23768438630415
197.23052244130722
197.22295934650433
197.21499522630947
197.20663020530992
197.19786440826715
197.18869796011717
197.17913098597157
197.1691636111177
197.1587959610197
197.14802816131893
197.13686033783492
197.125292616566
197.1133251236898
197.10095798556424
197.08819132872796
197.0750252799013
197.06145996598678
197.0474955140698
197.03313205141941
197.01836970548868
197.00320860391577
196.98764887452424
196.97169064532358
196.95533404450993
196.9385792004667
196.92142624176486
196.9038752971635
196.88592649561033
196.86757996624203
196.84883583838453
196.82969424155357
196.8101553054548
196.79021915998408
196.7698859352277
196.74915576146248
196.728028769156
196.70650508896648
196.68458485174304
196.6622681885254
196.63955523054395
196.61644610921954
196.59294095616346
196.5690399031768
196.5447430822506
196.52005062556518
196.49496266548988
196.46947933458253
196.44360076558903
196.4173270914426
196.39065844526326
196.3635949603573
196.33613677021617
196.30828400851618
196.2800368091173
196.2513953060623
196.22235963357627
196.19292992606512
196.16310631811467
196.13288894449005
196.10227794013403
196.0712734401662
196.03987557988188
196.00808449475076
195.97590032041575
195.94332319269188
195.91035324756484
195.8769906211901
195.84323544989098
195.80908787015798
195.7745480186473
195.73961603217927
195.70429204773777
195.66857620246807
195.63246863367627
195.59596947882775
195.55907887554602
195.52179696161141
195.48412387496037
195.44605975368378
195.4076047360264
195.36875896038558
195.3295225653099
195.28989568949942
195.2498784718041
195.20947105122323
195.16867356690489
