4.009755667172482
3.950493956050624
3.892065498662092
3.834465860288569
3.7776905427516536
3.7217350671591976
3.6665949884667324
3.6122658985508065
3.5587434261585114
3.5060232350282328
3.454101020491612
3.4029725047596493
3.352633431100964
3.3030795571273077
3.254306647397131
3.206310465533747
3.159086766033677
3.1126312859164194
3.066939736341634
3.022007794295646
2.977831094427297
2.9344052210943294
2.891725700665788
2.849787994113406
2.8085874899152463
2.7681194972877323
2.728379239757133
2.689361849078256
2.6510623595061142
2.613475702425446
2.57659670134231
2.5404200672434123
2.5049403943279733
2.470152156118753
2.436049701959362
2.40262725390626
2.369878904023105
2.3377986120878003
2.306380203721149
2.275617368946913
2.245503661192718
2.216032496740856
2.1871971546373037
2.158990777066353
2.131406370196979
2.1044368055056433
2.0780748215785403
2.0523130263941196
2.027143900085244
2.0025597981772556
1.9785529552963534
1.9551154893401372
1.932239406099142
1.9099166043161662
1.888138881165345
1.866897938140245
1.8461853873154663
1.8259927579704507
1.8063115035441868
1.787133008893514
1.7684485978249185
1.7502495408679928
1.7325270632572618
1.715272353087866
1.6984765696096646
1.6821308516236861
1.6662263259445127
1.6507541158921468
1.6357053497771712
1.6210711693435609
1.6068427381343426
1.5930112497463969
1.5795679359420454
1.5665040745866534
1.5538109973832501
1.5414800973771465
1.5295028362056464
1.5178707510701852
1.5065754614105848
1.4956086752635205
1.4849621952897447
1.4746279244570966
1.4645978713687622
1.4548641552286963
1.445419010438463
1.4362547908220513
1.4273639734774524
1.4187391622555654
1.410373090869868
1.4022586256405802
1.3943887659058933
1.3867566539941651
1.3793555649493985
1.3721789159123072
1.3652202651464473
1.3584733127725106
1.3519319012082986
1.3455899366590787
1.339441080120105
1.33347940603089
1.3276991400505178
1.3220946579510853
1.3166604843459837
1.3113912912176677
1.3062818962575802
1.301327261034212
1.2965224890040183
1.2918628233842382
1.287343644899149
1.2829604694164398
1.2787089454869387
1.2745848518009724
1.2705840945738704
1.2667027048724386
1.2629368358935233
1.2592827602050987
1.2557368669596176
1.2522956590887018
1.2489557504875732
1.245713863196999
1.2425668245898964
1.2395115645691352
1.2365451127825176
1.2336645958603412
1.2308672346804477
1.2281503416651391
1.2255113181138892
1.2229476515753166
1.2204569132614773
1.2180367555071325
1.2156849092762867
1.2133991817179404
1.2111774537726934
1.2090176778315282
1.20691787544784
1.204876135103524
1.202890610029702
1.2009595160824624
1.1990811296737895
1.1972537857576948
1.195475875871393
1.1937458462312387
1.1920621958829962
1.1904234749059184
1.1888282826699972
1.18727526614567
1.185763118265181
1.184290576334735
1.182856420496521
1.1814594722396385
1.1800985929589078
1.1787726825605276
1.1774806781135025
1.1762215525457531
1.1749943133837943
1.1737980015348728
1.1726316901104339
1.1714944832897958
1.170385515222909
1.1693039489710821
1.168248975484567
1.167219812615903
1.1662157041679362
1.1652359189754449
1.1642797500193138
1.163346513572228
1.162435548374863
1.1615462148415832
1.1606778942946698
1.1598299882261274
1.1590019175861388
1.1581931220972648
1.1574030595935016
1.156631205383338
1.155877051635977
1.155140106789906
1.1544198949830293
1.1537159555035952
1.1530278422611768
1.1523551232769824
1.151697380192802
1.1510542077979138
1.1504252135732935
1.1498100172525003
1.1492082503986234
1.1486195559967005
1.1480435880610376
1.147480011256878
1.1469285005358911
1.1463887407849642
1.1458604264878045
1.1453432613988725
1.144836958229187
1.144341238343557
1.1438558314688116
1.1433804754126198
1.1429149157924958
1.1424589057746144
1.1420122058220625
1.1415745834521762
