143.62064616456976
143.70246359258851
143.85169761177076
144.06320819940743
144.332374176772
144.65499591087672
145.0272303444858
145.44554341946804
145.90667288606804
146.407597996693
146.94551417724327
147.51781152942664
148.12205640471782
148.75597550464175
149.41744209150409
150.10446397903434
150.81517303291287
151.54781595652406
152.30074617271742
153.07241664088025
153.86137347208847
154.66625022473008
155.48576277962852
156.31870470793606
157.16394305736114
158.02041449296857
158.88712173810882
159.7631302691167
160.64756522436303
161.53960849658563
162.43849597788517
163.34351493714595
164.25400151079882
165.16933829210348
166.08895200723796
167.0123112691436
167.93892440232503
168.86833733368755
169.8001315460478
170.7339220922125
171.66935566851618
172.60610874747522
173.54388576977908
174.48241739622736
175.42145882046077
176.36078814344555
177.30020481067763
178.2395281129948
179.17859575173827
180.11726246880767
181.0553987419188
181.99288954511408
182.929633174303
183.86554013733192
184.80053210781065
185.7345409416596
186.66750775509243
187.59938206252448
188.5301209726878
189.45968844105684
190.38805457653015
191.3151950001885
192.2410902538439
193.16572525601987
194.08908880294976
195.01117311214975
195.93197340611755
196.85148753371644
197.76971562683687
198.68665978997
199.602323820388
200.51671295669527
201.429833653595
202.34169338080298
203.25230044413442
204.16166382688843
205.06979304975505
205.97669804757402
206.88238906137676
207.78687654424692
208.69017107963555
209.59228331086626
210.49322388066193
211.39300337961737
212.2916323026309
213.18912101239192
214.0854797091031
214.98071840568903
215.8748469078169
216.76787479811756
217.65981142406022
218.5506658889878
219.44044704587495
220.32916349341747
221.21682357410592
222.10343537397742
222.98900672377565
223.87354520128102
224.75705813460465
225.639552606265
226.52103545789075
227.4015132954146
228.28099249464114
229.15947921288952
230.0369793707688
230.9134986965067
231.78904270535378
232.66361671290335
233.53722584127573
234.40987502523907
235.28156901823675
236.15231239829862
237.02210957382067
237.89096478919853
238.75888213030674
239.62586552981648
240.49191877234745
241.3570454994524
242.221249214433
243.0845332869885
243.94690095769903
244.80835534234583
245.66889943607256
246.5285361173908
247.3872681520354
248.2450981966729
249.10202880246828
249.95806241851554
250.81320139513622
251.6674479870513
252.52080435643092
253.37327257582686
254.22485463099312
255.0755524235976
255.92536777383094
256.7743024229155
257.6223580355199
258.4695362020813
259.31583844104136
260.16126620099703
261.00582086277234
261.84950374141204
262.69231608810225
263.5342590920201
264.37533388211483
265.21554152882504
266.05488304573237
266.8933593911558
267.7309714696884
268.5677201336791
269.4036061846604
270.23863037472705
271.0727934078645
271.90609594123043
272.7385385863919
273.57012191051854
274.40084643753426
275.2307126492293
276.0597209863327
276.88787184954896
277.71516560055824
278.5416025629825
279.3671830233187
280.19190723184
281.01577540346665
281.83878771860736
282.66094432397233
283.48224533335895
284.30269082841096
285.122280859353
285.9410154457
286.75889457694325
287.5759182132147
288.39208628592786
289.2073986983991
290.0218553264478
290.8354560189775
291.6482005985379
292.46008886186905
293.27112058042763
294.08129550089683
294.8906133456794
295.69907381337583
296.5066765792466
297.31342129566025
298.11930759252806
298.92433507772347
299.72850333749045
300.53181193683776
301.33426041992203
302.1358483104186
302.93657511188127
303.73644030809123
304.53544336339536
305.3335837230347
306.13086081346273
306.9272740426547
307.7228228004076
308.5175064586315
309.3113243716325
