243.58657
252.27209455803165
253.17448931904536
253.9480341053663
254.60376480835322
255.15358316848364
255.60827062118202
255.97728623437442
256.2688961696632
256.49034085300514
256.64798537406665
256.74744662618406
256.7936996078622
256.79116637318737
256.74379073281125
256.65510125210545
256.52826460476393
256.3661309444747
256.17127264206357
255.9460174846238
255.69247723285542
255.41257227228448
255.1080529647922
254.78051820237528
254.4314315802182
254.06213553698808
253.67386375363458
253.26775205545286
252.84484802378478
252.40611949194974
251.9524620736009
251.48470584967959
251.0036213217252
250.50992472384024
250.0042827725894
249.48731692312182
248.95960719049376
248.42169558725533
247.87408922162663
247.31726309483452
246.75166263124564
246.17770597070316
245.59578604882765
245.0062724878974
244.409513318208
243.80583654745112
243.19555159360365
242.57895059503977
241.95630961002072
241.32788971635642
240.6939380208445
240.05468858704901
239.41036328905622
238.76117259804457
238.1073163077817
237.44898420454157
236.78635668636613
236.11960533610704
235.4488934522394
234.77437654105083
234.09620277345738
233.41451340939025
232.72944319241466
232.04112071699822
231.3496687706204
230.65520465271524
229.95784047225936
229.25768342565746
228.55483605642888
227.84939649807265
227.1414587013617
226.43111264721955
225.7184445462274
225.00353702572707
224.2864693054031
223.5673173621566
222.8461540850151
222.1230494207649
221.3980705109391
220.67128182074197
219.94274526044464
219.21252029975014
218.48066407558485
217.74723149373645
217.01227532473126
216.27584629431428
215.53799316886355
214.7987628360532
214.05820038105045
213.31634915851774
212.57325086066336
211.8289455815773
211.08347187806308
210.33686682716632
209.5891660805883
208.84040391615537
208.09061328650705
207.33982586515435
206.5880720900478
205.8353812047898
205.08178129760833
204.3272993382165
203.57196121265545
202.81579175622952
202.05881478462447
201.3010531232994
200.54252863523396
199.78326224711148
199.02327397401103
198.26258294267765
197.50120741343713
196.73916480081772
195.97647169293546
195.21314386970255
194.4491963199082
193.68464325722326
192.91949813517874
192.15377366115965
191.38748180946288
190.62063383345895
189.85324027689614
189.08531098439133
188.31685511114168
187.54788113189537
186.77839684921696
186.00840940108583
185.23792526785655
184.46695027862327
183.69548961701565
182.92354782646427
182.15112881496822
181.37823585939955
180.60487160937853
179.83103809075504
179.05673670873074
178.2819682506588
177.5067328885574
176.73103018137488
175.95485907704446
175.1782179143696
174.40110442477967
173.62351573399755
172.84544836366635
172.0668982329752
171.2878606603353
170.5083303651537
169.72830146975346
168.9477675014953
168.16672139515262
167.3851554955988
166.60306156086318
165.82043076561732
165.03725370515625
164.25352039993703
163.46922030074518
162.68434229455784
161.89887471117677
161.11280533070544
160.32612139194862
159.5388096018134
158.75085614579467
157.96224669962777
157.17296644219627
156.38300006978312
155.59233181175495
154.8009454477725
154.0088243266209
153.21595138675443
152.422309178653
151.62787988908659
150.8326453673868
150.0365871538216
149.23968651017356
148.44192445261532
147.6432817869832
146.843739146538
146.04327703231095
145.24187585611983
144.43951598634524
143.63617779654666
142.83184171699733
142.02648828920942
141.22009822351427
140.41265245975586
139.6041322311481
138.79451913133457
137.98379518468116
137.171942919821
136.35894544645578
135.5447865354062
134.72945070188902
133.9129232919799
133.09519157450572
132.27624087533175
131.45605937358954
130.63463893591344
129.81196935749267
128.9880429525096
128.1628535545257
127.33639662358279
