0.0008965499917190872
0.0009281230646778678
0.0009373985209364668
0.0009395953662419338
0.0009389647625567627
0.0009368195607773269
0.000933715212250345
0.0009299598438976469
0.0009257498802931234
0.000921216943497405
0.000916450752414095
0.0009115128001502196
0.0009064453415427061
0.0009012774918197082
0.0008960294098431067
0.0008907151795522316
0.0008853447994874074
0.0008799255594675354
0.0008744629956047393
0.0008689615548718937
0.000863425059300991
0.0008578570316069464
0.0008522609245652228
0.0008466402830679305
0.0008409988585540143
