7.2657
6.105050946663532
6.063119091280705
6.02309222163775
5.984878533172381
5.94844760666996
5.913773419164537
5.880824684876827
5.849563634582384
5.819946351264871
5.791923434113869
5.765440755896412
5.740440253125457
5.716860720276431
5.694638586914155
5.673708660449147
5.65400482069601
5.6354606558509195
5.61801003283835
5.601587598063125
5.586129207332996
5.571572286016972
5.55785612235578
5.54492209824056
5.5327138627555765
5.521177454387802
5.510261378090692
5.499916643412518
5.49009676971703
5.480757764188924
5.471858077876382
5.463358544515531
5.4552223063447975
5.447414730570028
5.439903319610633
5.432657617751264
5.42564911635886
5.4188511593968105
5.412238850594608
5.405788963296919
5.399479853731101
5.393291378190815
5.3872048144311515
5.3812027874044315
5.375269199336845
5.369389164040684
5.363548945281857
5.357735898967865
5.351938418883577
5.3461458856848125
5.34034861884928
5.3345378312895
5.3287055863428066
5.322844756869135
5.316948986212016
5.3110126507982125
5.305030824181512
5.298999282562635
5.2929144129777494
5.286773007050519
5.280572697734538
5.274311545017299
5.267988112754009
5.261601439489335
5.255151009952426
5.248636727265975
5.242058885874758
5.235418145204084
5.228715504059741
5.2219522757927725
5.2151300642402
5.208250740471555
5.201316420355616
5.194329504758634
5.187292418902505
5.180207941452
5.173078960202903
5.165908508451456
5.158699747802582
5.151455951847822
5.14418049071805
5.1368768165235155
5.129548449607118
5.122198965696455
5.114831983832327
5.107451155113419
5.100060152211354
5.092662659636635
5.085262364697252
5.077862949210972
5.070468081789005
5.063081410811677
5.055706557972898
5.048347112392663
5.041006625261267
5.033688604983545
5.0263965127932435
5.019133758806377
5.011903698485013
5.004709629482366
4.997554788843008
4.990442350530365
4.983375423257746
4.976357048598046
4.9693901993498235
4.962477778138204
4.955622616229667
4.948827472543073
4.942095032836738
4.935427909057074
4.92882863883174
4.922299685092885
4.915843435817824
4.909462203873028
4.903158226951904
4.896933667594059
4.890790613277254
4.884731076572875
4.878756865098333
4.872870102148617
4.867072447585989
4.861365616795745
4.855751251828763
4.850230921707014
4.844807545138964
4.83947972131509
4.834250192260999
4.829120250184108
4.824091106980765
4.819163902838362
4.81433970787153
4.809619522772193
4.8050042793220875
4.800494840889682
4.79609056704431
4.791795038235145
4.7876075122167805
4.783528572598945
4.7795587466175204
4.775698497508889
4.771948223872496
4.76830826004216
4.764778876610985
4.761360280989938
4.758052617982327
4.754855970375046
4.751770359547483
4.748795746098929
4.74593203049873
4.743179053758651
4.740536598130606
4.7380043878318405
4.735582089799108
4.733269314473168
4.731065616616181
4.728970496162741
4.72698339910749
4.725103718428697
4.7233307950508845
4.721663918846401
4.720102329677242
4.718645218478654
4.717291728383679
4.716040955889584
4.714891952067145
4.713843723811361
4.7128952351340745
4.712045408498528
4.711293126193078
4.710637231746397
4.71007653137917
4.709609795494525
4.709235760202757
4.708953128879973
4.708760573758471
4.708656737546116
4.708640235073314
4.708709655048936
4.70886356132417
4.709100495462953
4.709385963169693
4.709816935944573
4.71029407657123
4.710848176168155
4.711477720591304
4.712181155965522
4.712956913748266
4.713803415950269
4.714719077391398
4.715702307501503
4.71675151203608
4.717865094763714
4.719041459125658
4.7202790098694205
4.7215761546519985
4.722931305609211
4.724342880890742
4.725809306155865
4.727329016028732
4.7289004555111145
