9.93601
4.049623681519895
4.059050167543967
4.067843515388255
4.074773316692989
4.079499095073411
4.082037650103368
4.082538475997996
4.081190485563438
4.078184487738898
4.073699166885322
4.067896823055964
4.060923038928953
4.052907813176097
4.043967137837714
4.034204608238829
4.023712911997251
4.012575151098598
4.000865994376456
3.9886526739379877
3.975995843932433
3.962950320304546
3.9495657186801827
3.9358870055145907
3.921954975594689
3.9078066670576215
3.8934757234602153
3.878992706564443
3.8643853884586497
3.8496789859768494
3.8348963828546863
3.820058326256287
3.805183602582956
3.790289196159112
3.775390433184165
3.7605011129717516
3.7456336281559834
3.7307990752368343
3.7160073566532037
3.701267275313074
3.6865866224017205
3.671972259113823
3.657430192864984
3.6429656484317148
3.6285831344167208
3.6142865053417417
3.600079019662185
3.585963393934386
3.5719418533467797
3.5580161787947695
3.544187750688253
3.53045758963201
3.5168263941407787
3.5032945755275495
3.4898622901057172
3.476529468841501
3.4632958445846485
3.450160977010858
3.4371242754116906
3.4241850194445553
3.4113423779729772
3.3985954261297806
3.3859431606995885
3.373384513957073
3.360918366064026
3.348543556126062
3.336258892034607
3.324063159163393
3.311955128044045
3.2999335610852274
3.2879972184422246
3.27614486309426
3.2643752652274918
3.2526872059725047
3.2410794805750656
3.2295509010567547
3.2181002984136433
3.2067265244190906
3.195428453058628
3.1842049816547737
3.173055031714774
3.1619775495334066
3.1509715065873722
3.1400358997470623
3.129169751333017
3.1183721090388574
3.1076420457373866
3.0969786592006
3.086381071727974
3.07584842972219
3.065379903203088
3.054974685285314
3.0446319916185005
3.034351059808433
3.024131148816069
3.013971538345775
3.00387152823212
2.99383043781604
2.9838476053304865
2.973922387286317
2.964054157865864
2.954242308327882
2.9444862464200923
2.934785396379953
2.9251391954348755
2.9155470992930477
2.9060085753929896
2.896523105604269
2.887090185051924
2.8777093216316216
2.868380035540203
2.8591018588163095
2.8498743349035935
2.8406970182193954
2.8315694737458514
2.822491276631292
2.81346201180539
2.8044812736095284
2.7955486654389223
2.786663799398531
2.7778262959710887
2.7690357836957475
2.7602918988617478
2.751594285208785
2.7429425936439094
2.734336481963254
2.725775614587758
2.7172596623079115
2.708788302038909
2.7003612165819244
2.6919780943970655
2.6836386293863077
2.675342520681133
2.667089472439768
2.658879193653409
2.650711397957732
2.6425858034543763
2.6345021325369027
2.626460111725168
2.618459471504865
2.610499946175227
2.602581273700719
2.5947031955705504
2.5868654566631855
2.579067805114801
2.571309992196094
2.5635917721914203
2.555912902285174
2.5482731424506304
2.5406722553448233
2.533110006208088
2.525586162767645
2.5181004951439823
2.5106527757629866
2.5032427792723917
2.495870282458595
2.4885350641711326
2.4812369052488927
2.4739755884476367
2.466750898375146
2.4595626214253987
2.4524105457180516
2.445294461039196
2.438214158787485
2.4311694319192925
2.4241600748994165
2.4171858836533473
2.4102466555204205
2.403342189212734
2.3964722847726794
2.389636743532867
2.3828353680826297
2.3760679622298078
2.3693343309691484
2.3626342804507514
2.355967617950889
2.349334151843
2.342733691573202
2.336166047632599
2.329631031537842
2.323128455805189
2.3166581339326133
2.310219880379104
2.3038135105470703
2.2974388407646495
2.2910956882713207
2.284783871200927
2.2785032085702683
2.2722535202637517
2.266034627023996
2.2598463504384405
2.253688512930708
2.247560937750879
2.241463448965664
2.2353958714524316
2.2293580308906042
2.2233497537545763
2.2173708673089645
2.211421199602022
2.2055005794614457
