13757.591771999996
632.8119514465341
628.9668755757319
627.0824176278147
626.1052230385227
625.8708423623173
626.1502754266005
626.801278908111
627.7233990635295
628.8445718887064
630.1124010350985
631.4883579504366
632.9438454731294
634.4574764804507
636.0131607434813
637.5987389787666
639.2049955524637
640.8249344628498
642.4532450768472
644.0859018808425
645.7198637096623
647.3528457308349
648.9831454542182
650.6095086884749
652.2310268593837
653.8470575770368
655.457162684213
657.0610604857827
658.658587871363
660.2496718440931
661.8343059778845
663.4125336286664
664.9844336057959
666.550109883942
668.109683075746
669.6632839851077
671.2110492851517
672.7531176565252
674.289627104712
675.8207124474486
677.3465049376936
678.8671304142302
680.3827092512762
681.8933556707901
683.3991774899511
684.9002766920019
686.3967488545405
687.888683774705
689.3761657946934
690.859273510531
692.338080902499
693.8126571480674
695.2830671890631
696.7493720105234
698.211628882771
699.6698918509999
701.1242120299098
702.5746381233581
704.0212161486768
705.4639903154067
706.9030028506841
708.338294657093
709.769905282702
711.1978730943506
712.6222358387481
714.0430304605745
715.4602935337653
716.8740611486162
718.2843697090002
719.6912550364901
721.094753623546
722.4949020957895
723.8917375558384
725.2852977944019
726.6756211660567
728.0627465057771
729.4467142673217
730.8275649363534
732.2053410618809
733.5800856536466
734.9518430603598
736.3206593148668
737.6865814199728
739.0496581534925
740.4099396420487
741.7674776868671
743.1223255084263
744.4745383786507
745.8241731653874
747.1712887359752
748.5159455947669
749.8582065190194
751.1981358331741
752.5358003140168
753.8712686616581
755.2046118441167
756.5359028649984
757.8652170901117
759.1926321636571
760.5182281010464
761.8420871655868
763.1642941664348
764.4849367898685
765.8041045677354
767.1218901299927
768.438388401292
769.7536973373901
771.0679173557587
772.3811517374144
773.6935066800082
775.0050911524361
776.3160170397244
777.6263994050711
778.9363559668853
780.2460080150772
781.5554796002862
782.8648979121186
784.1743936501907
785.4841005384147
786.7941558569667
788.1047000464633
789.4158773588239
790.727834960228
792.0407240781433
793.3546994152583
794.6699190427552
795.9865452276734
797.3047434249625
798.6246833090121
799.946538349974
801.2704860189
802.5967074941799
803.9253881786744
1410.6655996616917
1400.0852565021505
1390.009734565185
1380.4141379615924
1371.2747428436692
1362.569070095169
1354.2758939820349
1346.3752125462133
1338.8481970335965
1331.677134877548
1324.8453632215487
1318.3372078678958
1312.1379153389576
1306.2335986354508
1300.6111766633
1295.2583206796753
1290.1634053538487
1285.3154603480973
1280.7041289795848
1276.319626594404
1272.1527033760972
1268.1946107939334
1264.437068934557
1260.872236838766
1257.492685222385
1254.2913708050216
1251.261613687437
1248.3970735535245
1245.691731069694
1243.1398689598564
1240.7360522314398
1238.4751148696027
1236.3521423270022
1234.3624586186338
1232.5016119147194
1230.7653632782522
1229.1496744926592
1227.6506971987408
1226.2647635112542
1224.9883752450269
1223.8181974940949
1222.7510477236883
1221.7838893501355
1220.91382407643
1220.1380858249036
1219.4540342061312
1218.8591478424298
1218.3510201770112
1217.9273542080186
1217.6821060683674
1217.4213538974807
1217.2387934582825
1217.034932681429
1217.0026373161256
1217.0430860941126
1217.1546424671849
1217.3357571201843
1217.5849666437562
1217.9008968444682
1218.2822653319686
1218.7278893317155
1219.2366947024536
1219.8077336724198
1220.440210514403
1221.1335237470892
1221.8873345904387
1222.7016862808462
