8.376783726440271
8.372909581004441
8.371051185946062
8.369513430672464
8.367992178214354
8.366434167813143
8.364830598753093
8.363180579005496
8.361484676702316
8.35974377839858
8.35795887881078
8.356131033220844
8.354261338227778
8.352350917706513
8.35040091020369
8.34841245732065
8.346386693158026
8.344324734936466
8.342227674867475
8.34009657329978
8.337932453122823
8.335736295373525
8.333509035965292
8.331251563439453
8.32896471762774
8.326649289109383
8.324306019346322
8.321935601384173
8.31953868101354
8.317115858295251
8.314667689363162
8.31219468842881
8.30969732992268
8.307176050716947
8.304631252384082
8.302063303454077
8.299472541640894
8.296859276015224
8.294223789106463
8.291566338921548
8.288887160872417
8.286186469607006
8.283464460741335
8.280721312492371
8.277957187212781
8.275172232829982
8.272366584192673
8.269540364328565
8.26669368561747
8.263826650883997
8.260939354414202
8.258031882900484
8.255104316318938
8.252156728743138
8.249189189098248
8.246201761859055
8.243194507695383
8.24016748491332
8.237120749650355
8.234054349796274
8.230968338538105
8.227862765873724
8.2247376806741
8.221593131259548
8.21842916575634
8.21524583239661
8.212043179786392
8.208821257147035
8.20558011453204
8.202319803021089
8.19904037489275
8.195741883777368
8.192424384791485
8.18908793456231
8.185732591831066
8.182358416474244
8.178965470673
8.175553818450657
8.1721235257929
8.168674660698171
8.165207293208724
8.161721495432303
8.158217341554304
8.15469490784467
8.151154272657173
8.147595516423383
8.144018721641492
8.140423972860612
8.136811356661088
8.133180961631247
8.129532878341072
8.125867199313229
8.122184018991774
8.118483433708892
8.114765541649987
8.111030442817391
8.107278238992933
8.103509033699616
8.099722932162567
8.095920041269467
8.092100469530605
8.088264327038688
8.08441172542854
8.080542777836776
8.076657598861559
8.072756304522498
8.068839012220762
8.064905840699453
8.060956910004277
8.056992341444566
8.053012257554629
8.049016782055512
8.045006039817117
8.04098015682072
8.036939260121859
8.032883477813627
8.028812938990306
8.024727773711382
8.0206281080359
8.01651408300729
8.012385827719967
8.008243475240986
8.004087159855994
7.999917016666974
7.995733656150343
7.9915363318299395
7.987325533242373
7.983101446181501
7.978864215862185
7.974613982194673
7.9703508847719045
7.966075063553117
7.96178665893287
7.9574858117221945
7.953172180410115
7.948846804372235
7.944509467557077
7.940160263130978
7.935799326472165
7.931426799186525
7.927042823926695
7.922647543617438
7.918241101314557
7.9138236401549005
7.909395303319366
7.904956233997634
7.900506575353054
7.896046470487418
7.891576062405648
7.88709549398032
7.88260490791615
7.878104446714351
7.873594252636966
7.869074467671132
7.864545233493354
7.860006691433765
7.8554589824404495
7.850902247043811
7.846336625321046
7.8417622568607595
7.837179280727733
7.832587835427895
7.827988058873544
7.823380088348825
7.818764060475556
7.81414011117936
7.809508375656249
7.804868988339594
7.800222082867605
7.795567792051305
7.790906247843085
7.786237581305824
7.781561922582678
7.776879400867522
7.772190144376121
7.767494280318028
7.762791934869288
7.758083233145931
7.753368299178459
7.748647255886857
7.743918602028831
7.739187090771204
7.734448649577933
7.729704405410918
7.724954623160545
7.720199440659175
7.715438975731939
7.710673342130544
7.705902651899029
7.701127015714937
7.696346542928944
7.691561341560314
7.686771518286682
7.681977178433899
7.677178425966831
7.672375363481202
7.667568092196525
7.662756711950088
7.657941321192002
7.653122016981296
