0.01266
0.010936142147411402
0.011055087054474434
0.011179478802481343
0.011309322396159796
0.011444604682129308
0.011585300176168892
0.01173137400854645
0.011882784210155027
0.012039483815661849
0.012201422807602471
0.012368549848294734
0.01254081375362656
0.012718164685136738
0.012900555058390085
0.013087940182633399
0.01328027865795849
0.01347753256243617
0.013679667463518506
0.01388665228687984
0.014098459072674978
0.014315062644962335
0.014536440215505932
0.014762570938717079
0.014993435430609325
0.015229015261277028
0.015469292427739296
0.015714248812018713
0.0159638656280034
0.016218122862689248
0.016476998692451315
0.016740468930956053
0.017008506438078812
0.01728108054131979
0.017558156459457224
0.0178396947352646
0.01812565065432579
0.018415973696873214
0.018710606992580002
0.019009486795628357
0.019312541982649
0.019619693578150153
0.019930854312204146
0.020245928215243156
0.02056481025471188
0.020887386019893758
0.021213531449716706
0.021543112631812543
0.02187598564474965
0.02221199647021736
0.022550980968623544
0.022892764926883327
0.02323716416540776
0.02358398472639176
0.023933023039562937
0.024284066600673497
0.024636893833272878
0.02499127490870995
0.025346972183708537
0.025703740789908485
0.026061329281236275
0.026419480334997733
0.02677793150025702
0.0271364159909176
0.027494663512440284
0.02785240112064377
0.02820935410273458
0.028565246874667608
0.028919803887626844
0.02927275053636994
0.029623814062541623
0.02997272444609158
0.030319215278078796
0.030663024608751352
0.031003895764892007
0.03134157813112714
0.031675827890243716
0.0320064087182779
0.03233309243060112
0.03265565957591581
0.03297389997575378
0.03328761320757784
0.03359660903037049
0.03390070775206527
0.03419974053889475
0.03449354960969381
0.034781988719193524
0.03506492272104768
0.035342228235593506
0.035616487890544654
0.035879517953318965
0.03613931298158837
0.03639310115025352
0.03664081633937546
0.036882403535027065
0.037117818629666205
0.037347028196299425
0.03757000923973694
0.03778674892879499
0.03796059506934485
0.03811877351261326
0.03827186062438228
0.038419910968197614
0.038562984952163024
0.0387011468815256
0.03883446557286953
0.03896301367629175
0.03908686729333457
0.03920610559233373
0.039320810518494086
0.03943106635949367
0.039536959471965304
0.039638577960720435
0.03973601138292
0.03982935046795085
0.039918686853068014
0.04000411283476918
0.04008572113570732
0.0401636046869392
0.04023785642521666
0.04030856910492092
0.04037583512423839
0.040439746365119586
0.04050039404650699
0.04055786859033591
0.04061225949972806
0.040663655248846846
0.04071214318383647
0.04075780943427767
0.040800738834590865
0.040841014854795896
0.040878719540144354
0.04091393345897479
0.0409467356583498
0.040977203626908
0.041005413264433486
0.04103143885768413
0.04105535306197742
0.04107722688813869
0.041097129694332046
0.041115129182411114
0.04113129139838451
0.041145680736645644
0.04115835994761171
0.04116939014845886
0.04117883083664374
0.041186739905912845
0.04119317366457461
0.04119818685572602
0.04120183267924702
0.04120416281531952
0.04120522744929381
0.041205075297693156
0.04120375363518565
0.041201308322390495
0.04119778383433971
0.04119322328948022
0.041187668479085796
0.04118115989697739
0.04117373676942821
0.04116543708517476
0.041156297625465035
0.04114635399402359
0.04113564064690688
0.04112419092216449
0.04111203706926842
0.04109921027822788
0.041085740708391216
0.04107165751686122
0.04105698888650545
0.041041762053527185
0.04102600333458228
0.04100973815339666
0.040992991066900804
0.04097578579083737
0.04095814522484021
0.040940091476977865
0.04092164588775336
0.04090282905355087
0.04088366084953179
0.04086416045198324
0.04084434636010118
0.04082423641722098
0.04080384783152043
0.04078319719615213
0.04076230050885503
0.040741173191022426
0.040719830106248044
0.04069828557835106
0.04067655340889187
0.0406546468941876
0.04063257884182478
0.04061036158670797
0.04058800700660618
0.04056552653725739
0.040542931187014755
0.04052023155103563
0.04049743782505917
0.04047455981873522
0.04045160696855763
