384542.8587
121036.75963597796
118209.25905682026
115508.23238467197
112929.6589362128
110469.84485171037
108124.88869693303
105890.63234687029
103762.69673804441
101736.53247349497
99807.47226949024
97970.78206267934
96221.7094085434
94555.528270284
92967.57954572109
91453.306889023
90008.28757659043
88628.25833983607
87309.13623760578
86047.03476475744
84838.2754901643
83679.39558794086
82567.15167207971
81498.52036980934
80470.69607615295
79481.08632482031
78527.30519203629
77607.16512326035
76718.66754066279
75859.99255396867
75029.48806071031
74225.65848547629
73447.15337249548
72692.7560126109
71961.37225487076
71252.01962490076
70563.8168470211
69895.97384474608
69247.78227476189
68618.6066325573
68007.87595340393
67415.07612012736
66839.74277887106
66281.45485559893
65739.82865923397
65214.5125518522
64705.18216211327
64211.536114903574
63733.2922478876
63270.18428413805
62821.95892916688
62388.373360371086
61969.1930770691
61564.19007984372
61173.141348758356
60795.82759111715
60432.032481388975
60081.54071847151
59744.13947117845
59419.6161566109
59107.758889669545
58808.35619462509
58521.19694096634
58246.07036811477
57982.76618396131
57731.07472347535
57490.7871550512
57261.695723620636
57043.59402088781
56836.277274137356
56639.542646339454
56453.18954115679
56277.02011856493
56110.838796791526
55954.453669453986
55807.67608023116
55670.32105188914
55542.207534769914
55423.15863770255
55313.0018403351
55211.569186316076
55118.69745693549
55034.22832529962
54958.008491152315
54889.88979674593
54829.72932428571
54777.38947559423
54732.73803473623
54695.64821441175
54665.99868697971
54643.673600996844
54628.56258417848
54620.56073368764
54619.56859464808
54625.492127763166
54638.242666893384
54657.736867415566
54683.89664615193
54716.64911361486
54755.92649927353
54801.66607050553
54853.81004584723
54912.305503118914
54977.104282949185
55048.16288818302
55125.4423796131
55208.90826843459
55298.530405777135
55394.28286963912
55496.14384950282
55604.09552888188
55718.123966013976
55838.21897288936
55964.373992766574
56096.58597631292
56234.85525647439
56379.18561015606
56529.5833924669
56686.058495804595
56848.62350787304
57017.29375659752
57192.08717840664
57373.02114251295
57560.12440931157
57753.41894675304
57952.931814792464
58158.69198827781
58370.730237390024
58589.07899141232
58813.77219936056
59044.845189263586
59282.33452634875
59526.27787018256
59776.717156436935
60033.68523317163
60297.22544858934
60567.37836810876
60844.184942418506
61127.68634244473
61417.923808327694
61714.93849985657
62018.77134683975
62329.46289933433
62647.05317787712
62971.581523905625
63303.08645057902
63641.605494228286
63987.17506668538
64339.83030874876
64699.60494507213
65066.53114076761
65440.639360035326
65821.95822714224
66210.51439008811
66606.33238729957
67009.4345177144
67419.84071461359
67837.56842356958
68262.63248488434
68695.04502088513
69134.81532845336
69581.94977715086
70036.45171330617
70498.32137041377
70967.55578619175
71444.14872662141
71928.09061728962
72419.3684823241
72917.96589120074
73423.86291367169
73937.03608304806
74457.45836803204
74985.09915327482
75519.9242288015
76061.89578841272
76610.97243713953
77167.10921029767
77730.25758660627
78300.36554805242
78877.37759843886
79461.23482866706
80051.87497563082
80649.23249224415
81253.23862586237
81863.82150485461
82480.90623305367
83104.41499177634
83734.267149078
84370.37937587747
85012.66576856068
85661.03797764904
86315.405342098
86975.67502876696
87641.75217658993
88313.54004496301
88990.940165851
89673.85249909812
90362.17559045184
91055.80673176012
91754.64212284563
