-5.208299383113408
-3.912658275338629
-3.9127145720408962
-3.9126146061654286
-3.912412332936442
-3.912125071025706
-3.9117636957567727
-3.9113374394384675
-3.910853576589831
-3.910319769052146
-3.909742025657358
-3.909125846658687
-3.908476084958708
-3.9077970124966335
-3.907092381308432
-3.9063654795425906
-3.9056191826954745
-3.904856000305585
-3.904078118340107
-3.9032874375121938
-3.9024856077731407
-3.901674059234487
-3.9008540297733663
-3.9000265895840442
-3.899192662929468
-3.8983530473444525
-3.897508430532085
-3.8966594051832724
-3.8958064819364857
-3.894950100679432
-3.8940906403797424
-3.8932284276151883
-3.892363743959397
-3.89149683236328
-3.890627905264372
-3.8897571356237677
-3.8888846899073983
-3.8880107008652236
-3.8871352871138805
-3.886258551920335
-3.8853805854760672
-3.884501466782899
-3.88362126525441
-3.8827400420811373
-3.88185785139443
-3.8809747412583957
-3.880090754515236
-3.879205929505339
-3.8783203006808638
-3.8774338991285813
-3.8765467530155067
-3.875658887968932
-3.8747703274007086
-3.87388109278424
-3.8729912038912007
-3.872100678994165
-3.8712095350403564
-3.8703177878006407
-3.869425451997833
-3.8685325414170864
-3.867639069001391
-3.8667450469341147
-3.8658504867106758
-3.8649553992008934
-3.8640597947034707
-3.863163682993567
-3.862267073364651
-3.861369974665343
-3.860472395331894
-3.8595743434170235
-3.85867582661561
-3.8577768522873814
-3.8568774274774804
-3.8559775589345686
-3.855077253127384
-3.8541765162594155
-3.8532753542822338
-3.8523737729074554
-3.851471777617659
-3.8505693736760285
-3.8496665661353475
-3.8487633598457585
-3.8478597590980064
-3.8469557690875194
-3.8460513937313476
-3.8451466371312475
-3.8442415032238024
-3.8433359957678443
-3.8424301183592573
-3.8415238744281766
-3.8406172672502272
-3.839710299931699
-3.8388029757890374
-3.8378952969025195
-3.8369872662744995
-3.8360788863919355
-3.8351701595858843
-3.834261088030735
-3.833351673743042
-3.8324419185798084
-3.8315318242364222
-3.830621392244077
-3.829710623966615
-3.828799520597018
-3.8278880831532636
-3.826976312473556
-3.8260642092111325
-3.8251517738283023
-3.824239006589864
-3.8233259075558634
-3.822412476573456
-3.8214987132680847
-3.820584617033688
-3.8196701870219862
-3.8187554221306907
-3.8178403209906016
-3.816924881951444
-3.816009103066312
-3.8150929820746864
-3.814176516383679
-3.8132597030476125
-3.8123425387453147
-3.811425019755452
-3.810507141929054
-3.809588900659443
-3.8086702908488657
-3.807751306871651
-3.806831942533275
-3.805912191024965
-3.8049920448731407
-3.8040714958829795
-3.8031505350753054
-3.8022291526157965
-3.8013073377354045
-3.800385078640602
-3.7994623624118105
-3.7985391748880453
-3.7976155005356484
-3.796691322298051
-3.795766621423368
-3.794841377265492
-3.793915567053917
-3.792989165625501
-3.792062145110882
-3.7911344745653266
-3.790206119531636
-3.789277041519396
-3.7883471973799248
-3.787416538550202
-3.7864850101309386
-3.7855525497516243
-3.7846190861595503
-3.7836845374458306
-3.7827488087875563
-3.781811789534611
-3.7808733493920417
-3.779933333330231
-3.7789915546625346
-3.778047785414118
-3.7771017425625844
-3.7761530677583615
-3.7752012963013097
-3.774245807478556
-3.773285721818786
-3.7723198135425244
-3.7713461097949508
-3.770361233422717
-3.7693583184938975
-3.7683180644712944
-3.7695303003073772
-3.7686198885446314
-3.7677105028039777
-3.766801689817365
-3.765893359270855
-3.7649854750199494
-3.7640780107483613
-3.7631709434629745
-3.7622642524029826
-3.761357918735338
-3.760451925375373
-3.7595462568368596
-3.758640899097011
-3.757735839473356
-3.7568310665111415
-3.7559265698805056
-3.7550223402822693
-3.7541183693618865
-3.753214649630644
-3.7523111743935496
-3.751407937683412
-3.75050493420035
-3.7496021592565505
-3.748699608725592
-3.7477972789960603
-3.746895166929024
-3.745993269819093
-3.745091585358711
-3.7441901116054375
-3.7432888469519243
-3.742387790098417
