0.081443
0.09725911374588722
0.09650522514337449
0.09581764127341462
0.0951673110348896
0.09454631521813323
0.09395143679432691
0.09338060762590053
0.09283212632781095
0.09230447737224427
0.09179628161303736
0.09130627628655572
0.09083330230867366
0.09037629399011132
0.08993427004383031
0.08950632557104561
0.0890916248901682
0.08868939511492593
0.08829892040155171
0.08791953679298521
0.08755062759499706
0.08719161922572125
0.0868419774862701
0.0865012042058465
0.08616883421999438
0.08584443264534614
0.08552759241845216
0.08521793207002165
0.08491509370924355
0.08461874119577925
0.08432855847961808
0.08404424809126149
0.08376552976670613
0.08349213919346123
0.0832238268653837
0.08296035703548146
0.08270150675703307
0.08244706500442979
0.08219683186608094
0.08195061780254183
0.08170824296375132
0.08146953655991089
0.08123433628417963
0.08100248776098494
0.08077384408215754
0.08054826531580572
0.08032561809752864
0.08010577523263429
0.07988861532982601
0.07967402246066643
0.07946188584268978
0.07925209954422421
0.07904456220917333
0.07883917680016281
0.07863585035860136
0.07843449378033976
0.07823502160572361
0.07803735182294376
0.07784140568368313
0.07764710753014344
0.07745438463261287
0.07726316703680873
0.07707338742029016
0.07688498095729225
0.07669788519139269
0.07651203991545932
0.07632738705838023
0.07614387057811077
0.07596143636061259
0.07578003212428883
0.07559960732955244
0.07542011309319258
0.07524150210722554
0.07506372856194486
0.07488674807290199
0.07471051761157096
0.07453499543946873
0.07436014104551629
0.07418591508644479
0.07401227933006096
0.07383919660120362
0.07366663073022986
0.07349454650388348
0.07332290961840962
0.07315168663478441
0.07298084493594306
0.07281035268589164
0.0726401787906017
0.07247029286058823
0.07230066517508216
0.0721312666477116
0.07196206879361412
0.07179304369790585
0.07162416398543928
0.07145540279178547
0.07128673373538083
0.07111813089078398
0.07094956876298898
0.0707810222627489
0.07061246668286321
0.0704438776753878
0.07027523122972999
0.07010650365159109
0.06993767154272415
0.06976871178147738
0.06959960150409239
0.06943031808673528
0.06926083912823255
0.06909114243349432
0.06892120599760261
0.06875100799054892
0.0685805267426037
0.06840974073030531
0.06823862856305515
0.06806716897031002
0.06789534078935977
0.06772312295368627
0.06755049448189608
0.06737743446722208
0.06720392206759232
0.06702993649626357
0.06685545701301954
0.06668046291593625
0.06650493353371426
0.0663288482185843
0.0661521863397899
0.06597492727765336
0.06579705041823274
0.0656185351485788
0.06543936085260106
0.06525950690755475
0.06507895268115992
0.06489767752936733
0.06471566079478394
0.06453288180577432
0.06434931987625493
0.06416495430619734
0.06397976438286043
0.06379372938277113
0.06360682857447214
0.06341904122206103
0.06323034658954083
0.06304072394600653
0.06285015257169023
0.0626586117648914
0.06246608084981609
0.06227253918535221
0.062077966174807146
0.061882341276634716
0.06168564401618054
0.06148785399847113
0.061288950922077895
0.06108891459408285
0.06088772494617454
0.060685362051903134
0.06048180614512275
0.060277037639648506
0.06007103715015545
0.05986378551434704
0.059655263816416726
0.059445453411829614
0.05923433595344494
0.0590218934190033
0.058808108139995874
0.05859296283193489
0.05837644062603967
0.0581585251023506
0.05793920032427933
0.05771845087460186
0.05749626189289446
0.057272619114410485
0.057047508910389864
0.056820918329786786
0.0565928351423984
0.0563632478833667
0.05613214589902132
0.05589951939402395
0.055665359479762935
0.05542965822394244
0.055192408701298226
0.05495360504536116
0.05471324250118083
0.05447131747890843
0.05422782760812539
0.053982771792792414
0.05373615026667825
0.05348796464911449
0.05323821800090587
0.05298691488021167
0.05273406139819634
0.05247966527423038
0.05222373589040716
0.05196628434512192
0.051707322868182776
0.05144686742160456
0.05118493461823482
0.05092154151973161
0.05065670928243261
0.05039046032921763
0.0501228191310335
