37394.235647999994
40475.481747085236
40764.23445202421
41021.896760255506
41269.88851620742
41513.24929896156
41753.339581624845
41990.68998533358
42225.6281690607
42458.41849627422
42689.294775691655
42918.46931430426
43146.136541398424
43372.47523609062
43597.65027044211
43821.81409234996
44045.1080181669
44267.66336823813
44489.602467954464
44711.03953242901
44932.081450061836
45152.82847804394
45373.374861007826
45593.809382471954
45814.215857393974
46034.67357301262
46255.257684189666
46476.03956863303
46697.08714667338
46918.4651696597
47140.235480514006
47362.457249539926
47585.18718819026
47808.47974316523
48032.38727292582
48256.96020845398
48482.2471998759
48708.29525037483
48935.14983865604
49162.85503108167
49391.45358446826
49620.98704043007
49851.4958120525
50083.01926359852
50315.595783871744
50549.26285379698
50784.05710871975
51020.01439587338
51257.169827417434
51495.55782941093
51735.21218704605
51976.166086436344
52218.45215322553
52462.10248825476
52707.148700506325
52953.62193751775
53201.55291344379
53450.97193492642
53701.908924918076
53954.39344458819
54208.45471343434
54464.12162770334
54721.42277722258
54980.38646072879
55241.040699775076
55503.41325128952
55767.5316188512
56033.42306274336
56301.11460883829
56570.63305636203
56842.004984584644
57115.25675847448
57390.4145333533
57667.504258584544
57946.551680323755
58227.58234335685
58510.62159205043
58795.69457043457
59082.8262214363
59372.04128528054
59663.364297073866
59956.819583583005
60252.43125921972
60550.2232212426
60850.21914418497
61152.442473515024
61456.91641853785
61763.66394454287
62072.707764204635
62384.07032823947
62697.7738153258
63013.84012129002
63332.29084756342
63653.147288915025
63976.43042046387
64302.16088397649
64630.35897345441
64961.04462001788
65294.2373760922
65629.95639890316
65968.22043329265
66309.04779385927
66652.45634643977
66998.4634889396
67347.08613152803
67698.34067621198
68052.24299580762
68408.8084123267
68768.05167480085
69129.98693656636
69494.62773203672
69861.9869529906
70232.07682440957
70604.90887989667
70980.49393671777
71358.842070505
71739.96258966705
72123.86400955773
72510.55402645163
72900.03949138666
73292.32638393417
73687.41978595991
74085.32385544818
74486.04180046242
74889.57585332273
75295.92724508219
75705.09618039566
76117.08181287037
76531.88222100225
76949.4943848004
77369.9141632113
77793.13627245634
78219.15426540568
78647.96051211261
79079.54618163982
79513.90122531417
79951.01436155006
80390.8730623871
80833.46354189291
81278.7707465838
81726.77834802205
82177.46873775273
82630.82302474097
83086.82103548154
83545.44131694688
84006.66114254462
84470.45652125897
84936.80221014464
85405.67173034811
85877.03738682349
86350.87029191392
86827.14039296198
87305.81650411025
87786.86634244987
88270.25656866534
88755.95283231999
89243.91982191586
89734.12131985469
90226.52026241369
90721.07880483894
91217.75839164667
91716.51983220773
92217.32338167429
92720.12882729153
93224.8955801201
93731.58277217079
94240.14935894092
94750.55422730935
95262.75630873354
95776.71469766251
96292.38877505441
96809.7383368662
97328.72372734935
97849.3059769646
98371.44694469421
98895.10946450765
99420.25749570156
99946.85627681168
100474.872482759
101004.27438486817
101535.03201336371
102067.11732192157
102600.50435382813
103135.16940926711
103671.09121322994
104208.25108352222
104746.63309831166
105286.22426264019
105827.01467330415
106368.99768148614
106912.1700525021
107456.5321220178
108002.10409020362
108548.8607110947
109096.8164724114
109646.01738104702
110196.4683065853
110748.19404519227
111301.22386976331
111855.59165805092
