625779.8936999999
838935.1097303285
831810.6384167183
824845.5761067355
818045.4512874058
811415.0158169493
804957.810449782
798676.0811272131
792570.781809496
786641.6132527709
780887.0860982693
775304.6032433831
769890.5573629373
764640.4395031593
759548.9547452999
754610.1411587748
749817.4886244787
745164.0545694277
740642.5741730013
736245.563144569
731965.4117002495
727794.4688581472
723725.1166093549
719749.8338960165
715861.2506334187
712052.1922510253
708315.7154016141
704645.1356047437
701034.0476584734
697476.3396799549
693966.2016295297
690498.1291419021
687066.9234388713
683667.6880367866
680295.8228934136
676947.01656715
673617.2368896714
670302.7205833707
666999.9621891094
663705.7026087575
660416.917511682
657130.8058046709
653844.7783212231
650556.4468481143
647263.6135747469
643964.2610233288
640656.5424951948
637338.7730499371
634009.4210191987
630667.1000452832
627310.5616259963
623938.6881407076
620550.4863283122
617145.0811850984
613721.7102492774
610279.718238791
606818.5663889858
603337.7699096963
599836.9791425769
596315.9212551902
592774.4066028685
589212.3262527663
585629.6482843227
582026.4142351679
578402.7356791404
574758.7909233198
571094.8218128388
567411.1306338132
563708.0771070352
559986.0754647708
556245.5916065209
552487.1403285634
548711.2993724763
544918.6419285191
541109.8281673711
537285.5421380387
533446.503943226
529593.467360091
525727.2175202444
521848.56865148654
517958.3618716378
514057.46304867655
510146.76071159745
506227.16402030626
502299.600790888
498365.0155760232
494424.36779987696
490478.62994675635
486528.78580285
482575.82875033084
478620.76011311676
474664.58755356993
470708.32351943763
466752.98374032887
462799.58577305474
458849.14759515424
454902.6862459698
450961.21651463106
447025.74967435224
443097.2922624515
439176.844905521
435265.40118920896
431363.9465720775
427473.45734301826
423594.89962172654
419729.22840173607
415877.3866355285
412040.3043612286
408218.89787040674
404414.0689164995
400626.7039633609
396857.67347344256
393107.8312351023
389378.01372851845
385669.0395296812
381981.70875192067
378316.80128443387
374675.08125508646
371057.28918157547
367464.14647070336
363896.3538185555
360354.59086375276
356839.5135136035
353351.76349467016
349891.95258332085
346460.6735373532
343058.4966892575
339685.9698977955
336343.618436277
333031.9448961865
329751.42911664245
326502.5281405278
323285.67619678006
320101.2869661107
316949.74424267747
313831.41673010885
310746.6475911881
307695.7575635146
304679.0449893138
301696.7859471664
298749.23441560596
295836.6224580152
292959.1604267298
290117.03718546365
287310.42034933943
284539.45654184435
281804.27166803845
279104.9712033508
276441.6404973016
273814.3450914985
271223.13105125714
268668.02531020046
266149.03602719546
263666.15295499156
261219.34781992005
258808.57471202692
256433.77048499952
254094.85516526113
251791.73236959914
249524.2897306906
247292.3993299047
245095.91813673402
242934.68845423288
240808.53836981964
238717.28221081698
236660.72100408212
234638.64293910388
232650.82383392315
230697.02760324717
228777.0067281218
226890.50272653828
225037.24662434286
223216.95942583404
221429.3525834294
219674.12846579732
217950.98082385364
216259.59525601365
214599.64965823782
212970.8147000975
211372.75425641524
209805.12586409977
208267.5811614026
206759.76632324292
205281.32249008975
203831.88618994458
202411.08975299224
201018.56171850284
199653.92723360177
198316.80844354143
197006.8248731382
195723.5937990686
194466.730612733
193235.8491734394
192030.56215167092
190850.48136223995
189695.2180871622
188564.38338807697
187457.5884081459
186374.4446632772
185314.56432265573
