-140.1662516089927
-274.39387383404863
-274.08502952168607
-273.78535533061546
-273.49489564112366
-273.2133555634363
-272.9403838465433
-272.6756378321227
-272.41869376228914
-272.1692480505804
-271.92692105215787
-271.691358293203
-271.4622121123292
-271.2391429949079
-271.02182071693
-270.80992530262375
-270.60314780605574
-270.40119092692623
-270.2037694712589
-270.0106106684953
-269.8214543571154
-269.63605305166135
-269.45417190395244
-269.2755885717867
-269.1000930077734
-268.9274871806913
-268.75758474104157
-268.59021064164193
-268.4252007232453
-268.26240127415133
-268.10166857187323
-267.9428684138489
-267.7858756433537
-267.63057367579773
-267.4768407797587
-267.3246158112876
-267.17376549435255
-267.02421612604405
-266.87588715857
-266.728703977909
-266.58259751916063
-266.43750389944375
-266.29336406920044
-266.15012348208285
-266.0077317832435
-265.86614251571206
-265.7253128444178
-265.585203297283
-265.4457775227846
-265.3070020632914
-265.1688461434693
-265.03128147301675
-264.8942820629917
-264.75782405499166
-264.6218855624443
-264.4864465233077
-264.3514885634778
-264.21699487022613
-264.08295007503773
-263.94934014522136
-263.8161522837156
-263.6833748365278
-263.55099720728066
-263.419009778381
-263.28740383833673
-263.1561715147828
-263.0253057128169
-262.89480005825624
-262.7646488454541
-262.63484698935576
-262.50538998148284
-262.3762738495378
-262.24749512040415
-262.1190507862425
-261.9909382735103
-261.86315541464415
-261.73570042224816
-261.60857186557814
-261.4817686491904
-261.3552899935583
-261.2291354175736
-261.1033047227359
-260.97779816968534
-260.85261570549113
-260.7277580883475
-260.6032261232808
-260.47902084029226
-260.35514348825154
-260.231595527949
-260.1083786259001
-259.98549465080845
-259.8629456712713
-259.7407337276332
-259.6188617180917
-259.49733207532074
-259.3761476436395
-259.255311461646
-259.13482676380454
-259.01469698285734
-258.89492575303433
-258.7755169140862
-258.65647451612796
-258.5378028253158
-258.41950633039613
-258.30158975013507
-258.1840580416721
-258.0669164098518
-257.95017031757305
-257.83382549721813
-257.71788796324
-257.6023640259693
-257.48726030675283
-257.3725837545119
-257.258341663842
-257.1445416947903
-257.03119189445385
-256.91830072057576
-256.8058770673281
-256.69393029350425
-256.58247025336397
-256.4715073304224
-256.3610524744824
-256.2511172423173
-256.14171384236846
-256.03285518399014
-255.92455493175123
-255.81682756545328
-255.70968844657472
-255.60315389200457
-255.49724125603933
-255.39196902178858
-255.28735690332158
-255.18342596013804
-255.0801987258024
-254.9776993529375
-254.87595377717724
-254.7749899031817
-254.67483781645797
-254.57553002546985
-254.47710173950458
-254.37959118894548
-254.28303999615122
-254.1874936070128
-254.09300179582104
-253.99961925921082
-253.90740631916967
-253.81642976063245
-253.72676383651685
-253.63849148300488
-253.55170580144255
-253.46651188198163
-253.38302907048447
-253.3013938178835
-253.2217633059807
-253.14432012499174
-253.06927840141765
-252.99689196674973
-252.92746546438147
-252.86136979936373
-252.79906420538444
-252.7411287606165
-252.6883141184183
-252.64162109680913
-252.60245843459646
-252.57280775622436
-252.55583041649305
-252.55694078426657
-252.5871305663752
-252.677280066688
-249.0384291102843
-248.91158357697833
-248.78482341821402
-248.65814635320243
-248.5315512966085
-248.40503745831387
-248.27860416006374
-248.15225080108598
-248.0259768456313
-247.89978181445073
-247.773665277615
-247.64762684820383
-247.52166617674413
-247.3957829462994
-247.26997686814357
-247.1442476779605
-247.01859513249724
-246.89301900663358
-246.76751909081858
-246.6420951888267
-246.51674711581086
-246.3914746965969
-246.26627776421714
-246.14115615863602
-246.01610972565595
-245.89113831597163
-245.76624178437004
-245.64141998904424
-245.5166727910162
-245.39200005364754
-245.26740164223878
