-5.307716605926102
-3.9197803024446927
-3.916918574115042
-3.9142151812650114
-3.9116043934265723
-3.9090732645059703
-3.906616983409357
-3.904232425832082
-3.901915898190333
-3.8996652867741384
-3.897477651229892
-3.8953503434859793
-3.893280758746677
-3.891266324227732
-3.8893044949349105
-3.8873927543346887
-3.8855286182881743
-3.883709641007048
-3.881933422068705
-3.8801976137607936
-3.8784999282392496
-3.876838144116152
-3.8752101122660894
-3.873613760693299
-3.872047098391672
-3.870508218224753
-3.868995298824341
-3.867506605594563
-3.8660404908997035
-3.8645953935257196
-3.863169837500571
-3.8617624303985205
-3.860371861177105
-3.858996897671349
-3.8576366481165656
-3.856289235423938
-3.8549544416663872
-3.8536310552849065
-3.852318193174993
-3.851015032459807
-3.849720807120325
-3.8484348047662347
-3.84715636348912
-3.845884868826119
-3.8446197508077695
-3.8433604811464455
-3.8421065705254014
-3.8408575660285176
-3.839613048698972
-3.8383726312143946
-3.837135955703939
-3.8359026916853316
-3.834672534120117
-3.8334452016013185
-3.8322204346407114
-3.8309979940693553
-3.829777659552983
-3.8285592281901435
-3.8273425132249974
-3.826127342828255
-3.8249135589769754
-3.8237010164101233
-3.8224895816543123
-3.821279132127025
-3.8200695552985824
-3.8188607479184355
-3.8176526152919634
-3.8164450706255666
-3.815238034403756
-3.81403143382538
-3.8128252022696887
-3.8116192788200913
-3.810413607803746
-3.809208138382962
-3.808002824168069
-3.8067976228634492
-3.8055924959388654
-3.8043874083297857
-3.8031823281498345
-3.80197722644803
-3.8007720769523963
-3.799566855865249
-3.79836154076053
-3.7971561139435868
-3.795950556980613
-3.7947448540359874
-3.793538990937767
-3.792332954908366
-3.7911267345304993
-3.7899203195819795
-3.788713700999383
-3.7875068706490804
-3.786299822270504
-3.7850925477301183
-3.783885042335968
-3.7826773011650467
-3.7814693199091725
-3.7802610947982056
-3.779052622547627
-3.7778439003023947
-3.776634925579897
-3.7754256962255415
-3.774216210365484
-3.773006466358408
-3.771796462761729
-3.770586198285632
-3.76937567176131
-3.768164882099377
-3.7669538282607986
-3.765742509219643
-3.764530923928483
-3.7633190712918965
-3.762106950133844
-3.760894559160723
-3.759681896935417
-3.75846896184279
-3.7572557520593355
-3.7560422655202124
-3.754828499881794
-3.75361445249186
-3.752400120347626
-3.751185500064125
-3.7499705878238947
-3.748755379341353
-3.7475398698156046
-3.7463240538760636
-3.745107925531989
-3.743891478111158
-3.742674704201817
-3.7414575955746514
-3.740240143109663
-3.7390223367104265
-3.737804165205573
-3.7365856162485147
-3.7353666761942748
-3.734147329964081
-3.7329275609000776
-3.7317073505890033
-3.730486678668592
-3.7292655226042424
-3.7280438574344723
-3.7268216554669227
-3.7255988859425093
-3.724375514628002
-3.7231515033432006
-3.7219268094034996
-3.7207013849540744
-3.7194751761718967
-3.7182481223044554
-3.71702015449698
-3.715791194347328
-3.7145611521201802
-3.7133299244945097
-3.712097391708889
-3.7108634138710266
-3.7096278261448585
-3.7083904323191876
-3.7071509960871225
-3.7059092289286912
-3.704664772804004
-3.703417174700567
-3.702165847724928
-3.7009100089235836
-3.699648540357687
-3.6983799185615496
-3.697101659511789
-3.6958095352331304
-3.694494968609704
-3.6931339433092556
-3.694635187625121
-3.693454960246981
-3.692274436131522
-3.6910940987823957
-3.6899140249645526
-3.688734233893864
-3.6875547367100503
-3.686375543482672
-3.685196664167935
-3.68401810870918
-3.682839887023037
-3.681662008972702
-3.6804844843373044
-3.6793073228008693
-3.6781305339257253
-3.676954127142813
-3.6757781117397474
-3.674602496852846
-3.673427291459928
-3.672252504374138
-3.671078144244502
-3.6699042195498524
-3.668730738603255
-3.6675577095474905
-3.6663851403570713
-3.665213038845585
-3.664041412660708
-3.6628702692932626
-3.66169961607376
-3.6605294601862015
-3.6593598086590244
