53.22304
64.11882043729429
64.440582508894
64.74325809410712
65.02761949148851
65.29510546693639
65.54714336185728
65.78502799397616
66.00991411547061
66.22283000125674
66.42469315416808
66.61632450475234
66.79846066634076
66.97176442172663
67.1368337004508
67.29420928412043
67.44438144071148
67.587795655061
67.72485759436441
67.8559374241175
67.98137357075734
68.10147601150636
68.21652915895609
68.32679439722469
68.43251231766544
68.53390469474904
68.63117623661743
68.72451613969623
68.81409947246465
68.90008840988651
68.98263333697203
69.0618738373771
69.13793958077798
69.21095112091247
69.28102061460895
69.34825247078119
69.41274393721798
69.47458563201026
69.53386202560765
69.59065187876654
69.6450286410155
69.6970608137173
69.7468122558884
69.79434261411069
69.83970734472862
69.88295822221502
69.92414344423906
69.96330787064369
70.00049321963593
70.03573824828497
70.06907891874971
70.10054855151365
70.13017796677278
70.15799561500889
70.1840276976786
70.20829827885682
70.23082938859396
70.25164111867247
70.2707517113862
70.28817764190623
70.30393369474699
70.31803303479983
70.33048727335915
70.34130652953023
70.35049948737291
70.35807344910644
70.36403438467256
70.36838697793009
70.37113466973138
70.37227969811171
70.37182313580425
70.3697649252759
70.36610391146634
70.36083787239711
70.35396354780686
70.34547666595641
70.33537196873847
70.32364323521671
70.31028330371112
70.29528409253874
70.2786366195118
70.26033102028973
70.24035656567499
70.21870167793796
70.19535394625159
70.17030014131139
70.14352622921427
70.11501738466355
70.08475800356725
70.05273171509155
70.0189213932302
69.9833091679473
69.94587643594993
69.9066038711437
69.86547143482443
69.82245838565593
69.77754328948335
69.73070402903099
69.68191781353062
69.63116118832748
69.57841004450877
69.52363962859923
69.46682455236804
69.40793880279065
69.34695575220785
69.28384816872494
69.21858822689343
69.1511475187164
69.08149706501952
69.00960732722864
68.93544821959465
68.858989121907
68.78019889273527
68.69904588323986
68.61549795159046
68.52952247803296
68.44108638064333
68.35015613180684
68.25669777546156
68.1606769451436
68.06205888287097
67.96080845890309
67.85689019241092
67.75026827309358
67.6409065837745
67.52876872401028
67.41381803474412
67.29601762403395
67.17533039388407
67.05171906820789
66.92514622194696
66.7955743113703
66.66296570557493
66.52728271920749
66.38848764642348
66.24654279609818
66.1014105283007
65.95305329203953
65.80143366428445
65.64651439026686
65.48825842505605
65.32662897640584
65.16158954886178
64.99310398911467
64.82113653258182
64.64565185119284
64.4666151023517
64.28399197904272
64.09774876104116
63.90785236718532
63.714270408661065
63.51697124324412
63.31592403043877
63.1110987874475
62.90246644589887
62.68999890925466
62.47366911081309
62.25345107221655
62.02931996236748
61.80125215665074
61.56922529635256
61.333218348163484
61.09321166364381
60.84918703852715
60.60112777173095
60.34901872393819
60.092846375609426
59.832598884280905
59.56826614099837
59.29983982573505
59.02731346163623
58.750682467932194
58.46994421135812
58.18509805591681
57.89614541082056
57.60308977644615
57.30593678813756
57.00469425769162
56.69937221236213
56.38998293122058
56.076540978713325
55.759063235258644
55.437568924730265
55.11207963867893
54.78261935714795
54.44921446594465
54.11189377023613
53.770688504344086
53.425632337621124
53.076761376298926
52.72411416120749
52.36773166127289
52.00765726271083
51.64393723196272
51.27661853411531
50.90575243141077
50.53139202477754
50.1535922206424
49.77241043421464
49.38790629607621
