26.32495487499284
13.014162884855264
7.59366182312877
4.529442422365342
2.9558646569717983
2.1844187467770357
1.815856502244446
1.6428489319801785
1.563204247570831
1.5278452352165028
1.5135267286586307
1.5093285864892239
1.510148546761807
1.5136117918729592
1.5186154914576655
1.5246473028301224
1.531467749583634
1.5389628075316721
1.5470757534202764
1.5557757654946132
1.565043487962368
1.574864387504107
1.5852256702273795
1.5961148173043953
1.6075188544260317
26.32495487499284
13.014162884855264
7.59366182312877
4.529442422365342
2.9558646569717983
2.1844187467770357
1.815856502244446
1.6428489319801785
1.563204247570831
1.5278452352165028
1.5135267286586307
1.5093285864892239
1.510148546761807
1.5136117918729592
1.5186154914576655
1.5246473028301224
1.531467749583634
1.5389628075316721
1.5470757534202764
1.5557757654946132
1.565043487962368
1.574864387504107
1.5852256702273795
1.5961148173043953
1.6075188544260317
