0.0065628480000000005
0.006720857583055991
0.00687170731966353
0.007025296143387665
0.007180218774710156
0.007335553158425844
0.007490714825710366
0.007645326382413218
0.007799137320190875
0.007951974922185884
0.008103714233774168
0.008254259715283449
0.008403534047985408
0.008551471317207746
0.008698012871941191
0.00884310481994511
0.008986696521613814
0.009128739693431356
0.009269187883335488
0.009407996172946497
0.009545121018223406
0.009680520174681326
0.009814152674408117
0.00994597883500107
0.0100759602884095
0.010204060022481328
0.010330242430960363
0.010454473369505612
0.01057672021644292
0.010696951937691953
0.01081513915580028
0.010931254223368662
0.011045271301428858
0.011157166443580778
0.011266917686937385
0.011374505151182166
0.011479911147333377
0.01158312029814464
0.011684119672468801
0.011782898936385122
0.01187945052445853
0.01197376983518033
0.012065855455455236
0.012155709419971069
0.012243337512432452
0.012328749616972435
0.012411960129563977
0.01249298844092857
0.012571859504053002
0.012648604500993652
0.012723261624388783
0.012795876988478116
0.012866505670985299
0.012935212963538608
0.013002075600742593
0.0130671832176811
0.013130639699560047
0.013192564298440663
0.013253092134117237
0.013312373480330413
0.01337057094318131
0.013427853345025748
0.01348438502179911
0.013540309690777944
0.013595729528324902
0.013650682812813496
0.013705126597698842
0.01375893208556094
0.01381189724696294
0.013863774219171775
0.013914302562471854
0.013963238014738876
0.014010371572636203
0.014055535917133957
0.014098605121617853
0.01413948928462351
0.014178127732424403
0.014214482432423323
0.014248532402384812
0.01428026929957884
0.014309694083419321
0.014336814558140657
0.01436164359713425
0.014384197872736154
0.014404496950855461
0.014422562645234187
0.014438418554680072
0.014452089728398376
0.014463602420650595
0.014472983907604865
0.014480262347431374
0.014485466670490678
0.014488632526596601
0.014489782617536752
0.0144889482696735
0.014486161085067707
0.014481446902664756
0.014474845496667282
0.014466388808521373
0.014456109270834835
0.014444040339385933
0.014430214249692016
0.014414664448677221
0.014397424524541324
0.014378528174208623
0.014358009173104059
0.01433590134461129
0.014312238529756854
0.01428705455745824
0.014260383215540889
0.014232258222648267
0.014202713201121162
0.014171781650892305
0.014139496924424393
0.014105892202707596
0.01407100047232471
0.014034854503586582
0.01399748682973608
0.013958929727216317
0.013919215196995273
0.013878374946937083
0.013836440375208559
0.013793442554706716
0.013749412218492376
0.013704379746212806
0.013658375151495202
0.013611428070290976
0.013563567750150923
0.013514823040408649
0.013465222383249858
0.01341479380564431
0.013363564912114899
0.013311562878320627
0.013258814445426639
0.013205345915235802
0.013151183146055826
0.013096351549274915
0.013040876086619609
0.012984781268067859
0.012928091150390368
0.012870829336293401
0.012813018974136512
0.012754682758198436
0.0126958429294648
0.012636521276911736
0.012576739139259606
0.012516517407171152
0.012455876525869755
0.012394836498152633
0.012333416887775336
0.01227163682318398
0.01220951500157201
0.012147069693239467
0.012084318746232725
0.012021279591243267
0.011957969246745552
0.01189440432435342
0.011830601034375946
0.011766575191554206
0.011702342220960935
0.011637917164045442
0.011573314684807724
0.011508549076085147
0.011443634265936886
0.011378583824111053
0.011313410968580802
0.01124812857213573
0.011182749169016267
0.011117284961578312
0.01105174782697732
0.010986149323860453
0.010920500699056644
0.01085481289425498
0.010789096552662086
0.01072336256133874
0.010657620425181915
