144.0
143.92481687666677
143.8536733556712
143.78638249819346
143.72278480109136
143.66273885390814
143.60611583325445
143.5527961296273
143.50266725428486
143.45562251556836
143.41156015867674
143.37038278562025
143.33199694556518
143.296312829746
143.2632440314112
143.23270734698596
143.20462260403207
143.1789125072052
143.1555024967693
143.13432061623985
143.11529738692812
143.09836568787756
143.08346064010843
143.07051949433873
143.05948152149097
143.05028790537065
143.04288163693568
143.0372074095782
143.03321151482533
143.03084173782457
143.03004725193423
143.03077851166427
143.03298714313024
143.03662583107499
143.04164820138027
143.04800869783304
143.0556624517159
143.0645651425578
143.07467284809837
143.08594188117695
143.0983286108466
143.11178926451876
143.12627970735247
143.1417551943996
143.15817009018778
143.17547754946216
143.19362915171547
143.21257448093914
143.2322606408101
143.2526316944125
143.27362801690367
143.295185549768
143.3172349413867
143.3397006009148
143.36249961045598
143.3855405889813
143.40872254308286
143.43193384183618
143.45505154536897
143.47794145997207
143.50045947632776
143.5224549324974
143.54377681851193
143.56428338938886
143.5838548984425
143.60240758608828
143.61990523822342
143.63636386337228
143.65184669864777
143.66645060849783
143.68028856140435
143.69347371335883
143.70610859643818
143.71827996169594
143.73005795832162
143.7414977959192
143.75264239463272
143.76352511569917
143.7741721464749
143.7846044094039
143.79483901197662
143.80489031241592
143.814770686571
143.82449107228948
143.83406135248694
143.843490623339
143.8527873816008
143.86195965542697
143.8710150959169
143.87996104144608
143.88880456317563
143.8975524975538
143.9062113658955
143.91478769296285
143.92328773591026
143.93171757817254
143.9400832441132
143.9483904001235
143.95664464911337
143.96485145019818
143.9730160583785
143.9811437184804
143.98923947822558
143.9973082535322
144.00535483168255
144.01338387431682
144.02139992028683
144.02940738839442
144.03741058003038
144.04541368172514
144.05342076761977
144.06143580186256
144.06946264093625
144.07750503591876
144.08556663468107
144.0936509840238
144.101761531755
144.10990162871113
144.1180745307224
144.12628340052447
144.13453130961835
144.1428212400786
144.15115608631297
144.15953865677304
144.16797167561862
144.17645778433592
144.18499954331205
144.1935994333652
144.20225985723343
144.21098314102215
144.21977153561184
144.22862721802628
144.2375522927637
144.24654879309057
144.25561868229946
144.2647638549325
144.27398613797033
144.28328729198822
144.29266901228038
144.30213292995228
144.31168061298328
144.3213135672592
144.33103323757675
144.3408410086192
144.35073820590583
144.36072609671436
144.37080589097812
144.38097874215816
144.39124574809154
144.40160795181578
144.412066342371
144.42262185557985
144.43327537480607
144.44402773169236
144.45487970687833
144.46583203069883
144.4768853838637
144.48804039811932
144.4992976568924
144.51065769591688
144.52212100384475
144.5336880228406
144.5453591491613
144.55713473372057
144.56901508263994
144.58100045778534
144.59309107729166
144.60528711607375
144.61758870632602
144.6299959380102
144.64250885933242
144.65512747720905
144.6678517577236
144.68068162657298
144.6936165632846
144.70665684818113
