571.4530341252494
765.016581481753
763.9648725852046
762.8860817197678
761.7824339527034
760.6540300868347
759.5007209020359
758.3223191896158
757.118623686734
755.8894219793561
754.6344910545112
753.3535975890962
752.0464982085842
750.7129397421023
749.3526594772845
747.9653854157551
746.550836529835
745.1087230210658
743.6387465811395
742.1406006558475
740.6139707127161
739.058534512934
737.4739623882884
735.8599175237673
734.2160562465358
732.5420283220025
730.8374772576985
729.1020406157171
727.335350334448
725.53703306038
723.7067104907427
721.8439997277417
719.9485136451989
718.0198612683714
716.0576481677338
714.0614768675375
712.030947269917
709.9656570953653
707.8652023403291
705.729177752746
703.5571773262674
701.3487948139514
699.1036242621608
696.8212605654063
694.5013000428512
692.1433410371541
689.7469845363283
687.3118348192385
684.8375001253236
682.3235933491203
679.7697327600858
677.1755427481736
674.5406545955941
671.8647072750758
669.1473482749311
666.3882344511281
663.5870329064871
660.7434218970787
657.8570917657354
654.9277459025797
651.9551017322838
648.9388917277349
645.8788644495968
642.774785611194
639.6264391679601
636.4336284305855
633.1961772008386
629.9139309288703
626.5867578906857
623.2145503842345
619.797225942482
616.3347285615489
612.8270299419098
609.2741307403683
605.6760618303982
602.0328855681823
598.3446970615195
594.6116254385346
590.8338351129283
587.011527042297
583.1449399758282
579.2343516874869
575.2800801905896
571.2824849294547
567.2419679436343
563.1589750000383
559.0339966880586
554.8675694726566
550.6602767001932
546.4127495516351
542.1256679376355
537.7997613298838
533.4358095229843
529.0346433210843
524.597145143368
520.1242495425648
515.6169436305202
511.0762674049958
506.50331397184476
501.8992296568141
497.2652140013571
492.6025196369574
487.91245203268073
483.19636911088253
478.45568072626924
473.6918480038204
468.9063825314259
464.10084540347435
459.27684611210225
454.4360412832156
449.5801332550385
444.7108684973634
439.8300358704352
434.939464722928
430.0410228292794
425.13661416723806
420.22817653743937
415.31767902742894
410.40711932351866
405.49852087465297
400.59388093262015
395.6953607486003
390.80499627158383
385.9248828811304
381.0571255286338
376.20383515144573
371.3671249936511
366.54910684478216
361.7518872085828
356.9775634148329
352.2282196879032
347.5059231864113
342.8127200289475
338.15063132138573
660.3728654193434
364.412839533191
351.8118106677869
339.8270805159925
328.39664326796344
317.47034640201565
307.0065333688453
296.97011341550126
287.33117233976037
278.0639256258454
269.14591578003706
260.55738921436307
252.28080726663495
244.30045874252812
236.60215020010315
229.17295640694567
222.0010178271304
215.07537519229462
208.3858335472623
201.9228498868078
195.67743978863746
189.64109941855088
183.8057400219023
178.16363258083123
172.70736075311328
167.42978054678593
162.3239854484442
157.38327592863934
152.6011324079214
147.97119089070324
143.48722056784482
139.14310275764072
134.93281060159947
130.85038895832218
126.88993394640633
122.98232311214419
119.17102776864209
115.46688747229588
111.86406949986326
108.35668616918883
104.93868606501785
101.60386045429534
98.34578405328782
95.15775857338242
92.0327447125199
88.96327987076224
85.94137787560315
82.95840589668558
80.00493223155469
77.07053659449127
74.1435717074721
71.21086102940178
68.25731184572186
65.26541487472451
62.214589778441216
59.08031850231399
55.83298196233987
52.43627483374146
48.84500878324438
45.00201001194205
40.83364241402205
36.24318590011046
31.100756841537756
25.227435777824986
18.369234191023523
10.152205633354493
