3e-05
3.31730529507149e-05
3.297831269013833e-05
3.279868242541868e-05
3.262825426438638e-05
3.246544182180297e-05
3.230939357119462e-05
3.2159467055146e-05
3.2015147491825805e-05
3.187602784908663e-05
3.1741795435036685e-05
3.161221800141645e-05
3.1487129274701816e-05
3.136641469384402e-05
3.1249998070443714e-05
3.1137829675229706e-05
3.102987603743325e-05
3.092611155722135e-05
3.082651188856895e-05
3.073104895279464e-05
3.063968738548643e-05
3.055238219473861e-05
3.0469077407018792e-05
3.038970549123366e-05
3.0314187374533002e-05
3.024243289073017e-05
3.0174341529693272e-05
3.010980338241769e-05
3.0048700199488896e-05
2.99909064447346e-05
2.9936290640560765e-05
2.9884716110924232e-05
2.9836042247725826e-05
2.9790125451351162e-05
2.974682007080141e-05
2.9705979040945324e-05
2.966745496399732e-05
2.963110058929621e-05
2.9596769492752685e-05
2.9564316639740974e-05
2.9533598889284654e-05
2.9504475444079283e-05
2.9476808251028426e-05
2.9450462356414806e-05
2.9425306219834155e-05
2.9401211942252514e-05
2.9378055700357862e-05
2.9355717666628896e-05
2.9334082384867497e-05
2.931303887416476e-05
2.929248080780524e-05
2.9272306426950044e-05
2.9252418911133037e-05
2.923272625157624e-05
2.9213141311686646e-05
2.919358192284344e-05
2.917397087527938e-05
2.9154235865494073e-05
2.9134309499301976e-05
2.911412925466333e-05
2.9093637430746682e-05
2.907278108406959e-05
2.9051511952769095e-05
2.902978636947441e-05
2.9007565164349336e-05
2.8984813558647705e-05
2.8961501050106783e-05
2.8937601291049504e-05
2.8913091960323267e-05
2.8887954630051322e-05
2.8862174628334216e-05
2.8835740898958176e-05
2.880864585923557e-05
2.8780885257074357e-05
2.8752458028382984e-05
2.8723366155893494e-05
2.8693614530512745e-05
2.8663210816263382e-05
2.8632165319859205e-05
2.8600490865966584e-05
2.8568202679171103e-05
2.8535318273634343e-05
2.850185735144358e-05
2.8467841710608734e-05
2.843329516368673e-05
2.8398243468812827e-05
2.8362714266764726e-05
2.8326737053185225e-05
2.8290343125886653e-05
2.8253571797383034e-05
2.8216439365225814e-05
2.8179001157992304e-05
2.814128958903789e-05
2.8103345179005267e-05
2.8065210460715194e-05
2.802693008286033e-05
2.7988550941293638e-05
2.7950122338556418e-05
2.791169617343568e-05
2.7914384904129268e-05
2.7927908894405754e-05
2.7940612724582342e-05
2.7952510089975768e-05
2.7963625769356996e-05
2.7973970491166483e-05
2.798356059859998e-05
2.7992412640134985e-05
2.8000543336816206e-05
2.8007968977163167e-05
2.801470734904333e-05
2.8020775029262535e-05
2.8026188881134402e-05
2.803096572379485e-05
2.8035122301540106e-05
2.8038675255953717e-05
2.8041641100645124e-05
2.8044036198466853e-05
2.804587674101261e-05
2.8047178730275857e-05
2.804795796232834e-05
2.804823001286816e-05
2.8048010224520466e-05
2.8047313695772457e-05
2.8046155271415837e-05
2.804454953440684e-05
2.8042510799016288e-05
2.8040053105192006e-05
2.8037190214028992e-05
2.8033935604266195e-05
2.8030302469723287e-05
2.8026303717587534e-05
2.80219519675157e-05
2.8017259551424217e-05
2.801223851395579e-05
2.800690061352975e-05
2.8001257323924957e-05
2.799531983635363e-05
2.798909906195561e-05
2.798260563469418e-05
2.7975849914579754e-05
2.7968841991204746e-05
2.7961591687536876e-05
2.7954108563951574e-05
2.794640192245638e-05
2.7938480811089557e-05
2.7930354028461263e-05
2.7922030128404266e-05
2.7913517424737122e-05
2.79048239960854e-05
2.7895957690766818e-05
2.7886926131710218e-05
2.7877736721403915e-05
2.7868396646850684e-05
2.7858912884508885e-05
2.7849292205232308e-05
2.7839541179176212e-05
2.7829666180667455e-05
2.7819673393032446e-05
2.780956881337986e-05
2.779935825731537e-05
2.7789047363598772e-05
2.7778641598742363e-05
2.7768146261519754e-05
2.7757566487414617e-05
2.774690725297982e-05
2.7736173380129843e-05
2.7725369540329567e-05
2.7714500258718943e-05
2.7703569918139146e-05
2.76925827630774e-05
2.7681542903521443e-05
2.7670454318730305e-05
2.765932086091077e-05
2.7648146258815467e-05
2.763693412125004e-05
2.7625687940489785e-05
2.7614411095616407e-05
2.7603106855767846e-05
2.7591778383305152e-05
2.758042873689554e-05
2.756906087451881e-05
2.755767765638691e-05
2.754628184778451e-05
2.7534876121845653e-05
2.7523463062235675e-05
2.7512045165776376e-05
2.7500624844985612e-05
2.748920443055276e-05
2.7477786173742732e-05
2.746637224873196e-05
2.7454964754880417e-05
2.7443565718933458e-05
2.743217709717088e-05
2.7420800777480294e-05
2.7409438581380277e-05
2.7398092265988687e-05
2.7386763525919486e-05
2.7375453995143252e-05
2.7364165248775527e-05
2.7352898804824104e-05
