8.0
8.015507016144213
8.03120200753223
8.047079618712615
8.063133918210049
8.079358750173188
8.09574791072974
8.112295248645102
8.128994721251347
8.14584042394993
8.162826604169265
8.17994766623238
8.197198170956007
8.214572832237208
8.232066511954052
8.249674213955165
8.267391077585422
8.285212371000586
8.303133484407995
8.32114992330135
8.33925730171614
8.35745133550669
8.375727835629851
8.394082701409438
8.412511913747597
8.43101152824256
8.449577668166082
8.468206517247209
8.486894312201674
8.505637334937955
8.524431904360812
8.5432743676813
8.56216109112799
8.581088449936795
8.600052817476088
8.619050553338662
8.638077990201625
8.657131419218622
8.676207073663946
8.695301110494068
8.714409589426392
8.733528449055509
8.75265347943131
8.771780290407925
8.790904274935173
8.810020566302594
8.829123988159349
8.848208995926623
8.867269607998063
8.886299324917582
8.905291034574478
8.924236899321276
8.943128235425295
8.961955357481665
8.980707417673495
8.999372229586935
9.017936091488968
9.03638363221385
9.0546977209613
9.072859508845735
9.090848704012664
9.108644215256522
9.126225308165992
9.143573359166448
9.160674113654807
9.177520044994386
9.194112091231847
9.210459985142904
9.226580813447335
9.242496198043815
9.25822906952154
9.27380099172133
9.28923057646948
9.30453285662044
9.319719420034101
9.334798893626505
9.349777536109281
9.364659798644109
9.379448795384912
9.394146671730482
9.408754880076662
9.423274380764905
9.437705785977887
9.452049461553843
9.466305598458172
9.480474262713964
9.49455543017149
9.508549010692143
9.522454864968491
9.536272816237105
9.55000265845573
9.56364416203561
9.577197072026246
9.590661129628586
9.604036054327606
9.617321558577414
9.630517329970964
9.64362305233694
9.65663839905983
9.669563033624819
9.682396607006185
9.695138767655012
9.707789151850726
9.72034738750804
9.732813094463717
9.74518588474407
9.757465362820538
9.76965112585603
9.781742763943992
9.7937398603416
9.805641991698048
9.817448728278723
9.8291596341858
9.840774267575693
9.85229218087368
9.863712920985991
9.875036029509564
9.886261042939681
9.897387492875659
9.908414906224703
9.919342805404133
9.930170708542073
9.940898129676745
9.951524578954496
9.962049562826612
9.972472584245308
9.982793142858412
9.993010735203615
10.00312485490181
10.013134992849897
10.023040637413008
10.032841274616462
10.042536388337346
10.0521254604959
10.061607971246806
10.070983399170458
10.080251221464305
10.08941091413435
10.098461952186918
10.107403809820733
10.116235960619404
10.124957877744412
10.133569034128644
10.142068902670584
10.150456956429187
10.158732668819539
10.166895513809372
10.174944966116453
10.182880501406954
10.19070159649486
10.198407729542415
10.205998380261756
10.21347303011766
10.220831162531589
10.228072263086966
10.235195819735782
10.242201323006558
10.24908826621372
10.25585614566837
10.262504460890545
10.269032714822952
10.275440414046237
10.28172706899576
10.287892194179964
10.293935308400293
10.29985593497273
10.305653601950892
10.31132784235079
10.316878194377159
10.322304201651416
10.32760541344126
10.332781384891838
10.337831677258535
10.34275568140431
10.347553156742444
10.352223684178155
