149.836776
108.21777684635738
108.78997916541617
109.47987314151432
110.28341395180547
111.19633165605362
112.21437870458713
113.33337567632178
114.54923332711938
115.85797342405911
117.25574946439923
118.73886587761595
120.30379445773471
121.9471872560274
123.66588563149053
125.45692552964803
127.31753933077782
129.2451547744816
131.23739154983758
133.2920561525077
135.4071355755478
137.58079033595075
139.81134725796852
142.09729234919777
144.43726402346303
146.83004685024127
149.27456594620767
151.76988207295162
154.31518746214346
156.90980200604645
159.55317189988347
162.24486537920356
164.9845726511492
167.77210444359875
170.60739199031454
173.49048516833025
176.42155529644512
179.40089408417302
182.42891496331637
185.50615429407796
188.6332728495619
191.81105757638505
195.04042363692255
198.3224167493423
201.65821584870082
205.04913610081388
208.49663166550823
212.00230208750526
215.56789286761597
219.19530281425986
222.88658987110145
226.64397398065893
230.46984894022145
234.36678714846653
238.33751686921846
242.38506000565056
246.51255405189684
250.72338924069388
255.0211918415238
259.40983991626456
263.8934809526147
268.47655158899
273.1637996726627
277.9603089264259
282.87152653058683
287.9032939749826
293.06188158536634
298.3540271830099
303.78697941175136
309.3685463443508
315.10715007627357
321.01188813199514
327.0926026411086
333.3599584040882
339.82553115983853
346.50190759709574
353.40279892958876
360.54317018861815
367.93938779036455
375.6093884309461
383.5728729595244
391.8515296202405
400.46929196288437
409.4526378475391
418.8309373727775
428.6368593130116
438.90684792887765
449.681684122235
461.00715168243505
472.9348255117327
485.52224036077826
498.8379210602076
512.9549612802379
527.960493974714
543.953837928437
561.0498021352765
579.3818246894042
595.9669499735631
595.5076827189637
594.9890138014506
594.4133810334313
593.7825020510012
593.0998265629523
592.366755941121
591.5854421050124
590.7582435100243
589.8864681550275
588.972978424341
588.0195129417576
587.0280304767037
586.0004477904478
584.9386383686273
583.8444313007305
582.7196103192035
581.5659130001869
580.3850301205686
579.178605169639
577.948234007778
576.6954646676369
575.4217972896492
574.128684183965
572.8175300118668
571.489692077196
570.1464807195227
568.789159801773
567.4189472812801
566.0370158594853
564.6444937001771
563.242465207889
561.8319718613174
560.414013093767
558.9895472125818
557.5594923533746
556.1247274620241
554.6860932987211
553.2443934596623
551.8003954113402
550.3548315327794
548.9084001619323
547.461766642686
546.015564369
544.5703958230752
543.1268336049089
541.6854214515696
540.246675242345
538.8110839893601
537.3791108117827
535.951193892039
534.5277474115212
533.1091624681437
531.6958079703813
530.2880315110795
528.886160218661
527.4905015840216
526.1013442667112
524.7189588753827
523.3435987270428
521.9755005807597
520.6148853501081
519.2619587909829
517.9169121672259
516.5799228934304
515.2511551556187
513.9307605094167
512.6188784571326
511.3156370041858
510.0211531934785
508.7355336209329
507.4588749309249
506.1912642923165
504.9327798557251
503.6834911934443
502.44345972082607
501.2127391009875
499.9913756332824
498.7794086250418
497.5768707487757
496.38378838314577
495.20018194082365
494.02606618139265
492.86145051120997
491.70633927033157
490.56073200679003
489.42462373876856
488.29800520540175
487.1808631063149
486.0731803305084
484.974936174781
483.88610655242934
482.80666419277276
481.73657883026044
480.6758173872891
479.6243441453255
478.58212091138347
477.549107174125
476.52526025432326
475.5105354473202
474.50488615867863
473.50826403430386
472.5206190829704
