2.8827991532258066
2.856141265413773
2.8288947858277123
2.8013770027957365
2.773668568896552
2.745810335335043
2.7178369311352175
2.6897824051971764
2.661681014969048
2.6335671772643994
2.6054752806824073
2.577439483221306
2.5494935186330183
2.521670517316344
2.494002843975329
2.4665219531567892
2.439258263132845
2.41224104808398
2.3854983481179106
2.359056896324542
2.3329420618151695
2.30717780751972
2.2817866614113314
2.256789699783086
2.232206541206699
2.208055349846646
2.1843528468757003
2.161114328829826
2.1383536918442556
2.116083460821611
2.0943148226921635
2.07305766303165
2.0523206054007797
2.0321110528608024
2.012435231200156
1.9932982334779634
1.9747040655510124
1.9566556923023282
1.9391550843322323
1.9222032649077472
1.9058003569943125
1.8899456302160464
1.8746375476080883
1.8598738120379716
1.8456514121831997
1.8319666679600606
1.818815275304922
1.806192350214259
1.7940924719540843
1.7825097253535096
1.7714377421013354
1.7608697409688607
1.750798566886847
1.741216728809748
1.7321164363059613
1.723489634819048
1.7153280414816292
1.7076231691482344
1.7003663713308612
1.693548861278309
1.687161743187897
1.681196038602565
1.675642711395953
1.670492691264066
1.6657368957178444
1.6613662505910192
1.6573717090857814
1.6537442693848101
1.6504749908634064
1.647555008940162
1.6449755486086781
1.6427279366963603
1.6408036125689582
1.6391941392486227
1.6378912103988277
1.636886659061557
1.6361724641113173
1.6357407559627397
1.635583821389025
1.6356941074995641
1.6360642249320079
1.6366869503111563
1.63755522802864
1.6386621713941458
1.6400010632079498
1.6415653558026237
1.643348670599811
1.645344797226017
1.647547692229205
1.6499514774359259
1.6525504379865081
1.655339020083723
1.658311828488177
1.6614636237916147
1.6647893194971992
1.6682839789338992
1.6719428120301005
1.675761171969726
1.6797345517523223
1.68385858067687
1.6881290207674033
1.6925417631569935
1.697092824445167
1.7017783430424287
1.7065945755142777
1.7115378929358531
1.7166047772672235
1.7217918177582534
1.727095707391013
1.7325132393667277
1.7380413036434996
1.7436768835301517
1.7494170523409174
1.7552589701149672
1.7611998804042093
1.7672371071322215
1.7733680528010254
1.7795901912526535
1.7859010697661464
1.792298303889936
1.7987795749292246
1.8053426273050082
1.8119852119650735
1.8187052849658483
1.8255007318407983
1.8323695192043161
1.8393096689453008
1.8463192522898946
1.8533963871370651
1.8605392359292794
1.8677460036635913
1.8750149359858652
1.8823443173589125
1.8897325263308744
1.897177821172208
1.9046786275300693
1.9122333736839126
1.9198405139537635
1.927498531264855
1.9352059363648744
1.9429612666090665
1.9507630847347384
1.9586099776846413
1.9665005554866128
1.9744334501893523
1.9824073148531238
1.9904208225940512
1.9984726656806298
2.0065615546811095
2.0146862176603944
2.0228453994251243
2.031037860815613
2.0392623780433103
2.0475177420724946
2.0558027580448743
2.064116244745821
2.0724570341109265
2.08082397077162
2.0892159116385662
2.0976317255215533
2.106070292784638
2.1145305050352676
2.1230112648461197
2.1315114855084203
2.1400300908154763
2.148566014875194
2.1571182019503228
2.1656856063251952
2.1742671921977386
2.1828619335955004
2.191468814314499
2.2000868278796415
2.2087149775255335
2.2173522761964333
2.2259977465641994
2.2346504210629887
2.243309341939717
2.251973561318231
2.260642141278207
2.2693141539447086
2.2779886815895214
2.2866648167422428
2.29534166231019
2.304018331706061
2.3126939489823237
2.3213676489712762
2.3300385774298307
2.3387058911880167
2.3473687583002745
2.3560263581986556
2.364677881847016
2.3733225318953854
2.381959522833691
2.390588081144077
2.3992074454510517
2.4078168666687954
2.416415608144946
2.4250029458002436
2.4335781682634354
2.4421405770009352
