56.239
55.19640312459211
54.98320350525851
54.769918666427316
54.556545589769826
54.34308631036399
54.12954389903727
53.91592147756021
53.70222200844221
53.488448256352
53.27460278867792
53.0606879856684
52.84670605305707
52.63265903516568
52.41854882775582
52.20437719029917
51.990145757503626
51.77585605002381
51.56150948433772
51.34710738180511
51.1326509769432
50.91814142496634
50.703579808642196
50.48896714451817
50.27430438857196
50.059592441337195
49.84483215255258
49.630024325379566
49.415169720229734
49.20026905823967
48.9853230244277
48.7703322705636
48.555297417779144
48.34021905894506
48.125097760836816
47.90993406611003
47.69472849510346
47.47948154748643
47.26419370376528
47.04886542666218
46.833497162378336
46.6180893417521
46.40264238132194
46.18715668430265
45.971632641482834
45.75607063205059
45.54047102435372
45.32483417660038
45.10916043750501
44.893450146884526
44.67770363620892
44.46192122910991
44.24610324185142
44.03024998376476
43.81436175765151
43.598438860156655
43.38248158211435
43.166490208868424
42.95046502056961
42.73440629245124
42.51831429508515
42.302189294619026
42.08603155299685
41.8698413281635
41.6536188742546
41.43736444177281
41.221078277751424
41.00476062590612
40.788411726775685
40.57203181785246
40.355621133703195
40.139179906080855
39.92270836402806
39.70620673397254
39.48967523981525
39.27311410301142
39.05652354264508
38.839903775497355
38.623255016108914
38.4065774768369
38.18987136790655
37.97313689745792
37.756374271587845
37.53958369438737
37.32276536797496
37.105919492525615
36.889046266296
36.672145885645946
36.45521854505629
36.23826443714325
36.021283752669596
35.8042766805525
35.587243407868336
35.370184119854606
35.15309899990879
34.93598822958455
34.71885198858517
34.50169045475432
34.28450380406425
34.067292210601565
33.85005584655038
33.63279488217323
33.41550948578956
33.19819982375187
32.980866060419714
32.76350835813139
32.54612687717347
32.32872177574823
32.11129320993891
31.893841333672903
31.67636629868299
31.458868254466406
31.241347348242055
31.023803724905687
30.806237526983175
30.58864889458189
30.37103796534017
30.153404874375013
29.935749754227853
29.718072734808626
29.500373943338055
29.282653504288202
29.064911539321326
28.847148167227076
28.629363503858094
28.411557662063988
28.19373075162379
27.975882879176893
27.758014148152547
27.54012465869793
27.32221450760487
27.104283788235236
26.886332590445132
26.668361000507815
26.450369101035555
26.23235697090042
26.014324685154026
25.796272314946417
25.57819992744408
25.360107585747176
25.141995348806166
24.92386327133775
24.70571140374041
24.48753979200949
24.269348477652013
24.051137497601296
23.832906884131503
23.61465666477223
23.396386862223203
23.17809749426935
22.95978857369617
22.74146010820571
22.523112100333172
22.30474454736437
22.08635744125407
21.867950768545512
21.64952451029108
21.431078641974484
21.21261313343435
20.994127948789664
20.77562304636698
20.557098378629718
20.338553892109672
20.119989527340543
19.901405218794864
19.682800894822627
19.464176477593252
19.245531883040655
19.026867020811352
18.808181794216008
18.589476100184488
18.37074982922464
18.15200286538501
17.933235086221462
17.714446362768154
17.495636559512743
17.276805534376233
17.057953138697385
16.83907921722205
16.620183608097403
16.40126614287132
16.182326646497057
15.963364937343226
15.744380827209383
15.525374121347209
15.306344618487481
15.087292110872921
14.868216384297064
14.649117218149188
14.429994385465518
14.210847652986695
13.991676781221702
13.772481524532228
13.553261631225853
13.334016843338484
13.114746897492397
12.895451524129111
12.67613044808415
12.456783388597625
12.237410059434916
