0.00011
0.00010822617669603713
0.00010931185522632808
0.00011041329508445679
0.00011152678540712419
0.00011265217401687643
0.00011378993619035505
0.00011494072249023045
0.0001161052766687421
0.00011728440784487538
0.00011847897066956103
0.00011968984737496464
0.00012091793141280396
0.0001221641130492329
0.00012342926718847307
0.00012471424350543825
0.00012601985880593216
0.0001273468914149131
0.0001286960773176279
0.00013006810774741074
0.00013146362790819968
0.00013288323653961326
0.0001343274860628238
0.0001357968830842472
0.00013729188907357583
0.00013881292107295555
0.00014036035232729195
0.00014193451275979637
0.00014353568923999554
0.00014516412561640558
0.00014682002251293608
0.00014850353687095933
0.0001502147812715893
0.00015195382305573167
0.00015372068326372605
0.0001555153354610984
0.00015733770441173
0.00015918766474611677
0.00016106503957134919
0.000162969599108066
0.00016490105938406915
0.00016685908102167553
0.0001688432681572434
0.00017085316752547773
0.00017288826774242396
0.0001749479988120398
0.00017703173190066675
0.00017913877936013266
0.0001812683950756432
0.00018341977511063246
0.00018559205868697148
0.00018778432946594802
0.00018999561722647453
0.00019222489982018124
0.0001944711048757658
0.00019673311490102447
0.0001990097665311223
0.0002012998562498347
0.0002036021432969296
0.00020591535345168723
0.00020823818304580867
0.0002105693031805527
0.00021290736410905768
0.0002152509997740432
0.0002175988324301261
0.0002199494773538887
0.00022230154758301395
0.00022465365865738908
0.00022700443332751262
0.0002293525061938347
0.00023169652824719074
0.00023403517127783613
0.00023636713212486196
0.00023869113673998172
0.00024100594404156763
0.00024331034953793733
0.0002456031887024779
0.00024788334008588584
0.0002501497281534058
0.0002524013258392224
0.00025463715681289556
0.0002568562974551181
0.000259057878544383
0.00026124108665772505
0.0002634051652913151
0.00026554941524233164
0.00026767319754165974
0.00026977592910827815
0.00027185708755162174
0.0002739380825203165
0.00027595288739888754
0.00027796677458019793
0.00027995758030888575
0.00028192507041971773
0.0002838690663226962
0.0002857894439564042
0.0002876861326808181
0.0002895591141109969
0.00029140842090869364
0.0002929955085103129
0.0002944870313428627
0.00029594945857546053
0.00029738293943558304
0.00029878765206124843
0.00030016380027047163
0.00030151161780748423
0.00030283136468242536
0.0003041233250845404
0.0003053878051104979
0.0003066251314164266
0.00030783564849163085
0.0003090197172686408
0.0003101777132739386
0.0003113100249428285
0.0003124170520149224
0.00031349920400960713
0.0003145568987833346
0.00031559056116594903
0.0003166006216766808
0.000317587515318607
0.00031855168044905326
0.00031949355772470074
0.0003204135891194109
0.0003213122170117926
0.00032218988334123806
0.0003230470288284758
0.00032388409225912035
0.0003247015098268604
0.0003254997145339541
0.0003262791356460241
0.00032704019819771406
0.0003277833225487007
0.000328508923984058
0.00032921741235941303
0.0003299091917863401
0.00033058466035609986
0.0003312442098995689
0.00033188822578009207
0.00033251708671849046
0.00033313116464622246
0.000333730824585977
0.0003343164245568745
0.00033488831550304864
0.00033544684124316995
0.00033599233843959077
0.000336525136585404
0.0003370455580073135
0.0003375539178843394
0.00033805052427909334
0.00033853567818181235
0.00033900967356499374
0.0003394727974484493
0.00033992532997307527
0.0003403675444818883
0.00034079970760890135
0.0003412220793736695
0.00034163491328107734
0.0003420384564259392
0.00034243294960167837
0.00034281862741189137
0.0003431957183847995
0.00034356444509059945
0.0003439250242593614
0.00034427766690130754
0.00034462257842725064
0.0003449599587704061
0.00034529000250725585
0.00034561289897954567
0.0003459288324150819
0.00034623798204835816
0.00034654052224011286
0.000346836622596105
0.00034712644808433587
0.0003474101591513946
0.00034768791183712464
0.00034795985788745216
0.0003482261448658161
0.000348486916262641
0.0003487423116030998
0.00034899246655267487
0.000349237513021182
0.00034947757926423885
0.00034971278998273506
0.00034994326642088185
0.00035016912646112055
0.00035039048471790553
0.0003506074526285911
0.00035082013854261434
0.00035102864780844857
0.00035123308285839707
0.0003514335432914806
0.0003516301259539245
0.0003518229250181728
0.00035201203205900754
0.0003521975361283486
0.00035237952382815977
0.00035255807938064214
0.00035273328469758147
0.00035290521944680354
0.000353073961117361
