154.18390963419685
154.15060483020915
154.11727064420123
154.08389734060205
154.05047562667895
154.01699665028863
153.983452003361
153.9498337235847
153.9161342923729
153.88234662908457
153.84846408208168
153.81448041732205
153.78038980513298
153.7461868057046
153.7118663537342
153.6774237425594
153.64285460803748
153.60815491236795
153.57332092800704
153.5383492217848
153.50323663930882
153.46798028971583
153.4325775308182
153.39702595467844
153.3613233736373
153.32546780681383
153.2894574670897
153.2532907485783
153.21696621463792
153.18048258630972
153.14383873131794
153.10703365355616
153.07006648307222
153.03293646654842
152.99564295827025
152.95818541157638
152.92056337078117
152.88277646356002
152.84482439378579
152.806706934805
152.7684239231398
152.7299752526026
152.69136086880843
152.65258076406948
152.61363497265688
152.57452356641292
152.53524665069784
152.4958043606545
152.45619685777467
152.4164243267503
152.37648697259357
152.33638501800965
152.29611870100646
152.25568827272608
152.21509399548287
152.174336140994
152.13341498878805
152.09233082477894
152.05108393999208
152.00967462943063
151.96810319107033
151.92636992497225
151.88447513250267
151.84241911565113
151.80020217643695
151.75782461639628
151.71528673614165
151.6725888349865
151.6297312106287
151.58671415888583
151.54353797347719
151.5002029458477
151.45670936502748
151.41305751752446
151.36924768724492
151.3252801554387
151.28115520066598
151.2368730987828
151.19243412294213
151.14783854360888
151.10308662858642
151.05817864305254
151.01311484960374
150.96789550830593
150.92252087675058
150.87699121011482
150.83130676122536
150.78546778062386
150.739474516635
150.69332721543475
150.64702612111978
150.60057147577632
150.55396351954928
150.50720249071043
150.46028862572538
150.4132221593201
150.36600332454555
150.31863235284123
150.2711094740969
150.22343491671305
150.1756089076592
150.12763167253132
150.0795034356062
150.03122441983427
149.9827948471356
149.93421493808427
149.88548491219956
149.83660498793225
149.7875753827097
149.73839631297926
149.68906799425045
149.6395906411354
149.58996446738777
149.54018968594073
149.49026650894294
149.4401951477939
149.38997581317767
149.33960871509547
149.28909406289705
149.23843206531117
149.18762293047465
149.13666686596085
149.0855640788067
149.03431477553906
148.9829191622002
148.9313774443722
148.87968982720062
148.82785651541732
148.77587771336258
148.72375362500642
148.6714844539692
148.61907040354166
148.56651167670384
148.51380847614416
148.46096100427698
148.40796946326034
148.35483405501273
148.30155498122932
148.2481324433979
148.19456664281407
148.14085778059598
148.0870060576989
148.03301167492882
147.97887483295625
147.92459573232895
147.8701745734848
147.81561155676405
147.7609068824211
147.70606075063606
147.65107336152622
147.5959449151565
147.5406756115503
147.4852656506998
147.4297152325757
147.37402455713686
147.31819382434006
147.26222323414882
147.2061129865423
147.1498632815241
147.0934743191304
147.03694629943857
146.98027942257463
146.92347388872128
146.86652989812546
146.8094476511055
146.75222734805843
146.69486918946683
146.63737337590584
146.5797401080495
146.5219695866774
146.46406201268084
146.4060175870692
146.3478365109757
146.28951898566336
146.23106521253078
146.17247539311754
146.11374972910994
146.05488842234598
145.99589167482088
145.93675968869206
145.87749266628413
145.81809081009365
145.75855432279425
145.69888340724086
145.6390782664746
145.57913910372727
145.51906612242547
145.45885952619525
145.398519518866
145.33804630447494
145.27744008727086
145.21670107171826
145.1558294625013
145.0948254645275
145.0336892829317
144.97242112307953
144.9110211905713
144.84948969124525
144.7878268311815
144.72603281670513
