210.99613680000002
165.12447786290164
172.98627510796854
180.77691887491918
188.50717465625974
196.1842338082747
203.8129524911736
211.39658854180914
218.93732271195333
226.4366169669132
233.89545587427722
241.3145068242516
248.69422515793227
256.03492250561834
263.33681084764294
270.60003069087134
277.82466890959495
285.0107698762021
292.15834222645253
299.26736276133147
306.3377784375338
313.3695070417807
320.36243691340763
327.3164259300585
334.23129987362387
341.1068502284459
347.9428314188539
354.73895746011044
361.4948979703569
368.2102734679935
374.8846498556346
381.5175319678607
388.10835603224604
394.65648086156307
401.1611775571717
407.62161745826086
414.0368580168405
420.4058262120457
426.72729903685575
432.9998804930161
439.22197441250665
445.39175228302366
451.50711508768825
457.5656479733707
463.56456633832005
469.50065168380377
475.3701753223944
481.1688078081209
486.8915118295195
492.5324163818456
498.08467056797383
503.54027671473153
508.8899005704781
514.1226932292509
519.2260789007379
524.1856229004742
528.9849840465465
533.6060775050295
538.0296111888086
542.2362424728843
546.2086811286183
549.9350843022745
553.4139253909418
556.6599798676218
559.7100154719636
562.6254387513044
565.4885535114475
568.3907641310582
571.4153396782992
574.6215389424415
578.036884422554
581.6595709637277
585.4675007019566
589.4288600557053
593.5102226430372
597.6813822549706
601.9173351354614
606.1985013229594
610.5100909323018
614.8411901965068
619.1838626265449
623.5323847495586
627.8826436727932
632.2316830123742
636.5773698806353
640.9181551010332
645.2529024444846
649.5807680481059
653.9011156201394
658.213457010652
662.5174106204429
666.8126723047432
671.0988924632886
675.376014832352
679.6438456358227
683.9022297568741
688.1511441580923
692.3903210655312
696.6196891903606
700.83917574732
705.0486737351305
709.2481985074015
713.4376745871986
717.6170587875259
721.7863161073296
725.9454191663368
730.0943477432419
734.2330883853864
738.3616340684918
742.4799838922974
746.5881428028031
750.6861213348432
754.7739353707301
758.8516059121473
762.9191588630974
766.9766248226452
771.0240388861795
775.0614404546149
779.0888730506854
783.1063841420577
787.1140249706166
791.1118503878007
795.0999186957284
799.0782914931733
803.0470335274321
807.0062125505475
810.9558991804416
814.896166766644
818.8270912602225
822.7487510879586
826.6612270305629
830.5646021047484
834.4589614489084
838.3443922125729
842.2209834491578
846.0888260121322
849.9480124543458
853.7986369305221
857.6407951026864
861.4745840485234
865.3001021725518
869.1174491199641
872.9267256931108
876.7280337705918
880.5214762287022
884.3071568653422
888.0851803262373
891.8556520334047
895.6186781158425
899.3743653422591
903.1228210559892
906.8641531118602
910.5984698150407
914.3258798617828
918.0464922820638
921.7604163840267
925.4677617001864
929.1686379353968
932.8631549164568
936.5514225434652
940.2335507426551
943.9096494209195
947.5798284217946
951.2441974830264
954.90286619553
958.5559439638646
962.203539967997
965.8457631266256
969.4827220616156
973.1145250639993
976.7412800609985
980.3630945845438
983.9800757408442
987.592330181252
991.2001577857702
994.8032304510908
