2.4555440413578045
2.478407042971967
2.4978930365823886
2.514100144084773
2.5271425512290655
2.5371601067829306
2.5443156770793327
2.5487903699052676
2.5507783845495013
2.5504819738557356
2.548106770623049
2.5438576427585997
2.537935174881302
2.530532816123756
2.521834686416461
2.5120139982251564
2.5012320275210302
2.4896375553219667
2.4773666973427613
2.464543041815238
2.4512780222118202
2.43767146060576
2.4238122273259446
2.4097789724268766
2.395640893663026
2.3814585137823143
2.36728444688971
2.353164139374159
2.3391365755173448
2.325234941503859
2.311487244566725
2.297916885485362
2.2845431850281748
2.271381865285756
2.2584454879125926
2.2457438514793373
2.2332843508755778
2.221072301115346
2.2091112284607766
2.197403131452686
2.185948714374826
2.174747595531153
2.163798492557435
2.15309938682448
2.142647668829246
2.1324402662896222
2.1224737566579828
2.1127444652488796
2.1032485505913634
2.0939820780644376
2.084941082987285
2.076121624051826
2.067519828292443
2.0591319281603737
2.0509542904858074
2.042983443982905
2.0352160936063464
2.0276491353085886
2.0202796648140673
2.0131049825804457
2.0061225953562216
1.9993302147854382
1.9927257534766776
1.98630731892176
1.9800732056194414
1.9740218857313607
1.9681519985702252
1.9624623391943612
1.9569518463581965
1.9516195900442577
1.9464647587797586
1.9414866469188201
1.9366846420506487
1.9320582126740677
1.9276068962599633
1.9233302878052287
1.919228028965076
1.9152997978348594
1.9115452994378692
1.9079642569621256
1.9045564037768752
1.901321476248297
1.8982592073639162
1.8953693211663192
1.8926515279890215
1.8901055204798445
1.8877309703962424
1.8855275261414806
1.8834948110176073
1.8816324158836661
1.8799399240293082
1.8784168732098085
1.8770627821601817
1.8758771453787728
1.8748594350388152
1.874009103353085
1.873325585391918
1.8728083023302662
1.8724566650988115
1.8721507622010056
1.871856621893856
1.87157417616151
1.8713035421201225
1.8710449794173878
1.8707988567232214
1.8705656272713451
1.8703458070833956
1.870139956482906
1.8699486639984566
1.8697725334966149
1.8696121726902897
1.8694681838347413
1.8693411559893605
1.869231658681574
1.8691402367867487
1.8690674064603623
1.869013651978681
1.868979423361517
1.8689651346661134
1.8689711628548638
1.8689978471515305
1.8690454888112504
1.8691143512389787
1.8692046603992645
1.8693166054675763
1.8694503396797908
1.869605981342141
1.869783614968918
1.8699832925196362
1.87020503471125
1.8704488323843542
1.870714647905443
1.871002416589778
1.8713120481318501
1.8716434280323817
1.8719964190126033
1.872370862408113
1.8727665795359214
1.8731833730295504
1.873621028138007
1.8740793139853709
1.8745579847884868
1.8750567810309369
1.8755754305920254
1.8761136498299942
1.8766711446191189
1.87724761134064
1.877842737827857
1.8784562042658919
1.8790876840468762
1.8797368445814482
1.8804033480676228
1.8810868522181978
1.8817870109479058
1.8825034750216312
1.88323589266504
1.8839839101389917
1.8847471722791238
1.8855253230020224
1.8863180057793623
1.887124864081387
1.8879455417911242
1.8887796835906467
1.889626935320706
1.8904869443150003
1.8913593597103473
1.8922438327339373
1.8931400169688526
1.8940475685989697
1.8949661466343417
1.895895413118091
1.8968350333158297
1.8977846758885533
1.8987440130499478
1.8997127207089817
1.9006904785986298
1.901676970391535
1.9026718838033634
1.9036749106846043
1.9046857471014902
1.90570409340672
1.9067296543006047
1.9077621388832215
1.9088012606981675
1.909846737768434
1.9108982926249212
1.9119556523280752
1.9130185484830993
1.9140867172491824
1.9151598993431478
1.916237840037911
1.9173202891561145
1.9184070010592942
1.9194977346328828
1.9205922532673763
1.9216903248359518
1.9227917216688042
1.92389622052447
1.9250036025583739
1.9261136532888266
