18.660657219071968
18.528709235481106
18.396764302500575
18.264828182312325
18.132906151134204
18.001003482005512
17.869125501424655
17.737277598304793
17.605465227557335
17.473693913038417
17.34196925038801
17.210296909820876
17.078682638876028
16.947132265125287
16.81565169884083
16.684246935621374
16.55292405897651
16.42168924286858
16.29054875421134
16.15950895532443
16.02857630634268
15.8977573675789
15.767058801838838
15.636487376686699
15.506049966659438
15.375753555427934
15.245605237902923
15.115612222283305
14.985781832044404
14.856121507863406
14.726638809479057
14.597341417482527
14.468237135036064
14.339333889515908
14.21063973407565
14.082162849126101
13.953911543727395
13.825894256888889
13.698119558772206
13.570596151792495
13.443332871612807
13.316338688026155
13.18962270571978
13.063194164915679
12.93706244188146
12.811237049305191
12.685727636527803
12.560543989626328
12.435696031341092
12.31119382083976
12.187047553310915
12.063267559379744
11.93986430433814
11.81684838718148
11.69423053944405
11.572021623825114
11.450232632597396
11.328874685789737
11.207959029135477
11.087497031778296
10.967500183726937
10.847980093050493
10.72894848280579
10.610417187688524
10.492398150399923
10.374903417720768
10.257945136284851
10.141535548044047
10.025686985417531
9.910411866117864
9.795722687647043
9.681632021456014
9.568152506761521
9.455296844014677
9.343077788016174
9.231508140673615
9.120600743397151
9.010368469130215
8.900824214013001
8.79198088867711
8.68385140917066
8.576448687514127
8.469785621888173
8.363875086455806
8.258729920822306
8.154362919137556
8.050786818846712
7.9480142890963705
7.846057918804809
7.7449302044062724
7.644643537280748
7.54521019088218
7.4466423075796175
7.348951885227404
7.2521507634821365
7.156250609885767
7.061262905735895
6.9671989317660135
6.8740697536601205
6.781886207427873
6.690658884668108
6.60039811775018
6.511113964944335
6.4228161955338345
6.335514274943117
6.249217349917863
6.163934233794138
6.079673391895238
5.996442927096059
5.9142505655959505
5.833103642942081
5.753009090346172
5.673973421338261
5.596002718801708
5.5191026224340565
5.443278316678655
5.368534519171909
5.294875469750906
5.2223049200657545
5.150826123840383
5.08044182602415
5.011154259821944
4.942965133867526
4.8758756272360255
4.809886383564501
4.744997506056814
4.681208553405307
4.618518536659193
4.556925917066658
4.496428604914621
4.437023959386725
4.378708789456555
4.32147935582938
4.265331373941717
4.210260018023924
4.144861495773573
4.081615232267497
4.02047373980459
3.9613887937849235
3.904311703023761
3.849193641300798
3.7959858971651728
3.74464005581111
3.695108132921707
3.647342674951719
3.601296835816449
3.5569244368528894
3.514180014812568
3.47301886120409
3.43339705530906
3.3952714925044414
3.35859990904271
3.323340904104714
3.289453959705846
3.256899458874217
3.2256387024096482
3.1956339244599548
3.166848307106271
3.139245994124823
3.1127921040837134
3.087452742936328
3.063195016285714
3.039987041515029
3.017797960007219
2.996597949712118
2.976358238361448
2.9570511176823815
2.9386499590197603
2.921129230847427
2.904484801175633
2.8886980542414027
2.8737462172499137
2.859607685086799
2.846262054306391
2.833690180228874
2.8218742330035615
2.810797766232919
2.800445798353785
2.7908049097024903
2.781863358903927
2.7736112231387677
2.7660405680337066
2.759145654484264
2.7529231917954724
2.7473726493073722
2.7424966424407136
2.7383014142638884
2.7347974408541464
2.7320001988239744
2.7299311478205253
2.728619001799399
2.7281013939811696
2.728427087471942
2.729658956470424
2.731878079093054
2.735189473472017
2.73973033316526
2.7456821937164637
2.7532895371907604
2.762889475962265
