0.001446265857629289
0.001426610273948717
0.0014091386636370285
0.001393536477874298
0.0013795556139658144
0.0013669900788804185
0.0013556660980680011
0.0013454357764823585
0.0013361723562857744
0.0013277665531899311
0.0013201235611509838
0.0013131607546753847
0.001306805776810034
0.001300994992650995
0.0012956722195839596
0.0012907876773787781
0.0012862971143355543
0.0012821610754527011
0.001278344285962633
0.0012748151291970084
0.0012715452020561522
0.0012685089346957724
0.0012656832636472046
0.0012630473496319148
0.0012605823329471931
0.0012582711205855988
0.0012560982002797982
0.0012540494774922518
0.0012521121320392481
0.0012502744915835898
0.0012485259196753137
0.0012468567163852811
0.0012452580298778538
0.0012437217775182448
0.0012422405624099376
0.0012408076620608233
0.0012394168933238187
0.001238062613648889
0.0012367396618868627
0.0012354433166148887
0.0012341692584503078
0.0012329135359023095
0.0012316725343823121
0.0012304429480426498
0.0012292217541533916
0.0012280061897612451
0.0012267937304043248
0.001225582070682048
0.001224369106501955
0.0012231529188446646
0.0012219317589051528
0.0012207040344836256
0.001219468297512292
0.0012182232326159316
0.0012169676466143849
0.0012157004588841972
0.001214420692504578
0.0012131274661200807
0.0012118199864587116
0.001210497541449974
0.001209159493892277
0.0012078052756238939
0.0012064343821556597
0.0012050463677272995
0.0012036408407526797
0.001202217459622218
0.0012007759288334354
0.0011993159954231615
0.0011978374456770486
0.0011963401020941723
0.0011948238205863027
0.0011932884878931484
0.001191734019196398
0.0011901603559167687
0.001188567463679622
0.0011869553304358093
0.0011853239647255111
0.0011836733940738448
0.0011820036635078704
0.0011803148341854688
0.0011786069821273562
0.0011768801970441529
0.0011751345816778482
0.001173370249098449
0.0011715873243096228
0.0011697859416977862
0.0011679662446820338
0.0011661283849304007
0.0011642725217037133
0.0011623988212117046
0.0011605074560317745
0.0011585986045273044
0.0011566724498433202
0.001154729181572101
0.0011527689920773835
0.0011507920782395683
0.0011487986405381986
0.0011467888826971252
0.0011447630113536969
0.0011427212357501121
0.0011406637674452817
0.001138590820045498
0.001136502608952584
0.0011343993511280437
0.0011322812648720448
0.0011301485696160372
0.0011280014857279245
0.0011258402343288425
0.001123665037120549
0.0011214761162226462
0.0011192736940187759
0.0011170579930110764
0.0011148292356822072
0.0011125876443642702
0.001110333441114039
0.0011080668475939358
0.0011057880849581398
0.0011034973737434244
0.001101194933764128
0.0010988809840108337
0.0010965557425522867
0.00109421942644012
0.0010918722516159018
0.0010895144328201193
0.0010871461835026107
0.0010847677157340308
0.0010823792401178968
0.001079980965702674
0.0010775730998934725
0.0010751558483628033
0.001072729414959746
0.0010702940016170275
0.0010678498082551825
0.0010653970326831284
0.0010629358704942417
0.0010604665149569633
0.0010579891568987991
0.0010555039845824574
0.0010530111835725829
0.0010505109365913296
0.0010480034233607291
0.0010454888204293332
0.001042967300980209
0.0010404390346166967
0.001037904187121601
0.0010353629201844715
0.0010328153910903932
0.0010302617523620908
0.0010277021513449593
0.0010251367297218917
0.0010225656229409217
0.0010199889595336425
0.0010174068602952508
0.001014819437287218
0.0010122267926095554
0.001009629016869057
0.0010070261872396396
0.001004418364964254
0.0010018055920749118
0.0009991878869885457
0.0009965652384353232
0.0009939375968195153
0.0009913048614435718
0.0009886668603437375
0.0009860233164762577
0.0009833737925157016
0.0009807175665695754
0.0009780533344619189
0.0009753781330865915
0.0009728950731270813
0.0009704077639353868
0.0009679167033542332
0.0009654222712385879
0.000962924817433218
0.0009604246734680146
0.0009579221552992486
0.0009554175645466354
0.0009529111894542679
0.0009504033057546537
0.0009478941774656002
0.0009453840576281795
0.000942873188990576
0.000940361804641941
0.0009378501285999559
0.0009353383763556097
0.000932826755378329
0.000930315465584468
0.0009278046997718799
0.0009252946440231172
0.0009227854780795754
0.0009202773756888157
0.0009177705049270103
0.0009152650284984177
0.0009127611040136019
0.0009102588842479485
0.0009077585173820136
0.0009052601472250205
0.0009027639134227846
0.0009002699516512155
0.0008977783937965066
