-152.3789825795733
76.9974987272545
88.04880555940923
98.41215087028817
108.10706043252094
117.18597192855789
125.70268456007123
133.70647161631243
141.24146588806647
148.34706993932656
155.05850636894428
161.40733201440452
167.42188862350056
173.12769258495294
178.54777140873452
183.70295462072016
188.61212578521275
193.29244136762094
197.759521264594
202.02761507707538
206.1097475696236
210.01784622951772
213.76285339519833
217.35482505143804
220.8030180762553
224.11596746207314
227.30155481262295
230.36706923067257
233.31926155411864
236.16439276460284
238.90827727954607
241.55632174225462
244.11355984262934
246.58468363092956
248.9740717270138
251.2858147759799
253.52373845685185
255.69142431281958
257.7922286386026
259.8292996319889
261.8055929919187
263.7238861240092
265.586791095728
267.3967664671547
269.1561281090047
270.8670591071688
272.53161884206634
274.15175132153325
275.72929283750835
277.2659790093666
278.7634512701326
280.2232628460491
281.64688427478364
283.0357085030292
284.3910556001707
285.714177121103
287.00626014805636
288.26843103843134
289.50175890307275
290.7072588371174
291.885894923513
293.0385830274518
294.1661933982969
295.26955309413034
296.3494482426532
297.4066261510364
298.441797276149
299.4556370656839
300.4487876797421
301.42185960169945
302.3754331463855
303.31005987298056
304.22626390943196
305.12454319462574
306.00537064407155
306.86919524438775
307.71644308148626
308.54751830694124
309.3628040467218
310.1626632561277
310.94743952448414
311.7174578329003
312.4730252681346
313.21443169540413
313.94195039277776
314.6558386495676
315.3563383310202
316.0436764114048
316.7180654774653
317.37970420407436
318.02877780380487
318.6654584520033
319.28990568886843
319.9022667999286
320.50267717621534
321.0912606553705
321.6681298448155
322.23338642808125
322.78712145528203
323.3294156186995
323.8603395143759
324.3799538905267
324.88830988359655
325.3854492426903
325.8714045430756
326.346199389434
326.8098486094821
327.26235843855807
327.7037266957344
328.1339429519834
328.55298869091285
328.96083746252725
329.3574550304968
329.7427995133287
330.11682151987657
330.47946427956293
330.8306637676742
331.1703488260953
331.4984412797966
331.8148560493909
332.1195012600684
332.4122783471696
332.69308215869523
332.9618010549611
333.21831700568305
333.46250568467724
333.6942365624189
333.9133729966222
334.11977232107074
334.31328593283087
334.49375937803035
334.6610324363503
334.814939204362
334.95530817783634
335.0819623331374
335.1947192078081
335.293390980435
335.37778454987415
335.4477016138989
335.5029387473529
335.543287479822
335.5685343728954
335.57846109701757
335.57284450797823
335.5514567230229
335.51406519660424
335.46043279576213
335.39031787512835
335.30347435150816
335.1996517780616
335.07859541801463
334.94004631788863
334.7837413802077
334.6094134356597
334.41679131466907
334.205599918359
333.9755602888732
333.7263896790536
333.45780162145485
333.16950599670577
332.8612091012482
332.5326137144778
332.18341916536
331.8133213986126
331.4220130405425
331.00918346472173
330.5745188576619
330.1177022847189
329.63841375650884
329.13633029614846
328.6111260076905
328.062472146228
327.4900371901236
326.8934869159939
326.2724844770623
325.62669048565095
324.9557631006171
324.2593581206827
323.53712908467134
322.78872737977974
322.01380235914297
321.21200147006283
320.38297039436856
319.52635320256206
318.641792523461
317.7289297312752
316.7874051521124
315.8168582921234
314.81692808958223
313.7872531934096
312.7274722707308
311.6372243462663
310.51613434649994
309.36389016999067
308.18008159575794
306.96437703893423
305.7164204292366
304.4358622491617
303.1223568521106
301.7755631851864
-152.3789825795733
76.9974987272545
88.04880555940923
98.41215087028817
108.10706043252094
117.18597192855789
125.70268456007123
133.70647161631243
141.24146588806647
148.34706993932656
155.05850636894428
161.40733201440452
167.42188862350056
173.12769258495294
178.54777140873452
183.70295462072016
188.61212578521275
193.29244136762094
197.759521264594
202.02761507707538
206.1097475696236
210.01784622951772
213.76285339519833
217.35482505143804
220.8030180762553
224.11596746207314
227.30155481262295
230.36706923067257
233.31926155411864
236.16439276460284
238.90827727954607
241.55632174225462
244.11355984262934
246.58468363092956
248.9740717270138
251.2858147759799
253.52373845685185
255.69142431281958
257.7922286386026
259.8292996319889
261.8055929919187
263.7238861240092
265.586791095728
267.3967664671547
269.1561281090047
270.8670591071688
272.53161884206634
274.15175132153325
275.72929283750835
277.2659790093666
278.7634512701326
280.2232628460491
281.64688427478364
283.0357085030292
284.3910556001707
285.714177121103
287.00626014805636
288.26843103843134
289.50175890307275
290.7072588371174
291.885894923513
293.0385830274518
294.1661933982969
295.26955309413034
296.3494482426532
297.4066261510364
298.441797276149
299.4556370656839
300.4487876797421
301.42185960169945
302.3754331463855
303.31005987298056
304.22626390943196
305.12454319462574
306.00537064407155
306.86919524438775
307.71644308148626
308.54751830694124
309.3628040467218
310.1626632561277
310.94743952448414
311.7174578329003
312.4730252681346
313.21443169540413
313.94195039277776
314.6558386495676
315.3563383310202
316.0436764114048
316.7180654774653
317.37970420407436
318.02877780380487
318.6654584520033
319.28990568886843
319.9022667999286
320.50267717621534
321.0912606553705
321.6681298448155
322.23338642808125
322.78712145528203
323.3294156186995
323.8603395143759
324.3799538905267
324.88830988359655
325.3854492426903
325.8714045430756
326.346199389434
326.8098486094821
327.26235843855807
327.7037266957344
328.1339429519834
328.55298869091285
328.96083746252725
329.3574550304968
329.7427995133287
330.11682151987657
330.47946427956293
330.8306637676742
331.1703488260953
331.4984412797966
331.8148560493909
332.1195012600684
332.4122783471696
332.69308215869523
332.9618010549611
333.21831700568305
333.46250568467724
333.6942365624189
333.9133729966222
334.11977232107074
334.31328593283087
334.49375937803035
334.6610324363503
334.814939204362
334.95530817783634
335.0819623331374
335.1947192078081
335.293390980435
335.37778454987415
335.4477016138989
335.5029387473529
335.543287479822
335.5685343728954
335.57846109701757
335.57284450797823
335.5514567230229
335.51406519660424
335.46043279576213
335.39031787512835
335.30347435150816
335.1996517780616
335.07859541801463
334.94004631788863
334.7837413802077
334.6094134356597
334.41679131466907
334.205599918359
333.9755602888732
333.7263896790536
333.45780162145485
333.16950599670577
332.8612091012482
332.5326137144778
332.18341916536
331.8133213986126
331.4220130405425
331.00918346472173
330.5745188576619
330.1177022847189
329.63841375650884
329.13633029614846
328.6111260076905
328.062472146228
327.4900371901236
326.8934869159939
326.2724844770623
325.62669048565095
324.9557631006171
324.2593581206827
323.53712908467134
322.78872737977974
322.01380235914297
321.21200147006283
320.38297039436856
319.52635320256206
318.641792523461
317.7289297312752
316.7874051521124
315.8168582921234
314.81692808958223
313.7872531934096
312.7274722707308
311.6372243462663
310.51613434649994
309.36389016999067
308.18008159575794
306.96437703893423
305.7164204292366
304.4358622491617
303.1223568521106
301.7755631851864
