247.60256
232.61405290818243
233.23262991557317
233.91528868320447
234.6536766083929
235.44177412722203
236.27481736648582
237.14880772365964
238.06027453711212
239.00614858601412
239.98368584842032
240.99041554819445
242.02410117130458
243.08270934236646
244.1643840990787
245.26742524700657
246.39026998943518
247.53147727212925
248.6897144138356
249.86374567398053
251.05242246581142
252.2546749673137
253.46950491842952
254.69597942362196
255.9332256049091
257.1804259727815
258.43681440168365
259.70167259314894
260.9743270699649
262.2541463015452
263.5405383603935
264.8329486984774
266.1308581519093
267.43378111187417
268.7412638320605
270.0528828480575
271.36824348863536
272.6869784626733
274.0087465088427
275.3332310979348
276.6601391801598
277.9891999717221
279.32016377666383
280.652800841318
281.98690023982977
283.3222687900359
284.6587299996767
285.996123043372
287.33430177112126
288.6731337492804
290.01249933506773
291.35229078563134
292.69241140265814
294.03277471337276
295.37330368861274
296.71392999847984
298.0545933058499
299.3952405978241
300.7358255549797
302.0763079580663
303.4166531316008
304.7568314236425
306.0968177208293
307.43659099765017
308.77613389877314
310.1154323531485
311.45447521853345
312.7932539549952
314.1317623259251
315.469996125051
316.8079529279309
318.14563186640675
319.483033424515
320.82015925437685
322.15701201062654
323.49359520198027
324.82991305859997
326.16597041396824
327.5017726000393
328.8373253545114
330.1726347391217
331.5077070679314
332.8425488446426
334.17716670805083
335.5115673848032
336.845757648693
338.1797442857902
339.5135340647592
340.8471337117727
342.1805498894884
343.5137891795964
344.84685806850393
346.179762935754
347.5125100448283
348.84510553601234
350.17755542104163
351.5098655792739
352.842041755168
354.1740895568684
355.5060144557254
356.83782178659624
358.1695167487978
359.50110440759164
360.8325895858567
362.16397742216
363.49527225169396
364.82647874172125
366.157601321875
367.4886443032098
368.8196118812397
370.1505081390734
371.4813370505621
372.8121024834398
374.14280820243704
375.4734578723555
376.8040550610885
378.1346032425825
379.465105799732
380.79556602719816
382.1259871341555
383.4563722469567
384.78672441172114
386.1170465968399
387.44734169540396
388.777612527551
390.1078618427358
391.4380923219252
392.7683065797147
394.0985071663773
395.4286965698394
396.7588772175892
398.0890514785172
399.41922166469567
400.7493900330956
402.07955878724306
403.40973007882
404.73990600920825
406.0700886309827
407.40027994934974
408.73048192354196
410.0606964681585
411.3909254544669
412.72117071165474
414.0514340280428
415.38171715225656
416.7120217943581
418.04234962693914
419.3727022861786
420.7030813728651
422.0334884533845
423.36392506067523
424.69439269515
426.0248928255894
427.35542689000556
428.6859962964721
430.01660242393444
431.3472466229866
432.67793021662374
434.0086545009718
435.33942074598855
436.67023019614436
438.00108407107837
439.3319835662327
440.66292985346377
441.99392408163544
443.324967377189
444.6560608446952
445.9872055673855
447.31840260766535
448.64965300760963
449.9809577894426
451.312317955993
452.6437344911437
453.97520836025546
455.3067405105816
456.6383318716625
457.96998335570845
459.3016958579663
460.6334702570766
461.96530741540585
463.297208179381
464.62917337979763
465.9612038321238
467.2933003367862
468.6254636794509
469.9576946312846
471.28999394921334
472.6223623761599
473.9548006412834
475.28730946019584
476.619889535179
477.9525415553846
479.2852661970266
480.6180641235709
481.9509359859026
483.28388242249844
484.6169040595832
485.9500015112802
487.2831753797521
488.6164262553375
