0.0049192
0.0021659367308350976
0.002166073405875953
0.002166214241909736
0.002166356316616605
0.0021664993052103185
0.0021666432180087623
0.0021667881215260694
0.0021669341073264335
0.002167081288458583
0.0021672297989862267
0.00216737979389138
0.0021675314490478314
0.002167684961230871
0.0021678405481584135
0.002167998448561965
0.0021681589222861033
0.0021683222504172636
0.0021684887354390227
0.0021686587014139503
0.0021688324941912893
0.0021690104816393246
0.002169193053901605
0.0021693806236760703
0.0021695736265165775
0.0021697725211555696
0.002169977789846499
0.0021701899387265517
0.002170409498196714
0.0021706370233197853
0.0021708730942338983
0.002171118316581918
0.002171373321953866
0.0021716387683421564
0.002171915340608611
0.0021722037509602646
0.002172504739434677
0.0021728190743911645
0.002173147553007424
0.0021734910017798936
0.0021738502770251955
0.002174226265381211
0.0021746198843060603
0.00217503208257149
0.0021754638407504964
0.002175916171694102
0.0021763901209968764
0.002176886767447536
0.0021774072234618485
0.002177952635494246
0.0021785241844264978
0.0021791230859280033
0.002179750590786732
0.002180407985203956
0.0021810965910526252
0.002181817766091951
0.002182572904136179
0.0021833634351731933
0.002184190825426605
0.002185056577359363
0.002185962229611554
0.0021869093568694193
0.002187899569659511
0.0021889345140623075
0.002190015871341645
0.002191145357482829
0.002192324722634488
0.0021935557504491644
0.0021948402573158748
0.002196180091480081
0.0021975771320440047
0.0021990332878434582
0.0022005504961934517
0.002202130721498535
0.0022037759537222638
0.0022054882067092892
0.0022072695163561076
0.0022091219386255892
0.0022110475473995535
0.0022130484321663826
0.002215126695538698
0.002217284450598194
0.002219523818064321
0.002221846923283872
0.0022242558930409737
0.002226752852183465
0.0022293399200688153
0.0022320192068258277
0.002234792809436135
0.0022376628076361663
0.002240631259641607
0.002243700197700349
0.0022468716234776663
0.0022501475032783236
0.0022535297631158815
0.0022570202836358403
0.002260620894902789
0.002264333371061727
0.002268159424889303
0.0022721007022441244
0.0022761587764366033
0.002280335142530058
0.0022846312115957406
0.0022890483049386955
0.0022935876483161205
0.0022982503661704515
0.0023030374759023795
0.002307949882205545
0.0023129883714935427
0.002318153606441003
0.002323446120673209
0.0023288663136272546
0.00233441444561912
0.0023400906331436347
0.0023458948444421836
0.002351826895363288
0.0023578864455526187
0.0023640729949994223
0.002370385880971182
0.0023768242753649626
0.0023833871202014515
0.002390073375163627
0.002396881642397232
0.0024038104151434684
0.0024108580152336625
0.0024180225934865543
0.002425302130685001
0.0024326944391477832
0.002440197164906131
0.0024478077904900304
0.0024555236383324327
0.002463341874788653
0.0024712595147656667
0.002479273426958571
0.002487380339675898
0.0025213327645374132
0.0026376473640366193
0.0027476586054503635
0.0028519750813365444
0.002951133145578122
0.003045605742117938
0.003135810346398945
0.003222116086581729
0.0033048500214636297
0.0033843026134481955
0.0034607324692483518
0.0035343704326026896
0.00360542311278957
0.0036740759265530224
0.0037404957226621124
0.003804833049486633
0.0038672241175924157
0.003927792501765329
0.0039866506202565506
0.004043901023311586
0.004099637518195063
0.00415394615381377
0.004206906084576104
0.004258590330240192
0.004309066446059434
0.004358397115510677
0.0044066406761794725
0.004453851587974996
0.0045000808516377794
0.004545376384550631
0.004589783360034089
0.004633344515653232
0.004676100435562121
0.004718089811462314
0.004770235849841383
0.004824557791927983
0.004878332537045177
0.004931589653138288
0.0049843543247745795
0.005036656506172335
0.0050885260556414085
0.005139994293591467
0.005191094397925246
0.005241861863838451
0.005292335046034343
0.005342555807054467
0.005392570302346135
0.005442429941978251
0.005492192581856923
0.005541924015031814
0.0055916998586918775
0.005641607968003787
0.005691751559026947
0.00574225329792068
0.005793260725207834
0.005844953553152009
0.0058975536369319575
0.005951338837048874
0.0060066626699864425
0.006063982786201957
0.006123903301083391
0.006187239601880835
0.006255121080702016
0.006329160945569137
0.006411751693326686
