0.000978727283930346
0.0010138793482891528
0.0010206740322951182
0.0010179147460326584
0.0010104578991584768
0.000999917149176082
0.0009870571444669824
0.000972358603168133
0.00095617070626927
0.0009387645761249959
0.0009203593710610587
0.0009011377489761283
0.0008812559201271011
0.0008608503993402448
0.0008400425926556043
0.0008189419252960699
0.0007976479783054361
0.0007762519499856112
0.0007548376580140717
0.0007334822303344527
0.0007122565866748707
0.000691225780878417
0.0006704492524925881
0.0006499810211251786
0.0006298698467932329
