14.166
37.740541398727615
37.69662291618896
37.69257752324357
37.705112356954814
37.7304926195202
37.763765777183714
37.801962759642834
37.843080553012285
37.88575891842296
37.92907159540862
37.97238921016152
38.015287760578644
38.057486557049536
38.098805524528856
38.13913545868262
38.17841706409374
38.21662610143795
38.253762715182816
38.28984378930551
38.3248974147408
38.358958904871805
38.39206789559153
38.42426630232182
38.45559680387546
38.486101833330274
38.51582282253556
38.544799741603796
38.57307078010683
38.600672134946784
38.62763796769127
38.65400033779583
38.679789236424085
38.705032657570236
38.729756650257116
38.753985429632586
38.77774148043106
38.80104566482924
38.82391730500559
38.84637432511435
38.868433326316556
38.89010969480979
38.91141771691182
38.93237062223875
38.95298073189958
38.97325945498626
38.99321744672935
39.01286462468536
39.03221023773459
39.051262941749876
39.07003083850004
39.08852153467017
39.106742175009416
39.12469949277737
39.14239986015412
39.159849305430164
39.17705353536825
39.194017994813755
39.21074787819725
39.22724814053748
39.243523557051
39.259578697442805
39.27541797547458
39.291045671786364
39.3064659098245
39.32168271374064
39.33669999304158
39.35152158679634
39.3661512166642
39.380592560377195
39.39484921998035
39.40892474766638
39.42282263051426
39.436546344041155
39.45009930649315
39.463484896848456
39.47670650230963
39.489767461819625
39.50267110878654
39.51542075013882
39.528019700463915
39.5404712602406
39.55277873317822
39.564945400058036
39.57697456139773
39.588869526916135
39.60063359297046
39.612270069511766
39.62378227976767
39.6351735394392
39.64644720067652
39.65760659421585
39.66865510922533
39.67959610802369
39.69043298546914
39.70116914070829
39.7118080054752
39.72235301752542
39.73280763436865
39.743175329654406
39.75345961030897
39.76366397822636
39.77379196142877
39.78384713240401
39.793833049285034
39.803753324727964
39.81361155951042
39.82341140288816
39.83315651829184
39.842850584196455
39.85249731224295
39.86210043891154
39.871663705795285
39.88119091369452
39.89068584182468
39.90015234442263
39.90959425745154
39.91901546416923
39.92841988161828
39.93781143276179
39.94719408755002
39.95657180950171
39.965948641344696
39.975328606870086
39.9847157689285
39.99411424415034
40.00352813390576
40.01296161955615
40.02241887576302
40.03190411326539
40.04142156621307
40.05097552307736
40.06057028621299
45.931108341043235
45.84971682705687
45.77048243164127
45.69335661737983
45.618297896570986
45.54526924086048
45.474236324277534
45.40516648638116
45.33802813813765
45.27279028148138
45.2094223831223
45.14789416132076
45.088175530649885
45.030236610829974
44.97404766405293
44.91957914625094
44.86680167733877
44.81568612972679
44.76620357264071
44.71832535115439
44.672023106885106
44.627268762034205
44.584034567795236
44.542293125760104
44.50201739853973
44.46318073513701
44.42575684538671
44.38971988934457
44.35504441696058
44.32170537872656
44.28967822219293
44.2589387739789
44.229463337559764
44.20122864382837
44.17421190137177
44.14839075361678
44.123743304915365
44.100248123817956
44.077884213632174
44.05663102341349
44.03646851969817
44.01737703365407
43.99933737873309
43.98233082328018
43.9663390582557
43.95134420500808
43.937328845557666
43.924275968407265
43.91216897556198
43.900888045887335
43.89062414188854
43.88125892362608
43.87288317097506
43.86527178299312
43.85851569299808
43.852601326435895
43.84751552473086
43.84324563871079
43.8397794989063
43.837105508366704
43.83521265401828
43.83409066154702
43.83373008782744
43.83412255024933
43.835261041678116
43.83714048640507
43.83975861958191
