5831248.5698688
5087776.469413958
5085218.706084971
5082671.906803433
5080128.495011316
5077586.594718216
5075045.018099078
5072502.698442223
5069958.625877091
5067411.838779413
5064861.4214055985
5062306.502290269
5059746.252800935
5057179.885780783
5054606.654269392
5052025.850298216
5049436.803758057
5046838.881336243
5044231.485520954
5041614.053670577
5038986.057145647
5036347.000501305
5033696.420738037
5031033.886608573
5028358.997978952
5025671.385241635
5022970.708778724
5020256.658473299
5017528.953266942
5014787.340761517
5012031.5968633285
5009261.525467764
5006476.958182535
5003677.754087676
5000863.799530399
4998035.00795296
4995191.319751649
4992332.702165004
4989459.149189375
4986570.681519848
4983667.3465146795
4980749.2181811435
4977816.397180892
4974869.010852714
4971907.213250627
4968931.185195185
4965941.134335857
4962937.295222174
4959919.92938152
4956889.3254011
4953845.799011802
4950789.693171577
4947721.378145695
4944641.251581587
4941549.738575408
4938447.291727968
4935334.391187133
4932211.544674117
4929079.287490716
4925938.182504901
4922788.820111632
4919631.818166342
4916467.821887876
4913297.503728085
4910121.56320555
4906940.726698872
4903755.747200339
4900567.404021578
4897376.502453688
4894183.873375655
4890990.372809735
4887796.881420719
4884604.303956626
4881413.568628395
4878225.626426176
4875041.450370157
4871862.034693859
4868688.393958091
4865521.56209404
4862362.591374041
4859212.551308967
4856072.527471396
4852943.620244009
4849826.943492967
4846723.623166423
4843634.79581861
4840561.607060359
4837505.209937282
4834466.7632373
4831447.429729565
4828448.374337337
4825470.762247791
4822515.756962193
4819584.518290375
4816678.200293915
4813797.949182894
4810944.901171625
4808120.180299106
4805324.896220606
4802560.141977068
4799826.991749541
4797126.49860627
4794459.692250432
4791827.576776919
4789231.128446833
4786671.293488748
4784148.9859359525
4781665.085509144
4779220.435554215
4776815.841044832
4774452.06665955
4772129.834943251
4769849.8245625105
4767612.668664462
4765418.953348334
4763269.216258752
4761163.9453093065
4759103.741438374
4757088.661998295
4755119.203310378
4753195.644480309
4751318.210720798
4749487.073007747
4747702.347909956
4745964.0975956945
4744272.33001814
4742626.99928074
4741028.006182391
4739475.1989412755
4737968.374095089
4736507.277574253
4735091.60594361
4733721.007806925
4732395.0853675585
4731113.396137444
4716276.620053657
4702460.54004132
4688954.191935852
4675753.1136409715
4662851.761216144
4650244.210307743
4637924.19539567
4625885.152743062
4614120.289586749
4602622.66194974
4591385.24969273
4580401.02342725
4569663.001351526
4559164.295863351
4548898.150673114
4538857.969504306
4529037.337566203
4519430.036944306
4510030.056953333
4500831.600373072
4491829.086360938
4483017.150716933
4474390.644070397
4465944.628466083
4457674.372747912
4449575.347072663
4441643.21682964
4433873.836197276
4426263.241528763
4418807.6447296105
4411503.426764545
4404611.287618249
4398198.017913263
4391940.628302333
4385835.36190169
4379878.607946837
4374067.03417733
4368397.495666392
4362867.046600622
4357472.947550039
4352212.669498569
4347083.900471125
4342084.555276028
4337212.789026335
4332467.015298361
4327845.930042698
4323348.542712128
4318974.216543257
4314722.720579025
4310594.296922871
4306589.747983763
4302710.550282939
4298959.004007846
4295338.431345121
4291853.442369468
4288510.2960250005
4285317.397370112
4282285.993994957
4279431.170117948
4276773.2969497
4274340.202893947
4272170.518084341
4270319.011641481
4268865.473284177
4267930.271549442
