0.00043855243652125744
0.0004421345813549423
0.00044614925513210084
0.00044993773015941565
0.00045350956491118494
0.0004568817978588313
0.0004600701012345782
0.00046308964015953044
0.0004659547974041425
0.000468679038282909
0.00047127486129912896
0.0004737538003154663
0.00047612645639270976
0.000478402546085065
0.00048059095772586425
0.0004826998107679506
0.0004847365148068106
0.0004867078267788638
0.0004886199049743776
0.0004904783596444219
0.0004922882998515389
0.000494054376566072
0.0004957808221612733
0.0004974714865565646
0.0004991298701570696
0.0005007591538063658
0.000502362226082434
0.0005039417080762461
0.0005054999759882189
0.00050703918160348
0.0005085612709986078
0.0005100680014750985
0.0005115609570426783
0.0005130415624788389
0.0005145110961942704
0.0005159707019815046
0.0005174213996930976
0.0005188640950295915
0.0005202995885060475
0.0005217285837125574
0.0005231516947933196
0.0005245694534057316
0.0005259823150533064
0.0005273906649667662
0.0005287948235136339
0.0005301950511634088
0.000531591553114902
0.0005329844835558495
0.0005343739496015594
0.0005357600150008053
0.000537142703508134
0.0005385220020683625
0.0005398978637672385
0.0005412702105876086
0.0005426389359890377
0.0005440039073128056
0.0005453649680394272
0.0005467219398770741
0.0005480746247770521
0.0005494228067802517
0.0005507662537796802
0.0005521047191612539
0.0005534379433623645
0.0005547656553444222
0.0005560875739670145
0.0005574034093037566
0.0005587128638746281
0.000560015633824424
0.0005613114100069546
0.00056259987907213
0.0005638807244238204
0.0005651536271725272
0.0005664182670280693
0.000567674323125427
0.0005689214748391403
0.0005701594025633558
0.0005713877883658628
0.0005726063167453265
0.0005738146751920815
0.0005750125548527864
0.0005761996510873401
0.0005773756639876266
0.0005785402989113322
0.0005796932669464152
0.000580834285367068
0.0005819630780493462
0.0005830793758842514
0.0005841829171250594
0.0005852734477403542
0.0005863507217279628
0.0005874145014183869
0.0005884645577375093
0.0005895006704706324
0.0005905226284793389
0.0005915302299147777
0.0005925232824025652
0.0005935016032155124
0.00059446501941989
0.0005954133680068833
0.0005963464960051578
0.0005972642605803876
0.0005981665291142157
0.0005990531792498652
0.0005999240989648997
0.000600779186587883
0.0006016183508244743
0.0006024415107526786
0.0006032485958195621
0.0006040395458160917
0.0006048143108401255
0.0006055728512511576
0.000606315137611705
0.000607041150613227
0.000607750881003312
0.0006084443294851839
0.0006091215066233609
0.0006097824327405659
0.0006104271377889929
0.0006110556612311382
0.000611668051902131
0.00061226436787266
0.0006128446762951624
0.0006134090532591839
0.0006139575836227723
0.000614490360848949
0.0006150074868394078
0.0006155090717514185
0.0006159952338266242
0.0006164660992011771
0.0006169218017193982
0.000617362482742227
0.0006177882909574932
0.0006181993821812177
0.000617809499033707
0.0006173818080755797
0.0006169206252511592
0.0006164299447497572
0.0006159134564814279
0.0006153745643066857
0.0006148164042832021
0.0006142418625132063
0.0006136535923460775
0.0006130540307788178
0.0006124454140076272
0.0006118297920782957
0.0006112090426642571
0.000610584883960653
0.0006099588867468257
0.0006093324856462381
0.000608706989617438
0.0006080835917279236
0.0006074633782375481
0.0006068473370450266
0.0006062363655310607
0.00060563127783318
0.0006050328115945378
0.0006044416342188967
0.000603858348663843
0.0006032834988046709
0.0006027175743944876
0.0006021610156567438
0.0006016142175249035
0.0006010775335593964
0.0006005512795697624
0.000600035736949305
0.0005995311557563571
0.0005990377575512472
0.0005985557380124311
0.000598085269342607
0.0005976265024837589
0.0005971795691539005
0.0005967445837169874
0.0005963216449017737
0.0005959108373761779
0.0005955122331922059
0.000595125893108792
0.0005947518678024168
0.0005943901989723636
0.0005940409203503178
0.0005937040586220967
0.0005933796342653588
0.0005930676623118075
0.0005927681551152185
0.0005924811166598841
0.0005922065495432932
0.0005919444515302063
0.0005916948214731376
0.0005914576541754657
0.0005912329426463017
0.0005910206784320665
0.0005908208519129587
0.0005906334525644561
0.000590458469188538
0.0005902958901152907
0.000590145703378797
0.0005900078968675513
0.0005898824584519163
0.000589769376089417
0.0005896686379089709
0.0005895802322734152
