14.633627938131937
14.590696239154413
14.547158359054698
14.503160762142592
14.458847950117477
14.41436021004558
14.369832679747242
14.325394707772574
14.281169346638116
14.237272952583492
14.193814885036002
14.150897300239334
14.108615032131361
14.067055552220115
14.026298999327963
13.986418269674365
13.947479157788322
13.909540539102585
13.872654585697148
13.836867007448465
13.802217311730002
13.768739075737992
13.73646022643471
13.705403323974382
13.67558584527857
13.647020465144283
13.619715332891442
13.593674343086317
13.5688973993172
13.54538067035486
13.523116838311365
13.502095338625692
13.482302591863222
13.463722227426935
13.446335299350617
13.43012049438514
13.415054332606083
13.401111360769654
13.388264338629796
13.376484418406571
13.365741317568224
13.356003485059427
13.347238261078502
13.339412030478645
13.332490369843692
13.326438188268519
13.321219861858355
13.316799361950515
13.313140377055989
13.31020642851722
13.30796097988152
13.306367539996689
13.305389759846118
13.304991523153856
13.305137030806003
13.305790879151957
13.306918134545825
13.308484391445019
13.310455843848775
13.312799333840905
13.315482402199294
13.318473332348217
13.321741189145879
13.325255852706631
13.328988047469144
13.332909366731055
13.336992292877941
13.34121021354001
13.345537433913059
13.349949185482062
13.354421631385424
13.358931868655986
13.363457926207012
13.367978765656389
13.372474271392143
13.376925244006951
13.381313390305868
13.385621311494365
13.389832489739524
13.393931273275758
13.397902860248
13.401733281423175
13.405409381942967
13.408918802249422
13.412249958315615
13.415392021302328
13.418334896752311
13.421069203424453
13.423586251861515
13.42587802277646
13.427937145334653
13.429756875401315
13.431331073816745
13.432654184754771
13.433721214213932
13.434527708684751
13.435069734031206
13.435343854619425
13.435347112722003
13.43507700822215
13.43453147863805
13.433708879484195
13.43260796498347
13.431227869140788
13.42956808718659
13.427628457396278
13.425409143289563
13.42291061621214
13.420133638300358
13.41707924582841
13.413748732936352
13.410143635736402
13.406265716794099
13.40211694998038
13.397699505690085
13.393015736422017
13.388068164310717
13.38285946255129
13.377392446977291
13.371670061358675
13.365695364712172
13.359471518942014
13.35300175528244
13.346289428009767
13.339337936707544
13.332150737653073
13.324731333017247
13.31708326039736
13.309210082654074
13.30111537804965
13.2928027306854
13.284275721236764
13.275537917984815
13.266592889825214
13.257444132001421
13.248095124808364
13.23854930320307
13.228810049335333
13.218880685352689
13.20876446650336
13.198464574538246
13.187984111413217
13.177326093293326
13.166493444860519
13.155488993926536
13.144315466352705
13.132975481278258
13.121471546658755
13.109806055116039
13.09798128010102
13.085999372370365
13.073862356777882
13.061572129381124
13.04913045486345
13.036538964271331
13.023799153066314
13.010912379490692
12.997879863245373
12.984702684477972
12.971381783078732
12.957917958281179
12.944311868564055
12.930564031850372
12.916674825998955
12.902644489583233
12.888473122951469
12.87416068956207
12.859707017587079
12.845111801776362
12.830374605574487
12.815494863481845
12.80047188365099
12.785304850708759
12.769992828794319
12.754534764802845
12.738929491824214
12.72317573276663
12.707272104148537
12.691217120060902
12.67500919626989
12.658646654461883
12.642127726613205
12.625450559473476
12.608613219150412
12.591613695783925
12.574449908297513
12.557119709214838
12.53962088952965
12.52195118361735
12.504108274176605
12.486089797189752
12.467893346890904
12.449516480731054
12.430956724329688
12.412211576402822
12.39327851365775
12.374154995645124
12.354838469559489
12.335326374979621
12.315616148540748
