4406713.7049
3997772.8279081145
3966626.058059612
3936377.7530453764
3907067.8797572246
3878728.458999514
3851384.5850681625
3825054.440999098
3799749.26936502
3775473.4573558643
3752224.7548897583
3729994.6164550697
3708768.6494850656
3688527.1486800206
3669245.694164998
3650895.7911821846
3633445.529937931
3616860.246034826
3601103.1643766835
3586136.012295635
3571919.5906881085
3558414.2949650586
3545580.580466114
3533379.3695459133
3521772.3997429
3510722.5142541365
3500193.897359905
3490152.25849002
3480564.969334498
3471401.158819869
3462631.7709473944
3454229.5904700262
3446169.2412165096
3438427.1615952523
3430981.56146259
3423812.3641496096
3416901.137032173
3410231.013618454
3403786.609730851
3397553.9359836895
3391520.308410648
3385674.2587806676
3380005.4458582234
3374504.568614361
3369163.2821771386
3363974.1171219987
3358930.402542176
3354026.193203618
3349256.2009755494
3344615.7306341915
3340100.62006052
3335707.184791429
3331432.166834685
3327272.687620055
3323226.204930124
3319290.4736330924
3315463.510025134
3311743.58320028
3308129.088746518
3304618.6724321754
3301211.1049205214
3297905.286789822
3294700.2304009916
3291595.0437762267
3288588.916475421
3285681.107298531
3282870.9336456903
3280157.762376149
3277541.002015558
3275020.096173537
3272594.5180356014
3270263.765812557
3268027.3590305345
3265884.867677962
3263835.7856160994
3261879.7088581612
3260016.218435012
3258244.907391217
3256565.3802072154
3254977.2524934234
3253480.150901574
3252073.713210597
3250757.588528349
3249531.4375974843
3248394.933146932
3247347.7602750794
3246389.6168349036
3245520.213802115
3244739.2755968976
3244046.5403783238
3243441.7602427
3242924.7013721485
3242495.1440922776
3242152.8828443713
3241897.726066507
3241729.4959812528
3241648.0282887816
3241653.171765547
3241744.7877696035
3241922.74965451
3242186.9420945845
3242537.260324757
3242973.6092989324
3243495.902771066
3244104.0623035613
3244798.016207843
3245577.6984221395
3246443.0473316913
3247394.004536588
3248430.51357267
3249552.5185907106
3250759.9629993117
3252052.788076711
3253430.931556778
3254894.3261943487
3256442.898314926
3258076.566353761
3259795.2393891807
3261598.815652264
3263487.1811233386
3265460.2080406826
3267517.753439365
3269659.6577375904
3271885.743334657
3274195.777646319
3276589.6145101567
3279066.97836618
3281627.6057012742
3284271.208740282
3286997.4739750572
3289806.0609782073
3292696.601302686
3295668.6974411407
3298721.921843949
3301855.852834456
3305069.9260957832
3308363.655504777
3311736.4852049206
3315187.8249922474
3318717.0500595346
3322323.500546074
3326006.481126733
3329765.2606761134
3333599.0720144375
3337507.1117373463
3341488.54013101
3345542.4811735703
3349668.0226237336
3353864.216197034
3358130.07783006
3362464.5880326326
3366866.692327663
3371335.30177812
3375869.29360027
3380467.511861998
3385128.768264802
3389851.843007671
3394635.485730826
3399478.4165369677
3404379.3270873986
3409336.8817701116
3414349.7189366617
3419416.4522043653
3424535.671820145
3429705.9460820747
3434925.8228145135
3440193.830892449
3445508.4818105693
3450868.271292377
3456271.680934534
3461717.179881536
3467203.2265257034
3472728.270227452
3478290.7530507217
3483889.1115084942
3489521.778313265
3495187.1841274975
3500883.759380563
3506609.93564596
3512364.148079514
3518133.551424766
3523949.2129396377
3529778.2600908824
3535629.1453598137
3541500.3429601267
3547390.3416383625
3553297.6447656984
3559220.771581216
3565158.258565504
3571108.660788791
3577070.55320818
3583042.531908404
3589023.2152837026
3595011.2451591315
3601005.2878499436
3607004.03515795
3613006.2053040424
3619010.543796282
3625015.824233182
3631020.849042145
