11.6633
10.012744588777792
10.043814472975157
10.08111984047423
10.12197603007519
10.164800106686318
10.208642613969719
10.252931798275904
10.29732122802046
10.341598878626584
10.385632868313346
10.429339060174911
10.472661712878379
10.515561918128919
10.558010683962715
10.599984788621173
10.641464285238778
10.682430988552941
10.722867544031788
10.762756840444549
10.802081622732086
10.840824219132157
10.878966330507362
10.916488849974385
10.953371692823072
10.989593623623858
11.025132071341757
11.059962925361342
11.094060306271942
11.127396305461168
11.159940687256263
11.19166054663472
11.222519914472642
11.252479300904387
11.281495165605577
11.309519301652323
11.336498116967139
11.362371794158816
11.3870733057149
11.410527256873694
11.432648523012608
11.45334064192611
11.47249391390469
11.489983154148106
11.505665033047729
11.51937493098593
11.530923227064573
11.540090938113009
11.546624631056831
11.550230556243374
11.550568007534926
11.547241243272733
11.539794881051307
11.527702412480505
11.510363578253683
11.48710258658502
11.457175436621633
11.419792384588174
11.374165674349952
11.319596484301794
11.255617473655525
11.1822039294077
11.100049312312056
11.010860468534684
10.917563489123276
10.824252864186143
10.735735837323
10.656687894283928
10.590692971379218
10.539584164791172
10.503355255463347
10.480584337419039
10.469074242849533
10.466437643450847
10.470470258972238
10.479328493023214
10.491565518096332
10.506093404691311
10.522117679503054
10.539069842596243
10.556548924393224
10.57427512260203
10.592054842743847
10.609755154209111
10.627285501987746
10.644584787139543
10.661612319435541
10.678341519614836
10.694755552402691
10.710844306075874
10.72660230669352
10.74202727907311
10.757134196989698
10.77189659932325
10.78632913716898
10.800420294632895
10.814201834901057
10.82766581345749
10.840816306368978
10.85365763715784
10.866195448883422
10.878432319973667
10.890373615411464
10.9020240628118
10.913388385934796
10.924471299593487
10.935277505055248
10.94581168595203
10.95607850468602
10.96608259927293
10.975828580556213
10.985321029727215
10.994564496097524
11.003563495078767
11.01232250633539
11.020845972084997
11.029138295524245
11.037203839366928
11.045046924482492
11.052671828624737
11.060082785246676
11.067283982395535
11.074279561679516
11.081073617312951
11.087670195222122
11.094073292233313
11.10028685529887
11.106314780817598
11.112160913992748
11.11782904825948
11.123322924763983
11.128646231906426
11.133802604930572
11.138795625569475
11.143628821742281
11.148305667300379
11.152829581821521
11.157203930452216
11.161432023793978
11.165517117834357
11.169462413920622
11.17327105877432
11.176946144546095
11.1804907089088
11.183907735187447
11.18720015252565
11.190370836085716
11.193422607282624
11.196358234049299
11.199180431132852
11.201891860419998
11.204495131290583
11.206992800997666
11.209387375073806
11.211681307761285
11.213877002465866
11.21597681223269
11.217983040242599
11.219897940329417
11.221723717514763
11.223462528561596
11.225116482543674
11.226687641431042
11.228178020690061
11.229589589897142
11.230924273364858
11.232183950780254
11.233370457853702
11.234485586977726
11.235531087894858
11.23650866837439
11.237419994895522
11.23826669333784
11.239049979499843
11.23977228723856
11.240434598283976
