1030.89363
-639.4171851916658
-597.2492330330484
-559.9194556726641
-526.9218389047504
-497.78774667961136
-472.0917826948678
-449.450783245149
-429.52211132542544
-412.0010916387998
-396.6178682761158
-383.1340056473074
-371.3390803831843
-361.04742636054704
-352.0951253939627
-344.3372867451725
-337.64562631573426
-331.90633673097227
-327.0182285452622
-322.8911175006037
-319.4444310370015
-316.6060076448088
-314.31106422736275
-312.5013088088848
-311.12417830240963
-310.1321834389544
-309.4823452118895
-309.13567985644585
-309.05694552841805
-309.21395329390737
-309.57752329374796
-310.1211267357393
-310.82064462515365
-311.6541552331581
-312.6017458575709
-313.6453451255248
-314.7685726946712
-315.9566037297336
-317.1960459691768
-318.47482757648254
-319.7820942841246
-321.1081146068184
-322.44419212354137
-323.78258401288394
-325.11642517767416
-326.43965742188465
-327.74696324034863
-329.03370386440514
-330.29586126879246
-331.5299838958763
-332.7331358880093
-333.9028496505599
-335.0370815855112
-336.1341708522295
-337.1928010208839
-338.21196449044135
-339.1909295486425
-340.1292099514958
-341.0265369024081
-341.8828333118256
-342.69819021861053
-343.4728452530932
-344.2071630261005
-344.9016173258494
-345.5567750077705
-346.17328146600096
-346.75184757363746
-347.29323798774254
-347.79826071305865
-348.26775782687804
-348.70259726816505
-349.1036656020876
-349.4718616719964
-349.80809105978943
-350.1132612769029
-350.38827761534384
-350.63403959302155
-350.85143793015055
-351.0413520021182
-351.2046477146964
-351.34217575416284
-351.4547701690436
-351.5432472429909
-351.6084046228638
-351.6510206691372
-351.67185399961124
-351.6716431998536
-351.65110667613254
-351.6109426313925
-351.55182914346744
-351.47442433106767
-351.3793665914577
-351.2672748981633
-351.1387491463585
-350.9943705376199
-350.8347019945035
-350.66028859772405
-350.471658040673
-350.26932109461796
-350.0537720809482
-349.8254893464767
-349.5849357380179
-349.3325590745578
-349.06836817249143
-348.7940557908253
-348.5087533475175
-348.21327826370117
-347.9080098700432
-347.5933153334984
-347.2695498746962
-346.93705716539245
-346.5961697141573
-346.24720923950775
-345.89048703190406
-345.5263043030983
-345.1549525241278
-344.77671375197747
-344.39186094468425
-344.0006582657407
-343.60336137754206
-343.20021772478486
-342.7914668077075
-342.3773404453925
-341.9580630301889
-341.533851772329
-341.1049169366415
-340.67146207017345
-340.2336842220189
-339.7917741551024
-339.34591655077594
-338.8962902059863
-338.4430682231995
-337.9864181940986
-337.52650237668036
-337.0634778659466
-336.59749675904754
-336.1287063141664
-335.657249104326
-335.1832631657459
-334.7068821411484
-334.22823541800216
-333.7474482622454
-333.2646419473627
-332.77993387904746
-332.2934377159216
-331.8052634857554
-331.31551769823983
-330.82430345363275
-330.3317205481186
-329.837865575513
-329.34283202550546
-328.8467103788409
-328.34958819944393
-327.85155022326643
-327.35267844444036
-326.8530521986585
-326.35274824374625
-325.85184083760004
-325.3504018139257
-324.8485006550781
-324.3462045629666
-323.84357852753413
-323.3406853931648
-322.8375859226934
-322.3343388599104
-321.8310009896137
-321.32762719596576
-320.8242705192466
-320.3209822103069
-319.81781178381533
-319.3148070698269
-318.8120142632338
-318.30947797239764
-317.80724126582925
-317.3053457175565
-316.80383145106185
-316.3027371820884
-315.8021002597303
-315.3019567068149
-314.80234125844527
-314.3032874000267
-313.8048274035117
-313.3069923630961
-312.80981222952
-312.3133158435051
-311.8175309678503
-311.32248431928326
-310.8282015985058
-310.3347075200815
-309.8420258408596
-309.35017938806595
-308.85919008612
-308.3690789829975
-307.87986627566227
-307.3915713346944
-306.9042127283572
-306.4178082459527
-305.93237492028004
-305.4479290497662
-304.9644862196222
