40.21073336048985
40.225043211770874
40.23880818090751
40.25208250089789
40.264896545455265
40.277270186916475
40.28921846078236
40.300753976867206
40.31188795770796
40.3226306987958
40.332991785437066
40.34298020681982
40.35260442601311
40.36187243028197
40.37079177177656
40.37936960273868
40.38761270696368
40.39552752829691
40.4031201965743
40.41039655127856
40.41736216313126
40.424022353819915
40.430382214045025
40.43644662005953
40.442220248861915
40.447707592185324
40.45291296941455
40.45784053922941
40.46249431169113
40.46687815755816
40.47099581826736
40.47485091495629
40.478446956903866
40.48178734944715
40.48487540141228
40.487714332093894
40.49030727781351
40.49265729807814
40.49476738136379
40.49664045053877
40.49827936794495
40.49968694015053
40.50086592238797
40.50181902268827
40.502548905725384
40.50305819637953
40.50334948303205
40.50342532060268
40.50328823334022
40.50294071737629
40.50238524305521
40.501624257049514
40.50066018427278
40.49949542960071
40.49813237941147
40.49657340295666
40.49482085357282
40.49287706974405
40.49074437602765
40.48842508385131
40.485921492191196
40.483235888142815
40.48037054739086
40.4773277345883
40.474109703653305
40.470718697989646
40.467156950641495
40.46342668438555
40.45953011177067
40.455469435107965
40.451246846420055
40.44686452735159
40.44232464904891
40.43762937201086
40.43278084591616
40.427781209431245
40.42263259000049
40.41733710362434
40.41189685462554
40.40631393540754
40.40059042620739
40.39472839484434
40.38872989646642
40.3825969732964
40.37633165437893
40.369935955329844
40.36341187808786
40.356761410672014
40.34998652694215
40.34308918636659
40.33607133379508
40.328934899239144
40.32168179765869
40.31431392875698
40.30683317678277
40.29924141033991
40.29154048220636
40.28373222915975
40.27581847181233
40.267801014453575
40.25968164490106
40.25146213435992
40.2431442372899
40.23472969140308
40.226220217058305
40.21761751788604
40.20892328019797
40.20013917301646
40.191266847988366
40.182307939306384
40.17326406363819
40.16413682006155
40.15492779000782
40.14563853721062
40.13627060766215
40.12682552957572
40.117304813354224
40.107709951565056
40.098042418920784
40.08830367226579
40.07849515056857
40.06861827491916
40.05867444853249
40.04866505675613
40.03859146708413
40.02845502917476
40.01825707487334
40.00799891823976
39.997681855580815
39.987307165486094
39.976876108868225
39.96638992900791
39.95584985160233
39.945257084817186
39.934612819342895
39.92391822845378
39.91317446807139
39.9023826768307
39.89154397614973
39.88065947030198
39.869730246492246
39.85875737493502
39.84774190893581
39.83668488497544
39.8255873227962
39.81445022549127
39.80327457959598
39.79206135518198
39.780811505953025
39.76952596934309
39.75820566661667
39.74685150297112
39.7354643676405
39.72404513400148
39.71259465968121
39.701113786666255
39.68960334141359
39.678064134963265
39.66649696305166
39.65490260622713
39.6432818299664
39.63163538479232
39.61996400639261
39.608268415740405
39.59654931921502
39.584807408724174
39.57304336182732
39.56125784185919
39.54945149805528
39.537624965677324
39.52577886613914
39.513913807134635
39.50203038276505
39.490129173667384
39.4782107471434
39.466275657289195
39.454324445124826
39.44235763872519
39.43037575334992
39.418379291575654
39.40636874342646
39.39434458650615
39.38230728612998
39.37025729545691
39.35819505562166
39.346120995867835
39.33403553367968
39.32193907491556
39.309832013939925
39.297714733756706
39.285587606141455
39.27345099177429
39.26130524037256
39.24915069082287
39.236987671314026
39.224816499469135
39.212637482477255
39.200450917225616
39.18825709043095
39.176056278771
