0.006478316467282728
0.006824485688937233
0.007159909667000311
0.007481950071195619
0.0077881997006919975
0.008076652250321496
0.00834576267319702
0.008594466987696572
0.008822174087093859
0.00902873501972769
0.009214395240267643
0.009379735726214962
0.00952560865957051
0.00965307263212431
0.009763331260629603
0.009857677916447876
0.009937448155102753
0.010003980483734704
0.010058585378541195
0.0101025219638959
0.010136981465184876
0.010163076408793386
0.010181834522323277
0.010194196346377249
0.010201015673640753
0.010203062056728917
0.010201024756370707
0.010195517624797198
0.010187084529828996
0.01017620502232651
0.010163300011346854
0.010148737329365384
0.01013283702622496
0.010115876367365436
0.010098094477766691
0.010079696629032714
0.010060858138767705
0.010041727932611582
0.010022431752176033
0.010003075043305651
0.00998374554487056
0.009964515601790435
0.009945444225837803
0.009926578927115603
0.009907957337868497
0.009889608650198238
0.009871554878544686
0.009853811984997322
0.009836390853754281
0.009819298152386286
0.00980253708157535
0.00978610803368643
0.009770009152883327
0.009754236830713829
0.009738786196936286
0.009723651191299415
0.009708825313488304
0.009694301578301676
0.009680072808934976
0.009666131814930467
0.009652471536959627
0.009639085162490391
0.009625966215967148
0.009613108626812458
0.009600506778210444
0.009588155539356503
0.009576050283589986
0.009564186894595776
0.009552561762618945
0.009541171772467417
0.009530014284859518
0.00951908711253314
0.009508388492354117
0.009497917054528559
0.009487671789881424
0.009477652016054678
0.00946785734334675
0.009458287640820998
0.009448943003216904
0.009439823719104005
0.009430930240641282
0.009422263155234954
0.00941382315932012
0.00940561103443699
0.009397627625717993
0.009389873822858243
0.009382350543623645
0.009375058719847678
0.009367999285951039
0.009361173164794678
0.009354581281994534
0.009348224528839355
0.009342103783528762
0.00933621990423503
0.009330573731412944
0.009325166091723814
0.009319997803737375
0.009315069685345425
0.009310382562805506
0.009305874271908097
0.009301512425263997
0.009297283387859267
0.009293175629731705
0.009289179366275347
0.009285286284329852
0.009281489330997142
0.009277782527124507
0.009274160804147901
0.009270619873976267
0.00926715609654789
0.009263766385565695
0.009260448117865815
0.00925719905760244
0.009254017291326007
0.00925090117249776
0.00924784927418324
0.009244860348811683
0.00924193329405448
0.009239067123984398
0.009236260944786535
0.00923351393439445
0.009230825325501547
0.00922819439146909
0.00922562043472063
0.009223102777257363
0.009220640752988755
0.009218233701604116
0.009215880963753115
0.009213581877330939
0.009211335774693663
0.009209141980658265
0.009206999811145424
0.009204908572367007
0.00920286756045189
0.009200876061432923
0.009198933351524451
0.009197038697628307
0.009195191358021805
0.00919339058317773
0.00919163561668667
0.009189925696247513
0.009188260054703015
0.009186637921096736
0.009185058521735696
0.009183521081244109
0.009182024823595784
0.009180568973119849
0.009179152755466083
0.00917777539853065
0.009176436133334806
0.009175134194856304
0.009173868822808563
0.009172639262367393
0.009171444764849074
0.009170284588334352
0.009169157998242099
0.009168064267854293
0.009167002678792616
0.009165972521447359
0.009164973095363243
0.009164003709583259
0.009163063682948386
0.009162152344363005
0.009161269033020964
0.009160413098599553
0.00915958390141825
0.009158780812571156
0.00915800321402802
0.00915725049871079
0.009156522070544857
0.009155817344488464
0.009155135746540559
0.00915447671373063
0.009153839694089786
0.00915322414660535
0.009152629541161979
0.009152055358468691
0.009151501089974033
0.009150966237769714
0.009150450314485248
0.009149952843172268
0.009149473357182181
0.00914901140003766
0.009148566525295387
0.009148138296406401
0.009147726286569176
0.009147330078580552
0.00914694926468263
0.009146583446407093
0.009146232234417354
0.009145895248348695
0.009145572116647608
0.00914526247640898
0.009144965973214724
0.009144682260971447
0.009144411001747023
0.00914415186560993
0.009143904530466746
0.00914366868190257
0.009143444013022103
