192.0
191.87862072073915
191.75230261647653
191.62105560610945
191.4848950049812
191.34383896139892
191.19790717881796
191.04712017321756
190.89149884582542
190.73106424199597
190.56583741978935
190.39583938309073
190.2210910526359
190.0416132592689
189.85742675022982
189.6685522031007
189.47501024429656
189.27682147032934
189.07400647086516
188.86658585307077
188.65458026703087
188.43801043219295
188.21689716491215
187.9912614072442
187.76112425719393
187.52650700067636
187.28743114549704
187.0439184577044
186.7959910007264
186.54367117776258
186.2869817779801
186.02594602714643
185.76058764343745
185.49093089928047
185.21700069024257
184.9388226121498
184.6564230478372
184.3698292651873
184.07906952842285
183.78417322499612
183.4851710108659
183.18209497749947
182.8749788445899
182.56385818326225
182.24877067547402
181.9297564164082
181.60685826791055
181.2801222724505
180.9495981385467
180.61533981003907
180.2774061326236
179.93586157117855
179.5907773152252
179.24223208182264
178.89031334484298
178.5351185771125
178.17675651266694
177.81534828535862
177.45102818671845
177.0839436206908
176.7142536214359
176.3421250935392
175.9677258725404
175.591214052228
175.2127241013805
174.8323521544324
174.45014479151286
174.06609602190662
173.68015473179244
173.29224040752263
172.90226153430422
172.51013087991177
172.1157756552617
171.7191405963143
171.32018802234404
170.9188955073524
170.51525284517092
170.10925912906427
169.7009203053347
169.29024726412152
168.8772544080889
168.4619586111816
168.04437847681848
167.62453381596325
167.20244528287847
166.77813412251604
166.35162199583823
165.92293085943817
165.492082882736
165.05910039111168
164.62400582690387
164.18682172269934
163.74757075281792
163.30627550680052
162.86295870121913
162.41764302763198
161.97035136267783
161.52110654597098
161.06993145488593
160.6168490030013
160.16188215764427
159.70505388336178
159.24638719915495
158.78590515855257
158.32363084967244
157.85958739527314
157.3937979528356
156.92628571466207
156.4570739079828
155.98618579506356
155.5136446733094
155.03947387536056
154.56369676917868
154.08633675812044
153.60741728099762
153.12696181212195
152.64499386133397
152.16153697401478
151.67661473107978
151.19025074895416
150.70246867952898
150.2132922100974
149.72274506327042
149.23085099687228
148.73763380381345
148.24311731194217
147.74732538387377
147.25028191679667
146.75201084225495
146.25253612590797
145.75188176726354
145.25007179938973
144.74713028859884
144.2430813341076
143.73794906767066
143.23175765318828
142.72453128628771
142.21629419387727
141.7070706336736
141.19688489370134
140.68576129176495
140.17372417489258
139.66079791875129
139.14700692703397
138.63237563081705
138.1169284878892
137.60068998205043
137.08368462238167
136.56593694248437
136.04747149969003
135.52831287423928
135.0084856684304
134.48801450573728
133.96692402989623
133.4452389039617
132.92298380933062
132.4001834447356
131.87686252520612
131.35304578099803
130.8287579564912
130.304023809055
129.77886810788178
129.25331563278763
128.7273911729812
128.20111952579938
127.67452549541106
127.14763389148736
126.62046952783983
126.09305722102503
125.56542178891668
125.03758804924459
124.50958081810053
123.98142490841077
123.45314299066268
122.92476207848276
122.39630696628342
