1.50299090289381
1.5025469723425637
1.5024648808320773
1.5024447315927723
1.5024331900240044
1.5024209647539353
1.5024065047631003
1.5023896244333226
1.5023703881400567
1.5023489144010582
1.5023253400909211
1.5022998123725524
1.5022724854176037
1.502243518001313
1.502213071341664
1.502181307110466
1.502148385630533
1.5021144642789128
1.5020796961086735
1.5020442286930966
1.5020082031884345
1.5019717536051989
1.5019350062732761
1.5018980794829724
1.501861083282191
1.5018241194091608
1.5017872813402626
1.501750654433297
1.501714316147862
1.501678336326122
1.5016427775190808
1.5016076953453505
1.5015731388712565
1.5015391510029084
1.501505768882494
1.501473024282553
1.5014409439932856
1.5014095501991176
1.5013788608416987
1.5013488899673517
1.5013196480576534
1.5012911423423931
1.5012633770945785
1.5012363539075158
1.501210071954243
1.5011845282297904
1.5011597177768812
1.5011356338957724
1.501112268338999
1.5010896114918009
1.5010676525390343
1.5010463796193436
1.5010257799673603
1.5010058400446655
1.5009865456602156
1.5009678820808998
1.500949834285476
1.5009323869992235
1.5009155235653022
1.5008992284196996
1.5008834855287168
1.5008682787588365
1.5008535919740278
1.5008394090929686
1.5008257141360164
1.5008124912664906
1.5007997248272256
1.5007873993728085
1.5007754996978309
1.5007640108614488
1.5007529182085368
1.5007422073876986
1.500731864350786
1.5007218754512843
1.5007122272696591
1.5007029068127913
1.5006939014277598
1.5006851988183583
1.5006767870494133
1.500668654548032
1.5006607901030073
1.5006531828633505
1.5006458223355348
1.5006386983798936
1.5006318012061994
1.5006251213685429
1.5006186497596037
1.500612377604404
1.5006062964536306
1.5006003981765952
1.5005946749539034
1.5005891192698924
1.5005837239048947
1.5005784819273762
1.5005733866859907
1.5005684318015977
1.5005636111592695
1.500558918900328
1.5005543494144304
1.5005498973317326
1.5005455575151492
1.500541325052729
1.5005371952501587
1.50053316362341
1.5005292258915384
1.5005253779696441
1.5005216159620012
1.5005179361553573
1.5005143350124146
1.5005108091654844
1.5005073554103274
1.5005039707001717
1.5005006521399122
1.500497396980489
1.5004942026134416
1.5004910665656408
1.500487985574837
1.5004849591335425
1.500481984462316
1.5004790594869708
1.5004761823247046
1.5004733512111805
1.5004706535133896
1.5004679220506183
1.5004652214956302
1.5004625594446401
1.5004599358829942
1.5004573497897258
1.5004548000696933
1.5004522856833458
1.5004498056624995
1.5004473591099878
1.5004449451970931
1.5004424719252056
1.500440108286296
1.5004377859536902
1.5004354951168934
1.5004332339305937
1.5004310017312292
1.5004287980673576
1.5004266225587213
1.5004244748741173
1.5004223547263578
1.5004202618697324
1.5004181960978802
1.5004161572417587
1.5004141451676751
1.500412159775362
1.5004102009960998
1.5004082687908822
1.500406363148622
1.5004044840843982
1.500402631637738
1.500400805870938
1.500399006867419
1.5003972347301167
1.5003954895799037
1.500393771554045
1.500392080804686
1.5003904174973697
1.500388781809587
1.5003871739293555
1.5003855940538315
1.5003840423879489
1.5003825191430908
1.5003810245357914
1.500379558786468
1.5003781221181836
1.5003767147554428
1.500375336923017
1.5003739888448044
1.5003726707427205
1.5003713828356238
1.5003701253382742
1.5003688984603283
1.5003677024053659
1.5003665373699517
1.5003654035427596
1.500364301103667
1.5003632302229708
1.5003621910605864
1.500361183765302
1.5003602084740717
1.500359265311349
1.500358354388459
1.5003574758030116
1.500356629638356
1.5003558159630768
1.5003550348305286
1.5003542862784152
1.5003535703284079
1.5003528869858047
1.5003522362392325
1.5003516180603877
1.500351032403817
1.5003504792067408
1.5003499583889133
1.5003494698525208
1.5003490134821214
1.5003485891446184
