1622.272766659844
1076.558865781651
1075.077420076714
1073.5846125490766
1072.0786986732405
1070.55918781489
1069.0257313988675
1067.4779978267113
1065.9156584055677
1064.3383856678695
1062.7458530801637
1061.1377349150484
1059.5137061498028
1057.873442376646
1056.2166197230788
1054.5429147822654
1052.8520045535915
1051.1435663935522
1049.4172779771366
1047.6728172699181
1045.909862510992
1044.128092207018
1042.3271851375362
1040.5068203718024
1038.6666772973633
1036.8064356606208
1034.925775619629
1033.0243778093998
1031.1019234199703
1029.158094287531
1027.1925729988827
1025.205043009532
1023.1951887757226
1021.1626959007127
1019.1072512956005
1017.0285433550307
1014.9262621480915
1012.8000996247212
1010.6497498379434
1008.4749091822608
1006.2752766485024
1004.0505540954513
1001.8004465385395
999.5246624559112
997.2229141121334
994.8949178998026
992.540394699325
990.1590702570664
987.7506755820974
985.3149473617125
982.8516283958476
980.3604680505535
977.8412227305672
975.293656371043
972.7175409484391
970.112657010503
967.4787942252481
964.8157519487767
962.1233398117183
959.4013783240052
956.6496994976264
953.8681474869334
951.0565792460034
948.2148652024446
945.3428899470048
942.4405529381786
939.5077692209766
936.544470158865
933.5506041778509
930.5261375214735
927.471055015466
924.3853608406507
921.2690793125644
918.1222556661382
914.9449568437016
911.7372722843807
908.499314712893
905.2312209255738
901.933152571367
898.6052969253697
895.2478676524055
891.8611055579693
888.4452793237655
885.0006862249554
881.5276528261007
878.0265356526959
874.4977218350715
870.9416297213698
867.3587094561916
863.7494435214704
860.1143472360203
856.453969210193
852.7688917520338
849.0597312212703
845.3271383275132
841.5717983690001
837.7944314082843
833.9957923812836
830.1766711361884
826.3378923987983
822.480315660971
818.6048349889921
814.712378748836
810.8039092454362
806.8804222733223
802.94294657617
798.9925432130835
795.0303048296928
791.0573548324498
787.0748464648342
783.0839617845401
779.0859105410557
775.0819289534942
771.0732783888944
767.0612439417283
763.0471329157015
759.0322732095402
755.0180116088594
751.005711986713
746.9967534160278
742.9925330428199
738.9944449030617
735.0039061045711
731.0223360202014
727.0511586096277
723.0918000985456
719.1456866064304
715.2142417301459
711.2988840911289
707.4010248542997
703.5220652272205
699.6633939483833
695.8263847738259
692.0123939715004
688.2227578330516
717.8985491948439
723.4372959890038
728.5076720539593
733.1685864290205
737.4688430719684
741.4494837153802
745.1453871432192
748.5864597672573
751.798544133804
754.8041228062203
757.6228708688469
760.2720948223615
762.7670851207846
765.1214022867191
767.3471113760028
769.4549758636733
771.454619339632
773.3546614322689
775.1628329156068
776.886073858151
778.5306178401257
780.1020646298098
781.6054432188445
783.0452667343645
784.4255804456996
785.7500038458209
787.021767597527
788.2437459808444
789.4184853524802
790.5482290237551
791.6349388752981
792.6803139502558
793.6858061996206
794.6526334901924
795.5273818459648
796.3540627059839
797.1477459866713
797.9089082129007
798.6378265812333
799.334529498385
799.9988138532777
800.6302284219723
801.2280565700356
801.7912931082917
802.3186136926604
802.8083350817129
803.258364037195
803.6661319416932
804.0285112387087
804.3417084655418
804.6011267866184
804.8011883016111
804.9351026263755
804.994562744586
804.9693409806064
804.8467456477938
804.6108799806703
804.2416150869183
803.71314031452
802.9918738656096
802.0333776131783
800.7776711411957
799.1418728549303
797.0081699538827
794.2031571198902
