0.007229793844715814
0.007253965964290475
0.007278162399975106
0.007302381950257165
0.007326623284599188
0.007350885091296091
0.007375166109748493
0.00739946513468704
0.007423781014219273
0.007448112646577701
0.007472458976689675
0.007496818992848593
0.007521191723566141
0.0075455762346304
0.0075699716263752164
0.007594377031157271
0.007618791611032555
0.007643214555621246
0.007667645080148736
0.007692082423650092
0.007716525847325279
0.007740974633032917
0.007765428081910969
0.007789885513113481
0.007814346262653265
0.007838809682341257
0.007863275138813967
0.007887742012641261
0.007912209697507343
0.007936677599458496
0.00796114513621169
0.007985611736518737
0.00801007683958118
0.008034539894511512
0.008059000359836749
0.008083457703040805
0.008107911400142326
0.008132360935305094
0.008156805800478267
0.00818124549506403
0.008205679525610406
0.00823010740552726
0.00825452865482477
0.00827894279986571
0.008303349373147487
0.008327747913089314
0.008352137963840585
0.008376519075102395
0.008400890801962276
0.008425252704741159
0.008449604348851695
0.008473945304667097
0.008498275147399752
0.008522593456988895
0.00854689981799675
0.008571193819512515
0.008595475055063643
0.00861974312253396
0.008643997624088127
0.008668238166102042
0.008692464359098755
0.008716675817689578
0.008740872160520026
0.00876505301022027
0.008789217993359827
0.008813366740406222
0.00883749888568735
0.008861614067357332
0.008885711927365614
0.008909792111429147
0.008933854269007415
0.008957898053280192
0.008981923121127788
0.009005929133113698
0.009029915753469488
0.00905388265008173
0.00907782949448097
0.009101755961832493
0.009125661730928845
0.009149546484183976
0.009173409907628915
0.009197251690908887
0.00922107152728175
0.009244869113617712
0.00926864415040021
0.0092923963417279
0.009316125395317683
0.009339831022508654
0.009363512938266988
0.00938717086119161
0.009410804513520664
0.009434413621138666
0.00945799791358432
0.009481557124058923
0.00950509098943531
0.00952859925026731
0.0095520816507996
0.009575537938978003
0.009598967866460088
0.009622371188626092
0.009645747664590098
0.009669097057211412
0.009692419133106095
0.009715713662658642
0.009738980420033735
0.009762219183188009
0.009785429733881848
0.009808611857691118
0.009831765344018811
0.009854889986106567
0.00987798558104603
0.009901051929789994
0.009924088837163295
0.009947096111873412
0.009970073566520741
0.0099930210176085
0.010015938285552197
0.01003882519468868
0.010061681573284662
0.010084507253544713
0.010107302071618671
0.010130065867608447
0.010152798485574134
0.01017549977353943
0.010198169583496303
0.010220807771408857
0.010243414197216366
0.010265988724835414
0.010288531222161123
0.010311041561067387
0.010333519617406112
0.01035596527100538
0.01037837840566651
0.01040075890915996
0.010423106673220044
0.010445421593538399
0.010467703569756154
0.010489952505454774
0.010512168308145534
0.010534350889257534
0.010556500164124285
0.010578616051968743
0.010600698475886822
0.010622747362829246
0.01064476264358182
0.010666744252743957
0.0106886921287055
0.010710606213621751
0.010732486453386696
0.010754332797604368
0.010776145199558312
0.010797923616179119
0.010819668008009984
0.010841378339170258
0.010863054577316957
0.010884696693604206
0.010906304662640549
0.010927878462444158
0.01094941807439585
0.010970923483189917
0.010992394676782763
0.011013831646339251
0.011035234386176854
0.011056602893707477
0.011077937169377012
0.011099237216602586
0.011120503041707483
0.011141734653853727
0.011162932064972365
0.011184095289691387
0.011205224345261316
0.01122631925147847
0.011247380030605885
0.011268406707291933
0.011289399308486624
0.011310357863355606
0.0113312824031919
0.011352172961325388
0.01137302957303005
0.011393852275429023
0.011414641107397481
0.011435396109463373
0.011456117323706093
0.011476804793653086
0.011497458564174447
0.01151807868137558
0.011538665192487961
0.011559218145758068
0.011579737590334547
0.011600223576153666
0.011620676153823164
0.011641095374504544
0.011661481289793916
0.011681833951606317
0.011702153412047313
0.011722439723266777
0.011742692937395717
0.011762913106371389
0.01178310028182556
0.011803254514957952
