0.0028298374568437993
0.0029089906933281173
0.0029825457572611384
0.003050036003998088
0.0031110758716260275
0.0031653990583237392
0.0032128656827756495
0.003253459173737591
0.0032872769516471864
0.003314516679486537
0.0033354596529241204
0.003350452838643538
0.003359890897538687
0.003364199259294373
0.0033638190007258015
0.003359193971579046
0.003350760343128472
0.0033389385450207257
0.003324127409120424
0.0033067002505107164
0.0032870025750455843
0.0032653510977848233
0.0032420337755624524
0.003217310589971167
0.0031914148565725877
0.003164554876793054
0.0031369157872922276
0.0031086614957233326
0.003079936620823213
0.0030508683791113686
0.003021568376364365
0.0029921342865180233
0.0029626513949514766
0.0029331940089825518
0.0029038267325492803
0.0028746056123353176
0.0028455791578728125
0.0028167892509247078
0.0027882719483296034
0.002760058190283438
0.0027321744230872362
0.0027046431454204813
0.0026774833866042894
0.002650711124678211
0.0026243396514213416
0.002598379890770327
0.0025728406766171307
0.0025477289939250967
0.0025230501910067753
0.002498808162429053
0.002475005509574713
0.0024516436816087073
0.0024287230969206462
0.0024062432515439625
0.002384202825891544
0.0023625997180041496
0.0023414311927249317
0.002320693896549713
0.002300383928727286
0.002280496893589072
0.002261027947707628
0.0022419718426313993
0.002223322963836064
0.002205075366434803
0.002187222808107575
0.0021697587796347287
0.0021526765333601838
0.002135969109853141
0.0021196293629907213
0.002103649983644481
0.0020880235221192056
0.002072742409462415
0.0020577989777412872
0.0020431854793595164
0.00202889410547295
0.0020149170035471163
0.002001246294088462
0.001987874086575103
0.0019747924946012297
0.0019619936502488253
0.0019494697176936067
0.0019372129060511228
0.0019252154814675744
0.001913469778458476
0.0019019682104993057
0.0018907032798722303
0.0018796675867755518
0.0018688538377019239
0.001858254853092876
0.001847863574285573
0.0018376730721537634
0.0018276765430801905
0.0018178673281869422
0.001808238908101395
0.0017987849088545852
0.0017894991049028416
0.0017803754215347735
0.0017714285915209102
0.0017627657702092001
0.0017543755680373484
0.001746247156915392
0.001738370211572652
0.0017307348728682135
0.001723331716796019
0.0017161517273365022
0.0017091862717216353
0.0017024270805685489
0.0016958662254422346
0.001689496102957349
0.001683309418124029
0.0016772991695452157
0.0016714586358016887
0.0016657813628722243
0.0016602611524554496
0.0016548920510823717
0.001649668339922751
0.0016445845252052956
0.0016396353291818053
0.0016348156815770506
0.0016301207114744662
0.0016255457395945184
0.0016210862709302848
0.0016167379877085489
0.0016124967426500716
0.0016083585525066843
0.0016043195918543835
0.001600376187126805
0.0015965248108740667
0.0015927620762332603
0.0015890847316002898
0.0015854896554934326
0.0015819738515987383
0.0015785344439903256
0.001575168672518279
0.0015718738883575161
0.0015686475497119392
0.0015654872176686734
0.0015623905521969406
0.0015593553082871416
0.0015563793322255573
0.001553460558000612
0.0015505970038364586
0.0015477867688500349
0.0015450280298283862
0.0015423190381217559
0.0015396581166495433
0.0015370436570156648
0.0015344741167301235
0.0015319480165327261
0.00152946393781729
0.001527020520151609
0.001524616458891287
0.0015222505028843194
0.001519921452262624
0.0015176281563191757
0.001515369511466434
0.0015131444592747715
0.0015109519845868578
0.0015087911137066558
0.0015066609126596947
0.0015045604855222778
0.0015024889728175925
0.0015004455499760265
0.0014984294258572847
0.0014964398413323862
0.0014944760679235307
0.0014925374064989239
0.0014906231860213732
0.0014887327623484053
0.001486865517081695
0.0014850208564641367
0.0014831982103229737
0.001481397031056762
0.0014796167926647331
0.001477856989817067
0.0014761171369640311
0.001474396767483055
0.0014726954328614856
0.001471012701914342
0.0014693481600352545
0.0014677014084792587
0.0014660720636763714
0.0014644597565745697
0.0014628641320108703
0.0014612848481095377
0.0014597215757062743
0.0014581739977972312
0.0014566418090118803
0.0014551247151086773
0.001453622432492865
0.0014521346877547708
0.0014506612172289703
0.001449201766571755
0.0014477560903579207
0.0014463239516946046
0.0014449051218524123
0.0014434993799126166
0.0014421065124296743
0.0014407263131089394
0.0014393585824982178
