5.0263702733266966e-05
5.11156736027674e-05
5.15822522161144e-05
5.197500223102722e-05
5.235243434945368e-05
5.272732366854408e-05
5.3102577068196384e-05
5.3478939712292523e-05
5.3856679023049506e-05
5.4235953722469446e-05
5.461689510354234e-05
5.49996252252884e-05
5.53842612414837e-05
5.5770916654370955e-05
5.61597018648215e-05
5.655072454294249e-05
5.69440899370899e-05
5.733990114965907e-05
5.773825938805372e-05
5.8139264194568146e-05
5.8543013657686376e-05
5.8949604606830165e-05
5.935913279232307e-05
5.9771693052127224e-05
6.018737946673765e-05
6.0606285503462345e-05
6.102850415118743e-05
6.145412804660572e-05
6.188324959278394e-05
6.23159610708513e-05
6.275235474551389e-05
6.319252296502419e-05
6.363655825617501e-05
6.408455341482765e-05
6.453660159243734e-05
6.499279637899329e-05
6.545323188275242e-05
6.59180028071069e-05
6.638720452490298e-05
6.686093315049174e-05
6.733928560977094e-05
6.782235970846088e-05
6.831025419882325e-05
6.880306884503381e-05
6.930090448738144e-05
6.980386310547474e-05
7.031204788060438e-05
7.082556325741159e-05
7.13445150049983e-05
7.186901027760181e-05
7.239915767495463e-05
7.293506730243869e-05
7.347685083113685e-05
7.402462155788044e-05
7.457849446538128e-05
7.513858628253927e-05
7.570501554500422e-05
7.627790265607321e-05
7.685736994799303e-05
7.744354174374406e-05
7.803654441937228e-05
7.863650646693128e-05
7.924355855810126e-05
7.985783360854442e-05
8.047946684305389e-05
8.110859586155415e-05
8.174536070600868e-05
8.238990392828369e-05
8.304237065902785e-05
8.370290867761008e-05
8.437166848317025e-05
8.504880336682837e-05
8.573446948510261e-05
8.642882593457562e-05
8.713203482786212e-05
8.784426137091895e-05
8.856567394173485e-05
8.929644417045358e-05
9.003674702096381e-05
9.078676087399648e-05
9.154666761177459e-05
9.231665270424794e-05
9.30969052969538e-05
9.388761830054117e-05
9.46889884819915e-05
9.550121655757055e-05
9.63245072875465e-05
9.71590695727069e-05
9.800511655269745e-05
9.88628657062243e-05
9.973253895313398e-05
0.00010061436275840477
0.00010150856823807091
0.00010241539126709675
0.00010333507258922842
0.00010426785792882737
0.0001052139981047134
0.00010617374914601493
0.00010714737241004057
0.00010813513470217657
0.00010913730839780353
0.00011015417156623708
0.00011118600809667679
0.00011223310782614873
0.00011329576666943229
0.00011437428675093317
0.00011546897653848158
0.00011658015097901346
0.00011770813163609012
0.00011885324682920385
0.00012001583177480844
0.00012119622872900423
0.0001223947871317967
0.0001236118637528376
0.000124847822838549
0.0001261030362605134
0.0001273778836650036
0.00012867275262351362
0.00012998803878412691
0.0001313241460235611
0.00013268148659968738
0.000134060481304328
0.00013546155961609288
0.00013688515985301817
0.00013833172932472572
0.00013980172448381327
0.00014129561107615462
0.00014281386428976006
0.00014435696890181663
0.00014592541942351042
0.000147519720242177
0.00014914038576031147
0.00015078794053092356
0.00015246291938868464
0.00015416586757626964
0.00015589734086525969
0.0001576579056709133
0.00015944813916007723
0.00016126862935144282
0.00016311997520730552
0.00016500278671593106
0.00016691768496355337
0.00016886530219498586
0.0001708462818617432
0.00017286127865650728
0.00017491095853269166
0.00017699599870778086
0.0001791170876490447
0.00018127492504012928
0.00018347022172694781
0.00018570369964119687
0.00018797609169972457
0.0001902881416778793
0.00019264060405486288
0.00019503424382900597
0.00019746983630076516
0.00019994816682114252
0.00020247003050309439
0.00020503623189339174
0.00020764758460226404
0.00021030491088804717
0.00021300904119391368
0.000215760813633669
0.000218561073423448
0.00022141067225603264
0.0002243104676144088
0.00022726132202103517
0.0002302641022192166
0.00023331967828283938
0.00023642892265066586
0.0002395927090812504
0.00024281191152451408
0.00024608740290590767
0.00024942005381907515
0.000252810731122885
0.0002562602964386917
0.0002597696045437047
0.00026333950165639017
0.00026697082360988564
0.00027066439390953444
0.0002744210216707688
0.0002782414994337745
0.0002821266008515762
0.0002860770782484871
0.00029009366004616985
0.0002941770480549761
0.0002983279146286599
0.00030254689968109595
0.00030683460756422606
0.00031119160380711525
0.00031561841171675264
0.0003201155088420799
0.0003246833094273648
0.00032932221542458534
0.00033403254602379893
0.00033881452947042584
0.0003436683703097314
0.0003485941902693649
0.0003535920369065844
0.00035866187930115026
