14.282409792732214
3.3433209427369386
20.537176803316115
4.284934046074676
20.61207631408838
4.289619629490371
20.687466254375458
4.295554604686735
20.76305550272379
4.302517670735345
20.83866919393806
4.31035242313178
20.91419699916206
4.318938159284404
20.989566503686273
4.328176355720093
21.06472880939386
4.3379839599478816
21.139650295845712
4.3482896959809
21.214307625176158
4.359031759756981
21.288684556355708
4.370156205885047
21.362769832694234
4.381615718898306
21.436555742801122
4.393368627979321
21.510037123553417
4.405378094752052
21.583210662534746
4.4176114344515565
21.65607440750106
4.430039544802634
21.728627420580427
4.442636423968498
21.800869534135746
4.455378762951125
21.872801178040252
4.468245600499445
21.94442325694053
4.4812180305741105
22.015737062283403
4.494278954014086
22.08674420829235
4.5074128673731755
22.157446584244067
4.520605683003098
22.227846317661438
4.533844575391167
22.297945744691937
4.547117849562603
22.367747385101215
4.56041482800547
22.437253965806487
4.573725752486649
22.506468210048197
4.587041704063989
22.575393116646886
4.600354519905299
22.644031733453012
4.613656737518073
22.71238719378293
4.6269415353907535
22.780462698872583
4.640202682811279
22.84826150081788
4.653434495098764
22.91578688608349
4.666631793386635
22.983042159678877
4.679789868231449
23.05003063010887
4.692904446447998
23.11675559520771
4.705971660686936
23.183220328939665
4.718988021339309
23.249428069245987
4.731950390450957
23.315382006986336
4.7448559573706275
23.381085276009458
4.7577022159230085
23.446540944365477
4.770486942932599
23.51175200665645
4.783208177965599
23.576721377499712
4.795864204177185
23.641451886073522
4.808453530188435
23.70594627169333
4.820974872920103
23.770207180363553
4.833427141334558
23.834237162239674
4.845809421044788
23.89803866993375
4.858120959760695
23.96161405758647
4.870361153538426
24.02496558063565
4.882529533816559
24.088095396204228
4.894625755213082
24.15100556403585
4.9066495840648745
24.213698047906764
4.9186008876888865
24.276174717445336
4.930479624344104
24.338437350297376
4.942285833874946
24.400487634574493
4.954019629012805
24.462327171531143
4.965681187309106
24.523957478419543
4.977270743681137
24.585379991477442
4.988788583542684
24.64659606900397
5.000235036488227
24.707606994491652
5.011610470512914
24.768413979778625
5.022915286731776
24.82901816819408
5.034149914573968
24.88942063767545
5.045314807426759
24.949622403832596
5.056410438692278
25.00962442294761
5.067437298241817
25.06942759489222
5.078395889228116
25.12903276595572
5.089286725239597
25.18844073157261
5.100110327761729
25.247652238946387
5.1108672239301765
25.30666798956411
5.121557944542388
25.365488641600926
5.132183022313727
25.42411481221307
5.1427429903511
25.482547079720224
5.153238380825145
25.54078598568029
5.163669723825292
25.59883203685635
5.174037546373481
25.656685707082328
5.184342371587958
25.714347439029098
5.1945847179755695
25.771817645875313
5.204765098840649
25.829096712888628
5.214884021798979
25.886184998920868
5.224941988382846
25.94308283782239
5.234939493727532
25.999790539779465
5.244877026328584
26.056308392581357
5.2547550678614545
26.11263666281911
5.264574093057132
26.168775597022385
5.274334569620779
26.22472542273791
5.284036958196554
26.28048634955327
5.293681712361652
26.33605857007055
5.30326927865391
26.391442260833035
5.312800096622015
26.44663758320833
5.3222745988987645
26.50164468423098
5.331693211289387
26.556463697408258
5.341056352876128
26.6110947434905
5.350364436134219
26.66553793120981
5.359617867054709
26.71979335798819
5.368817045278317
26.773861110618615
5.3779623642310375
26.827741265919148
5.387054211265649
26.881433891363823
5.39609296780535
26.934939045689802
5.405079009487939
26.988256779484164
5.414012706311881
27.041387121794966
5.422894416941719
27.094330150388203
5.431724518081677
27.14708585300816
5.440503346086653
27.199654266982797
5.449231255714372
27.252035410289423
5.4579085909121225
27.304229295881616
5.466535690834737
27.35623593216363
5.475112889976513
27.40805532344381
5.483640518300321
27.459687470372888
5.49211890136584
27.511132370371577
5.5005483604510195
27.562390018042986
5.508929212674588
27.613460405575236
5.517261771111595
27.664343523130576
5.5255463449075
27.715039359224065
5.533783239388981
27.76554790109079
5.541972756170827
27.8158691350421
5.550115193260162
27.866003046811247
5.558210845157165
27.915949621889382
5.56626000295272
27.965708845849854
5.574262954423842
28.015280704664455
5.582219984124438
28.06466518500824
5.590131373475446
28.113862274556276
5.597997400849455
28.162871962269826
5.6058183416553
28.211694238673797
5.613594468418213
28.260329096125513
5.621326050857816
28.308776529074475
5.6290133559631235
28.357036534312602
5.636656648066619
28.40510911121675
5.6442561889145635
28.452994261983076
5.651812237734477
28.50069199185231
5.659325051301934
28.548202309327138
5.6667948840045455
28.59552522638191
5.674221987903196
28.642660758664093
5.681606612792297
28.689608925688493
5.6889490062567445
28.736369751023332
5.696249413728146
28.78294326246947
5.703508078538338
28.829329492231583
5.710725241971811
28.87552847708297
5.717901143315412
28.921540258522327
5.725036019907376
28.96736488292487
5.732130107183736
29.013002401685657
5.739183638723433
29.05845287135619
5.746196846292646
29.10371635377535
5.753169959886132
29.14879291619292
5.760103207768354
29.193682631387876
5.766996816512168
29.23838557777926
5.7738510110371415
29.282901839531732
5.780666014645928
29.32723150665546
5.787442049059168
29.37137467509984
5.794179334449257
29.415331446841144
5.800878089473508
29.459101929964913
5.807538531305369
29.50268623874428
5.814160875664137
29.546084493709596
5.820745336845276
29.589296821716605
5.82729212774764
29.632323356007692
5.8338014599004255
29.675164236266948
5.84027354349024
29.71781960867348
5.846708587384868
29.760289625947053
5.853106799158204
29.80257444739089
5.859468385113021
29.844674238928455
5.86579355030372
29.886589173138105
5.872082498556897
29.928319429280414
5.878335432492847
29.96986519332386
5.884552553544805
30.01122665796515
5.890734061977915
30.052404022645312
5.896880156908038
30.093397493563643
5.902991036318285
30.134207283685598
5.909066897076462
30.174833612747257
5.915107934951822
30.21527670725947
5.921114344628783
30.2555368005034
5.92708631972345
30.295614132526755
5.933024052797057
30.335508950134486
5.938927735369792
30.3752215068778
5.944797557933594
30.414752063038247
5.950633709965303
30.45410088561139
5.956436379937695
30.493268248283265
5.962205755332436
30.532254431410767
5.9679420226490825
30.57105972199118
5.973645367417635
30.609684413635623
5.979315974207253
30.648128806536494
5.984954026636556
30.68639320743369
5.990559707382542
30.724477929577453
5.996133198189837
30.762383292690476
6.001674679878375
30.800109622925383
6.00718433235253
30.83765725282337
6.012662334607652
30.87502652126624
6.018108864738742
30.91221777343178
6.023524099946195
30.949231360741738
6.028908216543761
30.986067640812262
6.034261389964197
31.02272697740096
6.039583794765576
31.059209740350155
6.044875604637764
31.095516305533163
6.050136992407054
31.131647054794584
6.055368130042223
31.167602375890326
6.060569188659902
31.203382662427984
6.065740338528831
31.238988313803176
6.070881749075171
31.274419735136455
6.075993588886608
