-39.223296609718446
-307.73590047764435
-313.7784377749241
-319.67244204158527
-325.4015233296376
-330.95145222690553
-336.3099223196798
-341.4665959122356
-346.41315763252896
-351.14332880766284
-355.652837008045
-359.93934374941847
-364.00233587065435
-367.84298720925386
-371.46399768162905
-374.8694169136092
-378.0644592421834
-381.05531630312805
-383.84897261525435
-386.45302865225904
-388.8755349310727
-391.12483970206443
-393.20945194797974
-395.1379206169755
-396.91873034919314
-398.56021341310856
-400.07047714584127
-401.45734588246637
-402.72831615094987
-403.8905237869977
-404.9507215717483
-405.91526599988623
-406.79011183290277
-407.5808131697247
-408.2925298646261
-408.9300382318083
-409.49774509067277
-409.99970432054647
-410.439635204696
-410.820941948406
-411.14673385293895
-411.41984571550836
-411.6428581045327
-411.81811722949914
-411.9477541860013
-412.03370340950136
-412.0777202166793
-412.08139735157425
-412.0461804858216
-411.97338264878016
-411.8641975849739
-411.71971205357653
-411.5409170982867
-411.32871832637295
-411.08394524336734
-410.8073596953202
-410.49966347399663
-410.1615046161
-409.793485215754
-409.3961651698227
-408.9700670947146
-408.5156813093044
-408.03346932924995
-407.5238671887504
-406.9872883553137
-406.4241262805189
-405.8347566265727
-405.21953920528995
-404.578819663009
-403.912930942047
-403.22219454623814
-402.506921635601
-401.76741397247883
-401.0039678872566
-400.2168625177601
-399.4063789424723
-398.5727884789558
-397.7163561776306
-396.83734122645194
-395.9359973072351
-395.0125729119526
-394.0673116250619
-393.10045238114986
-392.1122296981746
-391.10287389575075
-390.072611299555
-389.0216644361065
-387.9502522210494
-386.85859014024595
-385.7468904349913
-384.6153622774366
-383.46421195326667
-382.2936430433258
-381.10385660827376
-379.89505137655823
-378.66742393626686
-377.4211689313067
-376.15647926221277
-374.87354629180675
-373.57256005581814
-372.2537094785143
-370.9171825933059
-369.5631667682429
-368.1918489362555
-366.80341582994674
-365.3980542207025
-363.97595116184317
-362.53729423549777
-361.0822718028609
-359.6110732574385
-358.1238892808837
-356.6209121009637
-355.10233575119406
-353.56835633163047
-352.0191722702886
-350.4549845846291
-348.8759971425169
-347.2824169220358
-345.67445473511737
-344.0523236389236
-342.4162419234953
-340.76643156003644
-339.10311888839186
-337.42653485530565
-335.736913817556
-334.03449920798505
-332.31953601686575
-330.59227588967747
-328.85297613565206
-327.1018999371642
-325.33931652957136
-323.5655013659018
-321.7807362678066
-319.98530956221066
-318.1795173951235
-316.3636592946994
-314.5380447447851
-312.70298909943074
-310.8588146964341
-309.0058508549502
-307.14443388247025
-305.2749070652437
-303.397620637674
-301.5129317294933
-299.6212042900714
-297.72280898935423
-295.8181230950139
-293.90753032547514
-291.99142067857787
-290.07019023571996
-288.1442409414299
-286.2139803584253
-284.27982139831107
-282.3421820281931
-280.401484953595
-278.4581572781764
-276.51263014087823
-274.5653383312312
-272.6167198836896
-270.6672156519595
-268.71726886441553
-266.76732466180516
-264.8178296185502
-262.86923124905127
-260.92197750051116
-258.9765162338627
-257.0332946944874
-255.09275897446952
-253.1553534682027
-251.22152032321458
-249.2916988881226
-247.36632515965863
-245.44583123072886
-243.53064474147877
-241.62118833532713
-239.71787912192764
-237.82112814897454
-235.9313398815582
-234.0489117132905
-232.17423344352355
-230.3123871022975
-228.44995341963045
-226.6007670658355
-224.76080554229247
-222.9304143116156
-221.10992840272758
-219.29967232983682
-217.499959809297
-215.7110934682366
-213.9333645747799
-212.16705279479734
-210.41242597626285
-208.66973996160493
-206.9392384282201
-205.22115275717303
-203.5157019299848
-201.82309245328034
-200.14351831095368
-198.47716094339899
-196.82418925323933
