129.31670328232866
128.11584972769253
127.83695023663327
127.53186781222189
127.2067573655742
126.86526876775442
126.50958763596557
126.14101956763375
125.76033766909255
125.36798900238723
124.96421692046633
124.54913326948162
124.12276069260028
123.68505707024747
123.23592924600665
122.77524027781499
122.30281272137576
121.81842942006908
121.32183265914976
120.81272217254526
120.2907522674113
119.75552819483686
119.2066018088592
118.64346649887096
118.06555133960771
117.47221437030176
116.86273488527574
116.23630458890513
115.59201743612093
114.928857943511
114.24568771376606
113.54122986592422
112.81405100345292
112.06254027931924
111.28488502898506
110.47904233528683
109.64270575942402
108.77326631496648
107.86776657141188
106.92284654423632
105.93467975308103
104.89889750264665
103.8104990577412
102.66374494502767
101.45203012906912
100.1677333071791
98.8020381072141
97.34472167660643
95.78390624098913
94.10577009314535
92.29421684696733
90.33051134687693
88.1928706531082
85.85610123060447
83.29126946350604
80.4655737641983
77.34259587270323
73.88325974128513
70.047999808366
65.80084878035828
61.11631201329697
55.98978528329318
50.45148279241511
44.58184462947691
38.523061280921986
32.478080941228875
26.688950936965284
21.39440704690828
16.780155295921322
12.943506159769365
9.887235945332101
7.540414773707081
5.791405794200758
4.517892091229397
3.606706229660958
2.9630999115113883
2.5127070740694397
2.1996250268710456
1.9830424117750203
1.8337538964276856
1.7311426460365
1.6607895455197366
1.612673845898948
1.579861428230865
1.5575679772612254
1.5424988857746016
1.5323883092121748
1.5256792182665102
1.5213022146589212
1.5185230356448465
1.5168376043433043
1.5158998866334694
1.515463581659622
1.5153844344098715
1.5155405236532138
1.515863390681112
1.5162815266851275
1.516768506610863
1.5172997072130099
1.517858151940052
1.5184312266876878
1.519012790582794
1.5195963852643863
1.52017815567483
1.5207554767813838
1.5213265663049074
1.5218902201765283
1.5224456316230826
1.5229922673242342
1.523529782552292
1.5240579629687476
1.5245766846637607
1.5250858866881243
1.5255855521490342
1.5260756951777494
1.5265563519272771
1.5270275743386081
1.527489425807129
1.5279419781572439
1.5283853095172255
1.52881950281244
1.5292446446862356
1.5296608247183183
1.5300681348416496
1.5304666689069737
1.5308565223425898
1.5312377918825804
1.5316105753462856
1.5319749714501438
1.532331079643985
1.532678999969657
1.5330188329275458
1.5333506793566396
1.5336746403229518
1.5339908170139296
1.5342993106390082
1.5346002223348485
1.5348936530751198
1.5351797035843102
1.535458474255544
1.5357300650714805
1.535994575529328
1.536252104568964
1.5365027505040683
1.5367466109567962
1.536983782795387
1.5372143620749645
1.5374384439809314
1.5376561227759118
1.5378674917488846
1.5380726431676595
1.538271668233796
1.5384646570402465
1.5386516985317331
1.5388328804676106
1.5390082893869907
1.5391780105766737
1.539342128041456
1.5395007244760353
1.5396538812400538
1.539801678334726
1.5399441943817271
1.540081506604094
1.5402136908090132
1.5403408213725729
1.5404629712262405
1.5405802118451952
1.5406926132382464
1.54080024393934
1.540903171000862
1.5410014599877597
1.541095174974013
1.5411843785396975
1.54127047024448
1.5413518523043213
1.5414285811753379
129.31670328232866
128.11584972769253
127.83695023663327
127.53186781222189
127.2067573655742
126.86526876775442
126.50958763596557
126.14101956763375
125.76033766909255
125.36798900238723
124.96421692046633
124.54913326948162
124.12276069260028
123.68505707024747
123.23592924600665
122.77524027781499
122.30281272137576
121.81842942006908
121.32183265914976
120.81272217254526
120.2907522674113
119.75552819483686
119.2066018088592
118.64346649887096
118.06555133960771
117.47221437030176
116.86273488527574
116.23630458890513
115.59201743612093
114.928857943511
114.24568771376606
113.54122986592422
112.81405100345292
112.06254027931924
111.28488502898506
110.47904233528683
109.64270575942402
108.77326631496648
107.86776657141188
106.92284654423632
105.93467975308103
104.89889750264665
103.8104990577412
102.66374494502767
101.45203012906912
100.1677333071791
98.8020381072141
97.34472167660643
95.78390624098913
94.10577009314535
92.29421684696733
90.33051134687693
88.1928706531082
85.85610123060447
83.29126946350604
80.4655737641983
77.34259587270323
73.88325974128513
70.047999808366
65.80084878035828
61.11631201329697
55.98978528329318
50.45148279241511
44.58184462947691
38.523061280921986
32.478080941228875
26.688950936965284
21.39440704690828
16.780155295921322
12.943506159769365
9.887235945332101
7.540414773707081
5.791405794200758
4.517892091229397
3.606706229660958
2.9630999115113883
2.5127070740694397
2.1996250268710456
1.9830424117750203
1.8337538964276856
1.7311426460365
1.6607895455197366
1.612673845898948
1.579861428230865
1.5575679772612254
1.5424988857746016
1.5323883092121748
1.5256792182665102
1.5213022146589212
1.5185230356448465
1.5168376043433043
1.5158998866334694
1.515463581659622
1.5153844344098715
1.5155405236532138
1.515863390681112
1.5162815266851275
1.516768506610863
1.5172997072130099
1.517858151940052
1.5184312266876878
1.519012790582794
1.5195963852643863
1.52017815567483
1.5207554767813838
1.5213265663049074
1.5218902201765283
1.5224456316230826
1.5229922673242342
1.523529782552292
1.5240579629687476
1.5245766846637607
1.5250858866881243
1.5255855521490342
1.5260756951777494
1.5265563519272771
1.5270275743386081
1.527489425807129
1.5279419781572439
1.5283853095172255
1.52881950281244
1.5292446446862356
1.5296608247183183
1.5300681348416496
1.5304666689069737
1.5308565223425898
1.5312377918825804
1.5316105753462856
1.5319749714501438
1.532331079643985
1.532678999969657
1.5330188329275458
1.5333506793566396
1.5336746403229518
1.5339908170139296
1.5342993106390082
1.5346002223348485
1.5348936530751198
1.5351797035843102
1.535458474255544
1.5357300650714805
1.535994575529328
1.536252104568964
1.5365027505040683
1.5367466109567962
1.536983782795387
1.5372143620749645
1.5374384439809314
1.5376561227759118
1.5378674917488846
1.5380726431676595
1.538271668233796
1.5384646570402465
1.5386516985317331
1.5388328804676106
1.5390082893869907
1.5391780105766737
1.539342128041456
1.5395007244760353
1.5396538812400538
1.539801678334726
1.5399441943817271
1.540081506604094
1.5402136908090132
1.5403408213725729
1.5404629712262405
1.5405802118451952
1.5406926132382464
1.54080024393934
1.540903171000862
1.5410014599877597
1.541095174974013
1.5411843785396975
1.54127047024448
1.5413518523043213
1.5414285811753379
