47.249280246763945
47.15991420638663
47.070899884973485
46.982247069885965
46.89396658269853
46.80606868328584
46.71856258645635
46.631456408471564
46.54475726559962
46.45847141382723
46.37260438748006
46.28716112240739
46.20214606045764
46.117563236116695
46.03341634751377
45.949708814226106
45.86644382413416
45.78362437128052
45.701253286375746
45.6193332613156
45.537866868833795
45.45685657821382
45.37630476781718
45.296213735048575
45.21658570426535
45.1374228330466
45.05872721716045
44.980500894799434
44.9027458488536
44.82546401027409
44.74865725984073
44.67232742984413
44.596476305500516
44.52110562617137
44.44621708644438
44.37181233711831
44.2978929861238
44.22446059940377
44.151516701769715
44.07906277774499
44.00710027240185
43.93563059219595
43.86465510579927
43.79417514493098
43.724192005184406
43.654706946847725
43.5857211957153
43.517235943886675
43.44925235055001
43.38177154274741
43.31479461611934
43.248322635626124
43.18235663624442
43.11689762363773
43.05194657479949
42.98750443866826
42.923572136714824
42.86015056350108
42.79724058721102
42.73484305015451
42.67295876924439
42.61158853644789
42.550733119213525
42.49039326087435
42.43056968102904
42.3712630759019
42.31247411868303
42.25420345985016
42.1964517274731
42.13921952750229
42.08250744404254
42.02631603961307
41.970645855395006
41.91549741146744
41.86087120703288
41.806767720633026
41.75318741035592
41.70013071403498
41.64759804944083
41.59558981446664
41.54410638730738
41.493148126633756
41.44271537176124
41.392808442814776
41.34342764088938
41.294573248207236
41.2462455282715
41.19844472601717
41.15117106795931
41.10442476233883
41.05820599926621
41.012514950863036
40.96735177140199
40.922716597444996
40.87860954797999
40.83503072455639
40.791980211419144
40.749458075641805
40.707464367258574
40.66599911939516
40.62506234839905
40.58465405396879
40.54477421928245
40.50542281097536
40.466599779868396
40.42830506019225
40.39053857031529
40.353300212718395
40.31658987411982
40.28040742559963
40.24475272272358
40.20962560566664
40.17502589933596
40.14095341349351
40.10740794287833
40.07438926732824
40.04189715190141
40.00993134699731
39.9784915884775
39.94757759778595
39.91718908206894
39.88732573429486
39.857987233373414
39.82917324427457
39.80088341814724
39.773117392437506
39.74587479100661
39.71915522424849
39.69295828920708
39.66728356969324
39.64213063640132
39.61749904702538
39.59338834637507
39.56979806649112
39.54672772676053
39.52417683403141
39.50214488272732
39.48063135496138
39.45963572064999
39.43915743762603
39.41919595175184
39.39975069703172
39.38082109572403
39.362406558452854
39.34450648431935
39.32712026101259
39.31024726491995
39.293886861237155
39.27803840407784
39.262701236582615
39.24787469102777
39.233558088933385
39.219750741171104
39.20645194807137
39.193660999530096
39.181377175115
39.16959974417138
39.158327965927214
39.14756108959806
39.13729835449116
39.12753899010915
39.11828221625322
39.10952724312566
39.10127327143198
39.09351949248232
39.08626508829246
39.079509231684106
39.07325108638477
39.06748980712682
39.0622245397462
39.057454421280454
39.053178580066046
39.04939613583524
39.04610619981227
39.0433078748089
39.04100025531937
39.03918242761476
39.037853469836605
39.037012452090025
39.03665843653603
39.03679047748335
39.0374076214795
39.03850890740123
39.04009336654429
39.04216002271257
39.04470789230653
39.04773598441095
39.051243300882064
39.055228836433955
39.059691578724305
39.0646305084394
39.07004459937854
39.07593281853766
39.08229412619234
39.08912747598007
39.0964318149818
39.10420608380288
39.1124492166532
39.12116014142667
39.13033777978003
