122.71931397537948
122.90941248341164
123.09959523593714
123.28997737182898
123.48067198446412
123.67178942749022
123.86343671711755
124.05571703091339
124.24872930069468
124.44256789517648
124.63732238653803
124.83307739397523
125.02991249664642
125.2279022079401
125.42711600354137
125.62761839441933
125.82946903828474
126.03272288195778
126.23743032831159
126.44363742197035
126.65138604858724
126.8607141431706
127.07165590355031
127.28424200566255
127.49849981787831
127.71445361209567
127.93212476976167
128.15153198138455
128.37269143844034
128.5956170168762
128.82032045166653
129.04681150209046
129.27509810757817
129.5051865341192
129.73708151134227
129.97078636047158
130.20630311343425
130.44363262345038
130.68277466747463
130.92372804088552
131.16649064483562
131.41105956668116
131.6574311539132
131.90560108200506
132.15556441658362
132.407315670318
132.66084885490608
132.91615752852042
133.17323483906011
133.43207356353432
133.6926661438853
133.95500471954088
134.21908115696596
134.4848870764659
134.75241387647736
135.02165275556328
135.2925947323155
135.56523066335046
135.83955125957058
136.11554710085022
136.3932086492908
136.6725262611799
136.95349019777566
137.23609063502937
137.52031767234794
137.80616134048975
138.09361160867894
138.38265839101555
138.67329155225133
138.9655009129957
139.2592762544094
139.55460732243768
139.8514838316316
140.1498954685991
140.44983189512507
140.75128275099527
141.05423765655522
141.35868621503255
141.66461801464814
141.97202263053865
142.28088962651125
142.59120855664864
142.9029689667808
143.21616039583802
143.5307723770988
143.84679443934374
144.16421610792614
144.48302690576892
144.8032163542953
145.1247739743015
145.44768928677766
145.77195181368256
146.0989340913773
146.4285994920364
146.76093821204202
147.0959404835969
147.4335965745934
147.7738967884831
148.116831464147
148.46239097576594
148.81056573269166
149.1613461793183
149.51472279495434
149.87068609369504
150.22922662429536
150.59033497004324
150.95400174863363
151.32021761204254
151.6889732464018
152.0602593718744
152.43406674253006
152.81038614622142
153.18920840446052
153.57052437229578
153.95432493818956
154.34060102389603
154.7293435843396
155.12054360749352
155.51419211425937
155.91028015834658
156.30879882615267
156.70973923664368
157.11309254123532
157.5188499236743
157.92700259992026
158.337541818028
158.75045885803027
159.16574503182093
159.58339168303849
160.00339018695016
160.4257319503363
160.85040841137518
161.27741103952843
161.7067313354265
162.13836083075503
162.5722910881412
163.00851370104078
163.4470202936254
163.88780252067033
164.33085206744283
164.77616064959048
165.22372001303034
165.6735219338383
166.12555821813888
166.5798207019955
167.03630125130096
167.49499176166864
167.95588415832378
168.41897039599522
168.88424245880765
169.3516923601744
169.82131214269018
170.29309387802445
170.76702966681543
171.24311163856396
171.7213319515282
172.20168279261864
172.6841563772932
173.16874494945307
173.65544078133868
174.14423617342635
174.6351234543248
175.1280949806727
175.623143137036
176.1202603358061
176.61943901709796
177.12067164864897
177.62395072571795
178.12926877098457
178.63661833444928
179.14599199333335
179.65738235197946
180.17078204175263
180.68618372094141
181.20358007465967
181.72296381474834
182.24432767967798
182.7676644344514
183.2929668705066
183.8202278056204
184.34944008381203
184.88059657524732
185.41369017614312
185.94871380867215
186.48566042086824
187.02452298653162
187.56529450513503
188.10796800172972
188.65253652685215
189.19899315643062
189.74733099169288
190.29754315907337
190.84962281012116
191.40356312140838
191.95935729443852
192.51699855555555
193.07648015585318
193.6377953710841
194.20093750157042
194.76589987211324
