0.0223494883096476
0.021557392515239086
0.021377046645730122
0.021385193740696057
0.021483083987157942
0.021640416409302796
0.021844047459825124
0.02208634243333769
0.022362132582232176
0.02266768692855059
0.02300021920316197
0.023357594057028478
0.023738131337019613
0.024140469763252244
0.024563469884245497
0.02500614390954896
0.02546760422392775
0.025947025023420993
0.02644361326579367
0.02695658631269397
0.027485154527416747
0.028028507439138928
0.0285858029235279
0.029156158588793318
0.029738645170493683
