249.91854481088373
126.79881215148983
122.26056579872888
117.83843441719375
113.54504920008115
109.39194470170975
105.38918951279446
101.54524661272072
97.86690959196542
94.3592854175357
91.02581630087049
87.86833620520193
84.8871572428284
82.08118061579921
79.44802639348701
76.98417637361686
74.68512451198816
72.54552987374664
70.55936769026337
68.72007483525466
67.02068680266473
65.45396402732091
64.01250609921736
62.68885305673067
61.475573487156844
60.36533960799975
59.35098985004267
58.4255797194368
57.58242189036885
56.81511658391174
56.11757333460765
55.48402524620979
54.90903680294182
54.387506242466436
53.91466341988613
53.486064005473715
53.09758076788178
52.74539260354565
52.42597188492277
52.13607061725607
51.87270581702143
51.63314445590749
51.41488825238045
51.215658538475466
51.0333813822222
50.86617310555308
50.71232630308929
50.570296438288594
50.43868906945088
50.3162477383692
50.20184253848298
50.09445936664973
49.99318985264817
49.897221952836105
49.805831188580015
49.71837250589628
49.63425248440971
49.553005307300566
49.474158996486935
49.397316298082025
49.322126982430035
49.24828287498466
49.17551326744818
49.103580721370896
49.03227723803906
48.9614207696665
48.89085204809044
48.82043170849492
48.75003768661095
48.67956286980784
48.60891298265931
48.53800468960744
48.46674175459201
48.395098696814664
48.32299670747737
48.250381017787504
48.177201019389514
48.10340935430399
48.028961126112215
47.953813215120825
47.877923709010865
47.80125140440138
47.72375540646334
47.64539479725333
47.56612837258589
47.48591443959396
47.4047106686195
47.322473993543426
47.23916055508833
47.154725682014664
47.0691239055363
46.98230900259852
46.894234064024026
46.804851583822284
46.714113566261084
46.62197164756503
46.52837722936549
46.433281621265884
46.33663619011388
46.23839251377985
46.138502537440274
46.03691873056688
45.933594242963615
45.82848305840716
45.72154014456462
45.61272159802827
45.50198478345149
45.389288465893245
45.27459293560956
45.1578601246515
45.0390537147498
44.918139236059005
44.79508415645452
44.66985796116499
44.54243222261668
44.41278066045447
44.28087912244199
44.146705864219555
44.01024128479021
43.8714680980482
43.73037132348855
43.586938289879825
43.44115775797135
43.29302404148855
43.1425296432738
42.989671151228315
42.834447269750264
42.6768588754022
42.51690899008331
42.35460273921202
42.18994730512302
42.02295187767548
41.853627602941245
41.681988604968105
41.508047033569056
41.33182144153804
41.153330153193366
40.97259328393259
40.7896326072259
40.604471495205644
40.417134872149546
40.227649172474855
40.03604230236578
39.842343605160984
39.646583830735395
39.44879510906045
39.24901092810626
39.04726611615625
38.843596828574384
38.63804053900103
38.43063603489344
38.221423417278025
38.01044410453115
37.79774083994294
37.583357702792604
37.367340122591195
37.149734896132685
36.93059020694048
36.70995564667278
36.48788223801045
36.26442245853975
36.039630265119065
35.81356111819079
35.58627200552212
35.35782146481221
35.12826960464948
34.897678123264804
34.666110324583684
34.43363113105284
34.20030709277135
33.966206392465054
33.731398845878076
33.495955897187876
33.25995060909
33.02345764723356
32.786553258746274
32.549315258308226
32.31182292560397
32.07415710234019
31.836400007700778
31.598635253783417
31.36094777177321
31.12342374545887
30.886150538401967
30.64921661493143
30.41271145517409
30.176725464373746
29.941349876809877
29.706676654637853
29.47279838203108
29.239808155023347
29.007799467488642
28.776866093701706
28.54710196797065
28.31860106182131
28.091457259249044
27.865764230537437
27.641615305180533
27.41910334441393
27.198320613873907
249.91854481088373
126.79881215148983
122.26056579872888
117.83843441719375
113.54504920008115
109.39194470170975
105.38918951279446
101.54524661272072
97.86690959196542
94.3592854175357
91.02581630087049
87.86833620520193
84.8871572428284
82.08118061579921
79.44802639348701
76.98417637361686
74.68512451198816
72.54552987374664
70.55936769026337
68.72007483525466
67.02068680266473
65.45396402732091
64.01250609921736
62.68885305673067
61.475573487156844
60.36533960799975
59.35098985004267
58.4255797194368
57.58242189036885
56.81511658391174
56.11757333460765
55.48402524620979
54.90903680294182
54.387506242466436
53.91466341988613
53.486064005473715
53.09758076788178
52.74539260354565
52.42597188492277
52.13607061725607
51.87270581702143
51.63314445590749
51.41488825238045
51.215658538475466
51.0333813822222
50.86617310555308
50.71232630308929
50.570296438288594
50.43868906945088
50.3162477383692
50.20184253848298
50.09445936664973
49.99318985264817
49.897221952836105
49.805831188580015
49.71837250589628
49.63425248440971
49.553005307300566
49.474158996486935
49.397316298082025
49.322126982430035
49.24828287498466
49.17551326744818
49.103580721370896
49.03227723803906
48.9614207696665
48.89085204809044
48.82043170849492
48.75003768661095
48.67956286980784
48.60891298265931
48.53800468960744
48.46674175459201
48.395098696814664
48.32299670747737
48.250381017787504
48.177201019389514
48.10340935430399
48.028961126112215
47.953813215120825
47.877923709010865
47.80125140440138
47.72375540646334
47.64539479725333
47.56612837258589
47.48591443959396
47.4047106686195
47.322473993543426
47.23916055508833
47.154725682014664
47.0691239055363
46.98230900259852
46.894234064024026
46.804851583822284
46.714113566261084
46.62197164756503
46.52837722936549
46.433281621265884
46.33663619011388
46.23839251377985
46.138502537440274
46.03691873056688
45.933594242963615
45.82848305840716
45.72154014456462
45.61272159802827
45.50198478345149
45.389288465893245
45.27459293560956
45.1578601246515
45.0390537147498
44.918139236059005
44.79508415645452
44.66985796116499
44.54243222261668
44.41278066045447
44.28087912244199
44.146705864219555
44.01024128479021
43.8714680980482
43.73037132348855
43.586938289879825
43.44115775797135
43.29302404148855
43.1425296432738
42.989671151228315
42.834447269750264
42.6768588754022
42.51690899008331
42.35460273921202
42.18994730512302
42.02295187767548
41.853627602941245
41.681988604968105
41.508047033569056
41.33182144153804
41.153330153193366
40.97259328393259
40.7896326072259
40.604471495205644
40.417134872149546
40.227649172474855
40.03604230236578
39.842343605160984
39.646583830735395
39.44879510906045
39.24901092810626
39.04726611615625
38.843596828574384
38.63804053900103
38.43063603489344
38.221423417278025
38.01044410453115
37.79774083994294
37.583357702792604
37.367340122591195
37.149734896132685
36.93059020694048
36.70995564667278
36.48788223801045
36.26442245853975
36.039630265119065
35.81356111819079
35.58627200552212
35.35782146481221
35.12826960464948
34.897678123264804
34.666110324583684
34.43363113105284
34.20030709277135
33.966206392465054
33.731398845878076
33.495955897187876
33.25995060909
33.02345764723356
32.786553258746274
32.549315258308226
32.31182292560397
32.07415710234019
31.836400007700778
31.598635253783417
31.36094777177321
31.12342374545887
30.886150538401967
30.64921661493143
30.41271145517409
30.176725464373746
29.941349876809877
29.706676654637853
29.47279838203108
29.239808155023347
29.007799467488642
28.776866093701706
28.54710196797065
28.31860106182131
28.091457259249044
27.865764230537437
27.641615305180533
27.41910334441393
27.198320613873907
