1133.7136452659925
1078.5990551647399
1059.4500405840083
1040.368118962253
1021.3660691612905
1002.4582431805964
983.6587107659218
964.9810351123643
946.4382750239189
928.043010317159
909.8073590571793
891.7429807826559
873.8610648362505
856.1723048053551
838.686861262507
821.4143157353055
804.363619201262
787.5430384367054
770.9601033393594
754.621557959552
738.5333174949934
722.7004329851475
707.1270649266917
691.8164665531042
676.7709770959251
661.992024981611
647.4801406185852
633.2349781930145
619.2553457123358
605.5392418645483
592.0839020332215
578.8858441324784
565.9409242777286
553.2443933790256
540.7909565797288
528.5748324533529
516.5898170355941
504.8293432982791
493.2865420955706
481.95430122640613
470.8253225634267
459.89217680828233
449.1473555115234
438.5833200686747
428.1925474715705
417.9675726560601
407.90102711275864
397.9856751035769
388.2144439437832
378.5804531440255
369.07703900820644
359.6977752325583
350.4364919999008
341.2872900904272
332.24455888746434
323.30296111820917
314.4574761337181
305.70337863776945
297.03624650952906
288.4519600921214
279.9466994989936
271.5169401170425
263.15944648375296
254.871264712819
246.64971363913648
238.49237484951783
230.39708176029276
222.3619078971391
214.38515452598912
206.46533777689808
198.60117539536034
190.7915732476554
183.0356116986789
175.33253197221683
167.6817225949625
160.0827060167514
152.53512549059764
145.03873228721946
137.5933733099209
130.19897916699395
122.85555275033491
115.5631583607457
108.32191141249507
101.13196874221784
93.9935195401323
86.90677691495068
79.87197009786739
72.88933728485856
65.95911911087198
59.0815527529221
52.25686779131991
45.485273937824275
38.76697563190568
32.102146161179014
25.490937547790015
18.93347505064698
12.429855084334681
6.960008429725678
7.013987417872287
7.06723181783829
7.119756361433172
7.1715755185622765
7.222703484367778
7.273154182013837
7.322941247902573
7.3720780014608165
7.420577565754026
7.468452654220244
7.5157157461597635
7.562379015192216
7.608454341209876
7.653953312066535
7.698887225978645
7.743267094559495
7.787103646411188
7.8304073312054
7.873188324187751
7.915456531046091
7.957221593086957
7.998492892669472
8.039279558849982
8.079590473194369
8.119434275719776
8.158819370930106
8.197753933913766
8.236245916475168
8.274303053274117
8.311932867950581
8.349142679214888
8.38593960688513
8.4223305778563
8.45832233198824
8.493921427899911
8.529134248660595
8.563967007369573
8.598425752617139
8.632516373821222
8.666244606435413
8.699616037024583
8.732636108205527
8.765310123451071
8.797643251756485
8.829640532168076
8.861306878173641
8.892647081956412
8.923665818512998
8.954367649636934
8.984757027769973
9.01483829972366
9.044615710272343
9.074093405622015
9.103275436756228
9.13216576266272
9.160768253444228
9.189086693315197
9.21712478348928
9.244886144959148
9.272374321173452
9.29959278061258
9.326544919267693
9.353234063025575
9.37966346996234
9.405836332549633
9.431755779776056
9.457424879186753
9.482846638844045
9.508024009212678
9.532959884971396
9.557657106754421
9.582118462825202
9.606346690685115
9.630344478619358
9.654114467182849
9.677659250628444
9.700981378279213
9.7240833558479
9.746967646704727
9.769636673096715
9.792092817319128
9.81433842284228
9.83637579539475
9.858207204004955
9.879834882002905
9.901261027983859
9.922487806735065
9.943517350127568
9.964351757974153
9.98499309885524
10.005443410913797
10.025704702620196
10.04577895350976
10.065668114891235
10.085374110531694
10.104898837313932
10.124244165871835
10.14341194120165
10.162403983251913
10.181222087492328
10.199868025461868
10.218343545298445
