0.0
0.0
0.0
0.0
0.0
0.0
0.0
0.0
0.0
0.0
0.0
0.0
0.0
0.0
0.0
0.0
0.0
0.0
0.0
0.0
0.0
0.0
0.0
0.0
0.0
0.0
0.0
0.0
0.0
0.0
0.0
0.0
0.0
0.0
0.0
0.0
0.0
0.0
0.0
0.0
0.0
0.0
0.0
0.0
0.0
0.0
0.0
0.0
0.0
0.0
0.0
0.0
0.0
0.0
0.0
0.0
0.0
0.0
0.0
0.0
0.0
0.0
0.0
0.0
0.0
0.0
0.0
0.0
0.0
0.0
0.0
0.0
0.0
0.0
0.0
0.0
0.0
0.0
0.0
0.0
0.0
0.0
0.0
0.0
0.0
0.0
0.0
0.0
0.0
0.0
0.0
0.0
0.0
0.0
0.0
0.0
0.0
0.0
0.0
0.0
0.0
0.0
0.0
0.0
0.0
0.0
0.0
0.0
0.0
0.0
0.0
0.0
0.0
0.0
0.0
0.0
0.0
0.0
0.0
0.0
0.0
0.0
0.0
0.0
0.0
0.0
0.0
0.0
0.0
0.0
0.0
0.0
0.0
0.0
13.581682477660205
33.09270322995814
51.10503369238139
67.9574423726638
83.79173926166963
98.72447772112896
112.85260948323064
126.25765389955573
139.00882156915472
151.1653893291618
162.77853053037862
173.8927430286104
184.54697598659936
194.7755283184001
204.60877197296327
214.07373940936512
223.19460471994364
231.99308069287528
240.48874885666018
248.69933566056275
256.64094503463605
264.3282553733552
271.7746873093035
278.9925473529718
285.9931514741284
292.78693191847725
299.3835299381455
305.79187662721716
312.0202636649659
318.0764054578111
323.9674939196011
329.70024692595956
335.2770525737439
340.70340826626904
345.9899418949594
351.1419365149978
356.16436573114675
361.06192987275705
365.8390668796838
370.49997896262624
375.0486499340677
379.48886225571914
383.8242126841697
388.0581266965725
392.19387186298053
396.2345703209379
400.1832105011217
404.0426582504541
407.81566750167724
411.5048906468249
415.11288878772
418.64214206180526
422.09506027940347
425.4739941638191
428.78124756573345
432.0190911391634
435.1897781348721
438.2955632152947
441.33872556559504
444.32159813866497
447.24660574578786
450.11631609375235
452.93351013899417
455.70128195873366
458.42318504399356
461.10345418220015
0.0
0.0
0.0
0.0
0.0
0.0
0.0
0.0
0.0
0.0
0.0
0.0
0.0
0.0
0.0
0.0
0.0
0.0
0.0
0.0
0.0
0.0
0.0
0.0
0.0
0.0
0.0
0.0
0.0
0.0
0.0
0.0
0.0
0.0
0.0
0.0
0.0
0.0
0.0
0.0
0.0
0.0
0.0
0.0
0.0
0.0
0.0
0.0
0.0
0.0
0.0
0.0
0.0
0.0
0.0
0.0
0.0
0.0
0.0
0.0
0.0
0.0
0.0
0.0
0.0
0.0
0.0
0.0
0.0
0.0
0.0
0.0
0.0
0.0
0.0
0.0
0.0
0.0
0.0
0.0
0.0
0.0
0.0
0.0
0.0
0.0
0.0
0.0
0.0
0.0
0.0
0.0
0.0
0.0
0.0
0.0
0.0
0.0
0.0
0.0
0.0
0.0
0.0
0.0
0.0
0.0
0.0
0.0
0.0
0.0
0.0
0.0
0.0
0.0
0.0
0.0
0.0
0.0
0.0
0.0
0.0
0.0
0.0
0.0
0.0
0.0
0.0
0.0
0.0
0.0
0.0
0.0
0.0
0.0
13.581682477660205
33.09270322995814
51.10503369238139
67.9574423726638
83.79173926166963
98.72447772112896
112.85260948323064
126.25765389955573
139.00882156915472
151.1653893291618
162.77853053037862
173.8927430286104
184.54697598659936
194.7755283184001
204.60877197296327
214.07373940936512
223.19460471994364
231.99308069287528
240.48874885666018
248.69933566056275
256.64094503463605
264.3282553733552
271.7746873093035
278.9925473529718
285.9931514741284
292.78693191847725
299.3835299381455
305.79187662721716
312.0202636649659
318.0764054578111
323.9674939196011
329.70024692595956
335.2770525737439
340.70340826626904
345.9899418949594
351.1419365149978
356.16436573114675
361.06192987275705
365.8390668796838
370.49997896262624
375.0486499340677
379.48886225571914
383.8242126841697
388.0581266965725
392.19387186298053
396.2345703209379
400.1832105011217
404.0426582504541
407.81566750167724
411.5048906468249
415.11288878772
418.64214206180526
422.09506027940347
425.4739941638191
428.78124756573345
432.0190911391634
435.1897781348721
438.2955632152947
441.33872556559504
444.32159813866497
447.24660574578786
450.11631609375235
452.93351013899417
455.70128195873366
458.42318504399356
461.10345418220015
