1379.6095198302683
1376.012260062279
1372.4085081607323
1368.7984895330749
1365.1823815894868
1361.5603252802368
1357.9324326249807
1354.2987924167237
1350.6594746851233
1347.014534242764
1343.364013527087
1339.707944891568
1336.0463524620557
1332.3792536474891
1328.7066603743758
1325.028580099383
1321.3450166428563
1317.6559708771933
1313.9614412970752
1310.2614244931594
1306.5559155466
1302.844908358412
1299.1283959250402
1295.4063705693745
1291.6788241347754
1287.9457481482884
1284.207133958157
1280.4629728498255
1276.7132561439264
1272.9579752791312
1269.1971218822857
1265.43068782783
1261.658665288192
1257.8810467765663
1254.0978251832669
1250.3089938066544
1246.5145463794815
1242.7144770913808
1238.9087806080918
1235.0974520879479
1231.280487196064
1227.4578821165908
1223.6296335643785
1219.7957387902236
1215.956195595164
1212.1110023337144
1208.260157921444
1204.4036618409468
1200.5415141473518
1196.673715473473
1192.8002670347007
1188.921170633704
1185.036428665021
1181.1460441195914
1177.2500205892798
1173.34836227144
1169.4410739735486
1165.528161117949
1161.609629746723
1157.6854865267228
1153.7557387547758
1149.820394363084
1145.8794619248292
1141.9329506599986
1137.980870441436
1134.0232318011356
1130.0600459367745
1126.091324718499
1122.1170806959626
1118.137327105623
1114.1520778782979
1110.1613476469831
1106.1651517549349
1102.1635062640114
1098.156427963282
1094.1439343778961
1090.1260437782128
1086.10277518919
1082.0741484000341
1078.0401839740991
1074.0009032590442
1069.956328397234
1065.9064823363894
1061.8513888404775
1057.7910725008398
1053.7255587475531
1049.654873861019
1045.5790449837764
1041.4981001325293
1037.41206821039
1033.320979019324
1029.2248632727953
1025.1237526086024
1021.0176796018987
1016.9066777783905
1012.7907816276997
1008.670026616889
1004.5444492041356
1000.4140868525465
996.2789780441027
992.1391622937241
987.9946801634435
983.8455732766769
979.691884332577
975.5336571204633
971.3709365343049
967.2037685872523
963.0322004261976
958.8562803463496
954.676057805809
950.4915834401248
946.3029090768172
942.1100877498484
937.9131737140225
933.7122224592954
929.5072907249761
925.2984365137962
921.0857191058294
916.8691990722391
912.6489382888286
908.4249999493724
904.1974485787055
899.9663500455467
895.7317715750277
891.4937817609037
887.2524505774222
883.0078493908163
878.7600509704027
874.5091294992496
870.2551605843901
865.9982212665503
861.7383900293645
857.475746808044
853.2103729974742
848.9423514597056
844.6717665308112
840.3987040270761
836.1232512504943
831.8454969935351
827.5655315431545
823.2834466840168
818.9993357008995
814.7132933802512
810.4254160108702
806.1358013836808
801.8445487905733
797.5517590222868
793.2575343653024
788.9619785977278
784.6651969841438
780.3672962693945
776.0683846712986
771.7685718722616
767.4679690097715
763.1666886657639
758.8648448548382
754.5625530113214
750.2599299751591
745.9570939766365
741.6541646199203
737.3512628654192
733.0485110109681
728.7460326718368
724.4439527595705
720.1423974596742
715.841494208155
711.5413716669378
707.242159698175
702.9439893374769
698.6469927660878
694.3513032820414
690.0570552703292
685.7643841721232
681.4734264530922
677.1843195708618
672.8972019416665
668.6122129062472
664.3294926950548
660.0491823928155
655.7714239025286
651.4963599089592
647.2241338417001
642.9548898378754
638.6887727045629
634.4259278810141
630.1665014007536
625.9106398536436
621.6584903479953
617.4102004728178
613.1659182602917
608.9257921485574
604.6899709449076
600.458603789475
596.2318401134992
592.0098296315476
587.7927222581641
583.5806681180916
579.3738174945979
575.1723208013688
570.9763285521382
