190.5
192.36773204712293
192.90918022255707
193.4506933676755
193.99225555848105
194.53386542918784
195.0755217844476
195.61722324785643
196.15896828034977
196.70075520909813
197.2425822473311
197.78444755916885
198.32634922946946
198.8682853258445
199.41025391044175
199.9522530588035
200.49428087607757
201.03633551066386
201.57841516541578
202.12051810656934
202.6626426706004
203.20478726922562
203.74695039276614
204.28913061209005
204.83132657934104
205.37353702764526
205.91576076997458
206.4579966973262
207.00024377636115
207.5425010466271
208.08476761747437
208.62704266475802
209.16932542740565
209.71161520391612
210.25391134884504
210.79621326932016
211.3385204216231
211.88083230786498
212.42314847277703
212.96546850063223
213.50779201230858
214.05011866250143
214.59244813708807
215.1347801506467
215.6771144441276
216.21945078267524
216.76178895359624
217.30412876446897
217.84647004138873
218.3888126273426
218.93115638070756
219.47350117386475
220.0158468919234
220.55819343154826
221.10054069988288
221.64288861356292
222.1852370978137
222.7275860856252
223.26993551699903
223.8122853382625
224.3546355014439
224.89698596370468
225.4393366868239
225.98168763673036
226.52403878307854
227.06639009886564
227.6087415600842
228.15109314540916
228.69344483591524
229.2357966148223
229.7781484672659
230.3205003800913
230.8628523416678
231.40520434172265
231.9475563711917
232.48990842208568
233.03226048737054
233.57461256086052
234.11696463712235
234.65931671139006
235.20166877948876
235.74402083776684
236.28637288303557
236.82872491251536
237.37107692378817
237.91342891475497
238.45578088359832
238.9981328287488
239.5404847488559
240.08283664276144
240.62518850947697
241.16754034816304
241.70639842928952
242.24879590105036
242.79118837519576
243.3335772655102
243.87596356670377
244.41834797916087
244.9607309963548
245.50311296621254
246.04549413423646
246.58787467382697
247.1302547076168
247.67263432248598
248.21501358013217
248.75739252451353
249.29977118708987
249.84214959051377
250.38452775123062
250.9269056813097
251.46928338973402
252.01166088330893
252.55403816730245
253.09641524589568
253.63879212250086
254.18116879998496
254.72354528082747
255.26592156723132
255.8082976612015
256.3506735645999
256.8930492791844
257.4354248066363
257.97780014857966
258.5201753065949
259.06255028222853
259.60492507699985
260.1472996924059
260.68967412992504
261.232048391019
261.77442247713503
262.31679638970684
262.85917013015575
263.40154369989125
263.9439171003113
264.4862903328032
265.02866339874356
265.57103629949825
266.11340903642326
266.6557816108642
267.1981540241569
267.74052627762705
268.2828983725909
268.825270310355
269.36764209221616
269.9100137194619
270.4523851933702
270.9947565152098
271.5371276862403
272.0794987077119
272.6218695808659
273.1642403069347
273.7066108871414
274.24898132270056
274.7913516148179
275.33372176469044
275.8760917735064
276.4184616424456
276.9608313726792
277.50320096537007
278.04557042167255
278.58793974273294
279.130308929689
279.67267798367055
280.21504690579917
280.7574156971885
281.2997843589441
281.84215289216377
282.3845212979373
282.9268895773468
283.4692577314666
284.01162576136346
284.55399366809644
285.09636145271713
285.6387291162696
286.1810966597906
286.7234640843093
287.26583139084784
287.8081985804209
288.3505656540361
288.8929326126938
289.43529945738766
289.97766618910373
290.5200328088216
291.0623993175137
291.6047657161458
292.1471320056766
292.6894981870582
293.2318642612361
293.7742302291491
294.31659609172937
294.85896184990264
295.4013275045878
295.94369305669795
296.4860585071393
297.02842385681197
297.5707891066096
298.11315425741975
298.65551931012374
299.1978842655968
299.7402491247081
