0.0043665
0.004387147262357139
0.004390869417223346
0.004391580311187839
0.00439163442230362
0.004391550438129752
0.0043914408423724
0.0043913297811791615
0.004391222216069951
0.0043911189581161
0.00439101993745149
0.004390924913216387
0.00439083362624659
0.00439074583048997
0.0043906612981628405
0.0043905798193567295
0.004390501200599061
0.0043904252633336785
0.004390351842515637
0.0043902807853475586
0.004390211950149968
0.004390145205351874
0.004390080428587987
0.004390017505890243
0.004389956330962695
0.004389896804530213
0.004389838833752547
0.004389782331696372
0.004389727216858827
0.004389673412736851
0.00438962084743732
0.004389569453323558
0.004389519166694365
0.004389469927492135
0.004389421679037039
0.004389374367784588
0.004389327943104251
0.004389282357076982
0.004389237564309826
0.004389193521765939
0.0043891501886085356
0.004389107526057469
0.00438906549725724
0.004389024067155434
0.004388983202390568
0.004388942871188576
0.004388903043267135
0.004388863689747161
0.004388824783070858
0.0043887862969257665
0.004388748206174311
0.0043887104867884
0.0043886731157886565
0.004388636071187922
0.004388599331938697
0.004388562877884186
0.004388526689712718
0.0043884907489152416
0.004388455037745698
0.004388419539184031
0.00438838423690168
0.004388349115229344
0.004388314159126877
0.00438827935415517
0.004388244686449856
0.004388210142696757
0.004388175710108936
0.004388141376405237
0.0043881071297902354
0.004388072958935527
0.004388038852962228
0.004388004801424642
0.004387970794295036
0.004387936821949421
0.004387902875154321
0.004387868945054442
0.004387835023161216
0.004387801101342147
0.004387767171810954
0.0043877332271184165
0.00438769926014394
0.004387665264087769
0.004387631232463827
0.004387597159093165
0.004387563038097961
0.004387528863896085
0.0043874946311961574
0.004387460334993122
0.004387425970564284
0.004387391533465799
0.0043873570195296025
0.004387322424860749
0.004387287745835154
0.0043872529790977164
0.004387218121560812
0.004387183170403135
0.004387148123068884
0.004387112977267267
0.004387077730972331
0.004387042382423073
0.004387006930123866
0.00438697137284514
0.004386935709624343
0.004386899939767144
0.004386864062848902
0.004386828078716344
0.004386791987489483
0.004386755789563742
0.004386719485612285
0.004386683076588534
0.004386646563728871
0.00438660994855551
0.004386573232879525
0.004386536418804038
0.004386499508727524
0.004386462505347264
0.004386425411662897
0.00438638823098008
0.0043863509669142394
0.004386313623394388
0.004386276204667025
0.004386238715300064
0.004386201160186809
0.0043861635445499566
0.004386125873945584
0.004386088154267151
0.0043860503917494565
0.004386012592972561
0.0043859747648656525
0.004385936914710824
0.004385899050146756
0.0043858611791722886
0.004385823310149856
0.004385785451808751
0.004385747613248226
0.004385709803940388
0.004385672033732866
0.00438563431285123
0.004385596651901152
0.0043855590618702475
0.004385521554129613
0.004385484140435011
0.004385446832927673
0.004385409644134702
0.004385372586969043
0.004385335674728992
0.004385298921097221
0.004385262340139264
0.004385225946301469
0.004385189754408356
0.004385153779659366
0.0043851180376249565
0.00438508254424202
0.004385047315808589
0.004385012368977796
0.004384977720751048
0.004384943388470399
0.004384909389810057
0.004384875742767037
0.00438484246565087
0.004384809577072397
0.004384777095931562
0.004384745041404193
0.004384713432927773
0.004384682290186085
0.004384651633092813
0.00438462148177397
0.004384591856549186
0.004384562777911818
0.004384534266507848
0.004384506343113548
0.004384479028611917
0.004384452343967832
0.004384426310201938
0.0043844009483632405
0.004384376279500407
0.00438435232463176
0.004384329104713979
0.004384306640609497
0.004384284953052613
0.004384264062614327
0.004384243989665915
0.004384224754341285
0.004384206376498122
0.004384188875677861
0.004384172271064564
0.0043841565814427
0.00438414182515394
0.00438412802005299
0.0043841151834625655
0.004384103332127579
0.0043840924821686375
0.004384082652280518
0.004384073848062892
0.00438406608829292
0.0043840593933694725
0.004384053767442415
0.004384049223426725
0.004384045772070908
0.004384043422846818
