17.185372469267943
17.291348948187114
17.45783457857919
17.61961265242636
17.77510942402847
17.92445440151479
18.067844315682663
18.20549652240906
18.337644018264815
18.46453163026115
18.58641242055379
18.703544346729085
18.816187233484996
18.924600076888396
19.02903869815214
19.129753745466164
19.226989032643615
19.320980195840303
19.411953644176332
19.50012577682036
19.585702437450244
19.668878576676335
19.74983809368787
19.828753829784464
19.905787688351708
19.981090858041526
20.054804118272173
20.127058208553066
20.197974245478928
20.26766417346501
20.336231237369514
20.40377046704716
20.47036916558721
20.536107394508555
20.601058450518774
20.66528932960262
20.728861175200958
20.791829708088386
20.854245636270477
20.916155043816282
20.977599758031086
21.038617694773336
21.09924318203966
21.15950726219503
21.219437973420867
21.27906061110186
21.338397969979848
21.397470567977663
21.456296852642804
21.51489339118581
21.573275045095066
21.631455130302683
21.689445563857692
21.747256998036068
21.80489894278385
21.862379877352016
21.91970735194082
21.976888080128678
22.03392802281689
22.09083246437762
22.14760608164916
22.20425300637975
22.26077688168013
22.317180913004783
22.373467914144136
22.42964034867323
22.48570036726828
22.54164984126977
22.597490392840516
22.653223422038092
22.708850131094664
22.764371546172075
22.819788536837006
22.87510183347951
22.930312042878267
22.98541966209784
23.040425090885815
23.09532864272264
23.150130554662397
23.204830996089697
23.259430076505907
23.313927852446966
23.368324333625033
23.422619488377027
23.476813248494917
23.530905513504937
23.584896154456242
23.638785017273058
23.69257192571901
23.746256684017034
23.799839079163743
23.853318882973014
23.847316317928296
23.84215635028429
23.837589584723137
23.83344005288102
23.829583748953436
23.825933293532017
23.822427117919375
23.819021840827826
23.81568689597929
23.812400746347667
23.80914821662821
23.805918613716713
23.802704402452388
23.799500272601275
23.79630248149906
23.793108390912767
23.789916140739532
23.786724419113124
23.783532300433674
23.78033913125209
23.777144449869944
23.773947929693374
23.77074933932269
23.767548514433138
23.764345337963032
23.761139726154962
23.757931618720754
23.754720971911887
23.75150775363703
23.748291940021865
23.74507351298515
23.741852458530744
23.738628765544163
23.73540242494455
23.732173429087123
23.72894177134209
23.725707445797877
23.72247044705199
23.7192307700636
23.715988410049636
23.71274336241153
23.709495622683562
23.706245186496385
23.70299204955137
23.699736207602413
23.696477656443125
23.693216391897753
23.689952409814786
23.686685706062374
23.683416276525104
23.68014411710171
23.676869223703402
23.67359159225268
23.670311218682503
23.667028098935628
23.663742228964182
23.660453604729287
23.65716222220084
23.65386807735727
23.650571166185422
23.64727148468041
23.64396902884553
23.640663794692152
23.637355778239698
23.63404497551553
23.63073138255493
23.627414995401054
23.624095810104887
23.620773822725212
23.617449029328586
23.61412142598929
23.610791008789334
23.607457773818442
23.604121717174007
23.600782834961105
23.59744112329248
23.594096578288507
23.59074919607725
23.587398972794386
23.58404590458325
23.580689987594845
23.577331217987815
23.573969591928478
23.57060510559081
23.567237755156476
23.56386753681484
23.56049444676297
23.557118481205663
23.553739636355463
23.55035790843269
23.546973293665445
23.54358578828963
23.540195388549005
23.536802090695172
23.53340589098766
23.530006785693885
23.526604771089243
23.5231998434571
23.51979199908885
23.516381234283944
23.51296754534992
23.509550928602454
23.506131380365392
23.502708896970773
23.499283474758897
23.495855110078363
23.49242379928609
23.488989538747376
