730323.6238512
724385.8996917369
725363.8738916478
726584.282724488
727941.4775152733
729372.9477258566
730841.1804966592
732323.5564838817
733806.3274359239
735281.0222203656
736742.3009878969
738186.6731673724
739611.7307677009
741015.6890122344
742397.1101653397
743754.7364312988
745087.3876541053
746393.8973571986
747673.0712872065
748923.6589603964
750144.3324835757
751333.6691635968
752490.1357466059
753612.072907211
754697.6790566596
755744.9927890669
756751.8734112834
757715.9790519392
758634.7418435115
759505.3396328003
760324.6636083556
761089.2811390245
761795.3929985357
762438.7840021478
763014.7659010114
763518.1111617018
763942.9759964905
764282.8106968089
764530.2549500254
764677.0153801439
764713.7220394221
764629.7599874173
764413.0714307933
764049.9231810739
763524.633464577
762819.2514823085
761913.1827423819
760782.7533853574
759400.7080291737
757735.6389965047
755751.3516653633
753406.1836016356
750652.2507158983
747435.0851183344
743692.8883419998
739356.8292423552
734351.9396937146
728599.5771617605
722022.3416776631
714552.7164640714
706146.8931144986
696804.9172482069
686596.7697936862
675690.463601384
664372.5561293546
653045.9471360078
642190.4237509664
632284.6654476871
623711.9305767441
616688.2306111592
611243.1670137224
607253.969178351
604507.0275017592
602759.0006531256
601778.6184371196
601368.5045010311
601371.3922592357
601667.5989284259
602168.844270033
602811.3900439678
603549.8907338686
604352.4142635055
605196.6353233171
606067.02611155
606952.8294404991
607846.6179482385
608743.2799222675
609639.3101712158
610532.3163382281
611420.6762254535
612303.3003953948
613179.4679094505
614049.1031575616
614911.2087939186
615765.9108342613
616613.135746327
617452.4741411234
618284.654806175
619109.4321044217
619926.8633287074
620737.0531469318
621540.0374674823
622335.9257176361
623124.8188096192
623906.8208368877
624682.0381382445
625450.5786185883
626212.551251016
626968.065706869
627717.2320760569
628460.1606512401
629196.9617572675
629927.7456129139
630652.6222158402
631371.7012443866
632085.0919718328
632792.9031899908
633495.243139963
634192.2194485985
634883.9390695519
635570.5082282054
636252.0323699573
636928.6161113571
637600.363194221
638267.3764418681
638929.7577179801
639587.607887582
640241.0267801977
640890.1131550466
641534.964668295
642175.6778422
642812.3480362305
643445.0694199632
644073.9349478589
644699.0363357776
645320.4640392341
645938.3072333393
646552.6537943865
647163.5902830529
647771.2019291751
648375.5726180284
648976.7848781241
649574.9198704405
650170.0573790603
650762.2758031893
651351.6521504931
651938.2620317384
652522.1796566683
653103.4778311122
653682.2279552529
654258.500023042
654832.362622711
655403.88293834
655973.1267524593
656540.1584496369
657105.0410210253
657667.8360698036
658228.603817541
658787.4031113676
659344.2914319932
659899.3249024879
660452.558297828
661004.0450551503
661553.8372846829
662101.9857813725
662648.5400370816
663193.5482534483
663737.0573552429
664279.1130043403
664819.7596141599
665359.0403646026
665896.9972174664
666433.6709322861
666969.1010826007
667503.3843343433
668036.4422979109
