-0.012534961928503783
-0.0080060704295642
-0.007981141700514971
-0.007957146509787268
-0.007934025139397258
-0.007911763792375863
-0.007890352964624476
-0.007869781531767447
-0.007850036148618953
-0.00783110144413265
-0.007812960328936799
-0.007795594301953323
-0.007778983731020341
-0.007763108099613496
-0.007747946217680158
-0.007733476397741193
-0.007719676599462112
-0.0077065245469900845
-0.007693997823742266
-0.007682073949300649
-0.007670730442641402
-0.007659944875378145
-0.007649694918024686
-0.007639958381641566
-0.007630713256600682
-0.007621937749692987
-0.007613610320319819
-0.0076057097161843
-0.007598215008573075
-0.007591105626523269
-0.0075843613939685205
-0.007577962558351724
-0.007571889825550486
-0.007566124389730691
-0.0075606479616978604
-0.007555442793391358
-0.007550491704282533
-0.007545778100392433
-0.0075412859928648945
-0.007537000013167715
-0.007532905425336088
-0.007528988135243586
-0.0075252346969599745
-0.00752163231624274
-0.0075181688512986015
-0.007514832810695263
-0.007511613349665975
-0.0075085002622584775
-0.007505483973270063
-0.007502555526799574
-0.00749970657407485
-0.007496929357587148
-0.007494216697054619
-0.007491561970534874
-0.007488959098266407
-0.00748640251523158
-0.007483887163170319
-0.007481408460593734
-0.007478962283417571
-0.007476544942783988
-0.007474153162576951
-0.007471784056751223
-0.007469435106595179
-0.007467104138047914
-0.0074647892991518226
-0.007462489037765577
-0.007460202079612879
-0.007457927406755163
-0.00745566423656812
-0.007453412001284821
-0.007451170328178181
-0.0074489390204261095
-0.007446718038716465
-0.007444507483625303
-0.007442307578806847
-0.007440118655013341
-0.007437941134971513
-0.007435775519121617
-0.007433622372225765
-0.007431482310846022
-0.00742935599168357
-0.007427244100768933
-0.007425147343484147
-0.007423066435397277
-0.007421002093882681
-0.007418955030550206
-0.007416925944067992
-0.007414915514580903
-0.007412924397426079
-0.00741095264112798
-0.007409002570423226
-0.007407073007610128
-0.007405165043987022
-0.007403279149455027
-0.0074014157477027
-0.0073995752140766985
-0.0073977578738145845
-0.007395964000578021
-0.007394193815240706
-0.007395871092569234
-0.007398476703481055
-0.007401039891842457
-0.0074035618740076895
-0.007406043778375643
-0.007408486680791591
-0.007410891605321636
-0.007413259530370629
-0.007415591394639683
-0.007417888087889849
-0.007420150478528819
-0.007422379391573598
-0.007424575622821428
-0.007426739938515278
-0.007428873077128104
-0.007430975750975812
-0.007433048647673616
-0.00743509243146333
-0.007437107744418453
-0.00743909520754721
-0.007441055421805782
-0.007442988969029193
-0.007444896412791517
-0.007446778299203811
-0.007448635157654
-0.007450467501499527
-0.007452275828712756
-0.007454060622488055
-0.007455822351811927
-0.007457561472001771
-0.007459278425214897
-0.007460973640928792
-0.007462647536401916
-0.007464300517106589
-0.0074659329771460245
-0.007467545299649968
-0.007469137857153618
-0.0074707110119608166
-0.007472265116490569
-0.007473800513612279
-0.0074753175369650215
-0.007476816511266029
-0.007478297752605913
-0.007479761568734523
-0.007481208259335074
-0.007482638116288702
-0.007484051423929601
-0.007485448459289548
-0.007486829492336557
-0.007488194786202544
-0.007489544597404386
-0.00749087917605604
-0.007492198766074714
-0.007493503605380134
-0.007494793926084125
-0.007496069954676928
-0.007497331912205832
-0.007498580014446844
-0.00749981447207151
-0.0075010354908083745
-0.0075022432715973735
-0.007503438010739438
-0.007504619900043257
-0.007505789126962582
-0.007506945874733172
-0.007508090322501585
-0.007509222645453057
-0.007510343014930555
-0.007511451598554263
-0.007512548560333656
-0.007513634060777559
-0.007514708256999412
-0.007515771302819434
-0.007516823348862632
-0.007517864542654309
-0.007518895028712325
-0.007519914948634708
-0.0075209244411857355
-0.00752192364237814
-0.0075229126855536075
-0.0075238917014588515
-0.00752486081832099
-0.007525820161918609
-0.0075267698556506085
-0.00752771002060461
-0.007528640775619829
-0.007529562237351192
-0.007530474520328402
-0.007531377737014516
-0.007532271997862339
-0.007533157411368296
-0.007534034084125374
-0.007534902120873323
-0.007535761624548559
-0.007536612696330105
-0.0075374554356857125
-0.00753828994041712
-0.007539116306700956
-0.007539934629131855
-0.007540745000760955
-0.007541547513134656
-0.012534961928503783
-0.0080060704295642
-0.007981141700514971
-0.007957146509787268
-0.007934025139397258
-0.007911763792375863
-0.007890352964624476
-0.007869781531767447
-0.007850036148618953
-0.00783110144413265
-0.007812960328936799
-0.007795594301953323
-0.007778983731020341
-0.007763108099613496
-0.007747946217680158
-0.007733476397741193
-0.007719676599462112
-0.0077065245469900845
-0.007693997823742266
-0.007682073949300649
-0.007670730442641402
-0.007659944875378145
-0.007649694918024686
-0.007639958381641566
-0.007630713256600682
-0.007621937749692987
-0.007613610320319819
-0.0076057097161843
-0.007598215008573075
-0.007591105626523269
-0.0075843613939685205
-0.007577962558351724
-0.007571889825550486
-0.007566124389730691
-0.0075606479616978604
-0.007555442793391358
-0.007550491704282533
-0.007545778100392433
-0.0075412859928648945
-0.007537000013167715
-0.007532905425336088
-0.007528988135243586
-0.0075252346969599745
-0.00752163231624274
-0.0075181688512986015
-0.007514832810695263
-0.007511613349665975
-0.0075085002622584775
-0.007505483973270063
-0.007502555526799574
-0.00749970657407485
-0.007496929357587148
-0.007494216697054619
-0.007491561970534874
-0.007488959098266407
-0.00748640251523158
-0.007483887163170319
-0.007481408460593734
-0.007478962283417571
-0.007476544942783988
-0.007474153162576951
-0.007471784056751223
-0.007469435106595179
-0.007467104138047914
-0.0074647892991518226
-0.007462489037765577
-0.007460202079612879
-0.007457927406755163
-0.00745566423656812
-0.007453412001284821
-0.007451170328178181
-0.0074489390204261095
-0.007446718038716465
-0.007444507483625303
-0.007442307578806847
-0.007440118655013341
-0.007437941134971513
-0.007435775519121617
-0.007433622372225765
-0.007431482310846022
-0.00742935599168357
-0.007427244100768933
-0.007425147343484147
-0.007423066435397277
-0.007421002093882681
-0.007418955030550206
-0.007416925944067992
-0.007414915514580903
-0.007412924397426079
-0.00741095264112798
-0.007409002570423226
-0.007407073007610128
-0.007405165043987022
-0.007403279149455027
-0.0074014157477027
-0.0073995752140766985
-0.0073977578738145845
-0.007395964000578021
-0.007394193815240706
-0.007395871092569234
-0.007398476703481055
-0.007401039891842457
-0.0074035618740076895
-0.007406043778375643
-0.007408486680791591
-0.007410891605321636
-0.007413259530370629
-0.007415591394639683
-0.007417888087889849
-0.007420150478528819
-0.007422379391573598
-0.007424575622821428
-0.007426739938515278
-0.007428873077128104
-0.007430975750975812
-0.007433048647673616
-0.00743509243146333
-0.007437107744418453
-0.00743909520754721
-0.007441055421805782
-0.007442988969029193
-0.007444896412791517
-0.007446778299203811
-0.007448635157654
-0.007450467501499527
-0.007452275828712756
-0.007454060622488055
-0.007455822351811927
-0.007457561472001771
-0.007459278425214897
-0.007460973640928792
-0.007462647536401916
-0.007464300517106589
-0.0074659329771460245
-0.007467545299649968
-0.007469137857153618
-0.0074707110119608166
-0.007472265116490569
-0.007473800513612279
-0.0074753175369650215
-0.007476816511266029
-0.007478297752605913
-0.007479761568734523
-0.007481208259335074
-0.007482638116288702
-0.007484051423929601
-0.007485448459289548
-0.007486829492336557
-0.007488194786202544
-0.007489544597404386
-0.00749087917605604
-0.007492198766074714
-0.007493503605380134
-0.007494793926084125
-0.007496069954676928
-0.007497331912205832
-0.007498580014446844
-0.00749981447207151
-0.0075010354908083745
-0.0075022432715973735
-0.007503438010739438
-0.007504619900043257
-0.007505789126962582
-0.007506945874733172
-0.007508090322501585
-0.007509222645453057
-0.007510343014930555
-0.007511451598554263
-0.007512548560333656
-0.007513634060777559
-0.007514708256999412
-0.007515771302819434
-0.007516823348862632
-0.007517864542654309
-0.007518895028712325
-0.007519914948634708
-0.0075209244411857355
-0.00752192364237814
-0.0075229126855536075
-0.0075238917014588515
-0.00752486081832099
-0.007525820161918609
-0.0075267698556506085
-0.00752771002060461
-0.007528640775619829
-0.007529562237351192
-0.007530474520328402
-0.007531377737014516
-0.007532271997862339
-0.007533157411368296
-0.007534034084125374
-0.007534902120873323
-0.007535761624548559
-0.007536612696330105
-0.0075374554356857125
-0.00753828994041712
-0.007539116306700956
-0.007539934629131855
-0.007540745000760955
-0.007541547513134656
