-731.7840205061376
-646.1142487546604
-636.7018284160264
-627.2926964097541
-617.8925151356422
-608.5092386648679
-599.1509823425915
-589.825738898461
-580.541353673858
-571.3055286459182
-562.1258214395456
-553.0096344549426
-543.9641941106112
-534.9965215005866
-526.1133963563457
-517.3213165005377
-508.6264550448178
-500.0346174789786
-491.55120057213946
-483.1811547032967
-474.92895090476344
-466.79855356242433
-458.7933993975205
-450.91638306536225
-443.1698494565606
-435.55559257552164
-428.074860702296
-420.7283674100963
-413.5163079142315
-406.4383798159441
-399.49380971721945
-392.68137969536303
-385.9994601443401
-379.4460431888546
-373.0187779163852
-366.7150054519815
-360.5317973222937
-354.4659907861844
-348.5142252540025
-342.67297756744455
-336.9385961322266
-331.307333634495
-325.77537811988003
-320.33888226099907
-314.99399068035
-309.7368650452009
-304.5637080190089
-299.4707831690001
-294.4544346623515
-289.5111039057902
-284.637344439685
-279.8298340680315
-275.0853866018511
-270.4009601573627
-265.7736683992728
-261.2007701005616
-256.67969741084806
-252.208041774635
-247.78355923432952
-243.40417026853578
-239.0679584847741
-234.77316827413694
-230.51820153358247
-226.30161356015276
-222.12210821807986
-217.9785324775673
-213.86987042010753
-209.7952368017013
-205.75387026112597
-201.74512625626707
-197.7684698066821
-193.8234681160327
-189.90978314283458
-186.02716418304047
-182.17544052268238
-178.35451421365818
-174.56435302039102
-170.8049835799637
-167.0764848131721
-163.37898161888185
-159.71263887923826
-156.07765579858435
-152.47426059447983
-148.90270555501996
-145.363262472705
-141.85621846477846
-138.38187216089915
-134.94053032413683
-131.53250479748277
-128.1581015239816
-124.81765912778381
-121.51146706185435
-118.23984224380892
-115.00308962943163
-111.80150881731063
-108.63539349716352
-105.50503121184589
-102.41070341910445
-99.35268584185961
-98.71611589153818
-98.75332577423315
-98.78949231468329
-98.82463542602342
-98.8587815940508
-98.89194934140764
-98.92416016773502
-98.95543551953499
-98.98579617336706
-99.01526471759158
-99.04386113243086
-99.07160661936186
-99.0985218128163
-99.1246271046819
-99.14994262322661
-99.1744882145117
-99.19828342617738
-99.22134749335538
-99.24369932663657
-99.26535750188526
-99.28634025176169
-99.30666545884363
-99.32635065020214
-99.34541299330819
-99.36386929318137
-99.38173599063434
-99.39902916156043
-99.41576451713279
-99.43195740485145
-99.44762281033938
-99.46277535982111
-99.47742932323287
-99.4915986178283
-99.50529681232234
-99.51853713141493
-99.53133246070932
-99.5436953519502
-99.55563802853096
-99.56717239125484
-99.57831002426576
-99.5890622011678
-99.59943989126106
-99.60945376588899
-99.61911420484834
-99.62843130285916
-99.63741487605756
-99.64607446849624
-99.6544193586509
-99.66245856587291
-99.67020085682897
-99.67765475187252
-99.68482853136618
-99.69173024191318
-99.69836770251038
-99.70474851063045
-99.71088004818155
-99.71676948737706
-99.72242379650345
-99.72784974556895
-99.73305391183673
-99.73804268525282
-99.74282227375299
-99.74739870842812
-99.7517778486088
-99.75596538679106
-99.75996685346885
-99.76378762181787
-99.76743291229546
-99.77090779708202
-99.77421720443317
-99.7773659228992
-99.78035860543656
-99.78319977340095
-99.7858938204359
-99.78844501623995
-99.79085751023031
-99.79313533510805
-99.79528241031049
-99.79730254536686
-99.79919944314962
-99.80097670303729
-99.80263782396995
-99.80418620742675
-99.80562516031121
-99.8069578977316
-99.80818754572523
-99.80931714386898
-99.81034964783474
-99.81128793185245
-99.81213479110097
-99.81289294402616
-99.81356503458285
-99.81415363441494
-99.81466124495252
-99.81509029946886
-99.81544316505322
-99.81572214451944
-99.81592947827934
-99.81606734612538
-99.81613786898673
-99.81614311061753
-731.7840205061376
-646.1142487546604
-636.7018284160264
-627.2926964097541
-617.8925151356422
-608.5092386648679
-599.1509823425915
-589.825738898461
-580.541353673858
-571.3055286459182
-562.1258214395456
-553.0096344549426
-543.9641941106112
-534.9965215005866
-526.1133963563457
-517.3213165005377
-508.6264550448178
-500.0346174789786
-491.55120057213946
-483.1811547032967
-474.92895090476344
-466.79855356242433
-458.7933993975205
-450.91638306536225
-443.1698494565606
-435.55559257552164
-428.074860702296
-420.7283674100963
-413.5163079142315
-406.4383798159441
-399.49380971721945
-392.68137969536303
-385.9994601443401
-379.4460431888546
-373.0187779163852
-366.7150054519815
-360.5317973222937
-354.4659907861844
-348.5142252540025
-342.67297756744455
-336.9385961322266
-331.307333634495
-325.77537811988003
-320.33888226099907
-314.99399068035
-309.7368650452009
-304.5637080190089
-299.4707831690001
-294.4544346623515
-289.5111039057902
-284.637344439685
-279.8298340680315
-275.0853866018511
-270.4009601573627
-265.7736683992728
-261.2007701005616
-256.67969741084806
-252.208041774635
-247.78355923432952
-243.40417026853578
-239.0679584847741
-234.77316827413694
-230.51820153358247
-226.30161356015276
-222.12210821807986
-217.9785324775673
-213.86987042010753
-209.7952368017013
-205.75387026112597
-201.74512625626707
-197.7684698066821
-193.8234681160327
-189.90978314283458
-186.02716418304047
-182.17544052268238
-178.35451421365818
-174.56435302039102
-170.8049835799637
-167.0764848131721
-163.37898161888185
-159.71263887923826
-156.07765579858435
-152.47426059447983
-148.90270555501996
-145.363262472705
-141.85621846477846
-138.38187216089915
-134.94053032413683
-131.53250479748277
-128.1581015239816
-124.81765912778381
-121.51146706185435
-118.23984224380892
-115.00308962943163
-111.80150881731063
-108.63539349716352
-105.50503121184589
-102.41070341910445
-99.35268584185961
-98.71611589153818
-98.75332577423315
-98.78949231468329
-98.82463542602342
-98.8587815940508
-98.89194934140764
-98.92416016773502
-98.95543551953499
-98.98579617336706
-99.01526471759158
-99.04386113243086
-99.07160661936186
-99.0985218128163
-99.1246271046819
-99.14994262322661
-99.1744882145117
-99.19828342617738
-99.22134749335538
-99.24369932663657
-99.26535750188526
-99.28634025176169
-99.30666545884363
-99.32635065020214
-99.34541299330819
-99.36386929318137
-99.38173599063434
-99.39902916156043
-99.41576451713279
-99.43195740485145
-99.44762281033938
-99.46277535982111
-99.47742932323287
-99.4915986178283
-99.50529681232234
-99.51853713141493
-99.53133246070932
-99.5436953519502
-99.55563802853096
-99.56717239125484
-99.57831002426576
-99.5890622011678
-99.59943989126106
-99.60945376588899
-99.61911420484834
-99.62843130285916
-99.63741487605756
-99.64607446849624
-99.6544193586509
-99.66245856587291
-99.67020085682897
-99.67765475187252
-99.68482853136618
-99.69173024191318
-99.69836770251038
-99.70474851063045
-99.71088004818155
-99.71676948737706
-99.72242379650345
-99.72784974556895
-99.73305391183673
-99.73804268525282
-99.74282227375299
-99.74739870842812
-99.7517778486088
-99.75596538679106
-99.75996685346885
-99.76378762181787
-99.76743291229546
-99.77090779708202
-99.77421720443317
-99.7773659228992
-99.78035860543656
-99.78319977340095
-99.7858938204359
-99.78844501623995
-99.79085751023031
-99.79313533510805
-99.79528241031049
-99.79730254536686
-99.79919944314962
-99.80097670303729
-99.80263782396995
-99.80418620742675
-99.80562516031121
-99.8069578977316
-99.80818754572523
-99.80931714386898
-99.81034964783474
-99.81128793185245
-99.81213479110097
-99.81289294402616
-99.81356503458285
-99.81415363441494
-99.81466124495252
-99.81509029946886
-99.81544316505322
-99.81572214451944
-99.81592947827934
-99.81606734612538
-99.81613786898673
-99.81614311061753
