18.916670500357764
18.415575394541012
17.939291673853514
17.487015962643085
17.057911769384514
16.65111474546102
16.26573869975605
15.900881858096076
15.555633158514263
15.229078436580664
14.920306376576088
14.628414121046188
14.352512449398366
14.091730455873545
13.8452196775169
13.612157642663947
13.391750829061932
13.183237037375523
12.985887200017663
12.79900665675273
12.62193593728312
12.454051097151716
12.294763656988922
12.143520196700038
11.999801655966523
11.863122390776129
11.733029032945403
11.609099196070014
11.490940067313606
11.3781869201612
11.270501578911514
11.16757086141466
11.069105022489405
10.974836216655774
10.884516995343503
10.797918850611108
10.714830814642177
10.635058121868811
10.558420938491498
10.484753162397654
10.413901295001077
10.345723385303232
10.280088045485776
10.216873536553404
10.155966921930585
10.097263286449483
10.04066501782709
9.986081147496503
9.933426747512435
9.882622380178413
9.833593597029093
9.786270483833649
9.740587248355373
9.696481847699896
9.653895652202557
9.612773142938739
9.573061640301605
9.53471105970593
9.497673695168517
9.461904024406113
9.427358536003872
9.393995575728775
9.361775210223191
9.330659106345717
9.300610424558087
9.271593724883779
9.243574884084268
9.216521022812653
9.19040044161168
9.165182564723615
9.140837890773714
9.117337949476667
9.09465526547726
9.07276331911174
9.05163652276799
9.031250192705231
9.011580525779326
8.992604578606661
8.974300248774414
8.956646257750728
8.939622135188472
8.923208204357785
8.9073855684732
8.892136097715069
8.877442416772048
8.863287892756949
8.849656623370667
8.83653342520924
8.82390382212675
8.811754033582707
8.800070962916367
8.788842185502617
8.778055936754535
8.76770109994702
8.757767193843451
8.748244360114278
8.739123350541774
8.73039551401007
8.722052783283191
8.714087661577127
8.70649320893418
8.699263028409879
8.692391252083965
8.685872526907975
8.67970200040249
8.67387530621735
8.668388549568151
8.663238292562104
8.658421539425976
8.653935721648237
8.649778683046929
8.645948664774124
8.642444290266951
8.639264550154474
8.636408787128929
8.633876680788934
8.631668232635567
8.629783750463979
8.628223833451727
8.626989356908695
8.626081457067734
8.625501515881577
8.6252511476659
8.625332176523175
8.625746630973682
8.62649672424281
8.627584839374379
8.629013514153945
8.630785426026705
8.63290337703891
8.635370278809715
8.638189137537815
8.641363039046958
8.644895131454895
8.648788619380339
8.65304673776435
8.657672742127
8.662669893664072
8.668041444611813
8.67379062372447
8.679920621850838
8.686434577617055
8.693335563226617
8.700626570389998
8.708310496397072
8.71639013034659
8.724868139547821
8.733747056110305
8.743029263738554
8.752716984749338
8.76281226732995
8.773316973056541
8.784232764692291
8.795561094285707
8.807303191589906
8.81946005282408
8.832032429798684
8.845020819426132
8.858425453638871
8.872246289736697
8.886483001185109
8.901134968886222
8.916201272943416
8.931680684940472
8.947571660755262
8.963872333927409
8.980580509598429
8.997693659041934
9.015208914800331
9.0331230664433
9.051432556961942
9.070133479811087
9.089221576610743
9.108692235515987
9.128540490262884
9.148761019896313
9.169348149177603
9.19029584971044
9.211597741692936
9.233247096418555
9.25523683942715
9.277559554338618
9.300207487354662
9.32317255241862
9.346446337021334
9.370020108639087
9.393884821787692
9.418031125674988
9.442449372432174
9.467129625902773
9.492061670966306
9.517235023372313
9.542638940058904
9.568262429928684
9.594094265053839
9.620122992280885
9.646336945204883
9.672724256481951
9.699272870448302
9.725970556013493
