473.8152351859999
687.737309593868
687.6996673992392
687.7094481800715
688.0129842668771
688.4646310855088
689.048982200596
689.7402730158983
690.5189933164264
691.3700891919996
692.2817491667087
693.24456298629
694.2509334963772
695.2946527043189
696.3705944522466
697.4744841711772
698.6027289576537
699.7522840490915
700.9205535584712
702.1053094059407
703.3046288950338
704.5168451158015
705.7405064444409
706.9743430639485
708.2172399934493
709.4682157181296
710.7264027534488
711.9910330241145
713.2614237646047
714.5369673793224
715.817121160337
717.1014003374758
718.3893702542484
719.6806412945758
720.9748628273035
722.271718742512
723.5709244332629
724.8722230214688
726.1753820652248
727.480190484402
728.7864576283146
730.0940098393756
731.4026898817356
732.7123541509525
734.0228719284839
735.3341239480579
736.6460012618527
737.9584042235649
739.2712417683997
740.5844298553416
741.897891843488
743.2115571090362
744.5253606359785
745.8392424870324
747.1531473273006
748.4670239940164
749.7808249234353
751.0945065456461
752.4080278485949
753.7213508397622
755.0344401013322
756.3472625545879
757.6597872487259
758.9719851686842
760.2838290594315
761.5952932690514
762.9063536040512
764.2169871997953
765.5271725785683
766.836888809075
768.1461165382801
769.4548371295455
770.7630325941798
772.0706863012773
773.377781847881
774.6843028735143
775.9902351537839
777.2955631436123
778.6002734810153
779.9043519713015
781.2077852064555
782.5105605674122
783.8126652604033
785.11408693841
786.4148135247964
787.7148333873498
789.0141345392931
790.3127057515818
791.6105358009065
792.9076136299421
794.2039283331012
795.4994691405853
796.7942254079467
798.0881866017353
799.3813422906874
800.6736821352115
801.9651958794825
803.2558733427392
804.5457044125586
805.8346790383364
807.1227872260318
808.4100188441774
809.6963643674327
810.9818137580481
812.2663571996472
813.5499849125662
814.8326871490847
816.1144541929607
817.3952763563864
818.6751439784254
819.9540474242226
821.2319770837487
822.5089233704679
823.7848767224805
825.0598275998575
826.3337666740483
827.6066840778384
828.8785705307616
830.1494165895358
831.419212835713
832.6879498778183
833.9556183509383
835.2222089204735
836.4877122807087
837.7521191580839
839.0154203133301
840.2776065412792
841.538668675612
842.7985975884081
844.0573841935824
845.3150194488387
846.571494358974
847.8267999772112
888.1751601467881
887.7575032615798
887.4393948557698
887.2131258471313
887.0717039783557
887.0087753972382
887.0185557544106
887.0957696077604
887.2355970940409
887.4336269404478
887.6858150110698
887.9884478559976
888.3381095306597
888.73165399783
889.1661787906011
889.6390024797396
890.147644399323
890.6898065374158
891.263357326244
891.8663171115721
892.4968451008783
893.1532276197221
893.8338675291233
894.5372746717532
895.2620572331643
896.0069139186381
896.7706268564582
897.5520551537643
898.35012903151
899.1638444830382
899.992258403303
900.8344841357596
901.6896874038314
902.5570825825486
903.4359292823593
904.3255292118603
905.2252232963742
906.1343890271502
907.0524380199588
907.9788135563895
908.9129893491427
909.8544663611639
910.8027718807607
911.7574576722784
912.7180984602003
913.684290526372
914.655650410881
915.6318137065009
916.612433942211
917.5972503063914
918.585812084837
919.5778890372023
920.5731269275407
921.5713942632965
922.5723634906357
923.5757886689145
924.5814354209815
925.5890804182598
926.5985109291183
927.6095244436704
928.6219283856602
929.6355399403981
930.6501860365825
931.6657035579775
932.6819399129481
933.6987542058093
934.7160194889989
