42.55609758830656
42.5572666559617
42.55829932647803
42.55920379714148
42.55998812531119
42.56066017373684
42.56122757268334
42.56169768869321
42.56207759953065
42.56237407498593
42.56259356313182
42.562742181557255
42.562825713064306
42.56284960529134
42.56281897374332
42.56273860767947
42.56261297839676
42.56244624943347
42.562242288276735
42.5620046791968
42.56173673687445
42.5614415205309
42.56112184831075
42.560780311707575
42.560419289857144
42.56004096355605
42.559647328892424
42.559240210400745
42.558821273675015
42.558392037394
42.55795388472777
42.55750807410897
42.55705574936308
42.55659794920108
42.55613561608536
42.55566960448545
42.55520068854428
42.55472956917909
42.55425688064343
42.553783196578074
42.553309035579225
42.55283486631312
42.55236111220567
42.55188815573529
42.551416342356404
42.550945984080045
42.55047736273699
42.550010732947634
42.54954632482131
42.54908434640691
42.54862498591497
42.54816841373028
42.547714784232774
42.54726423744309
42.54681690050841
42.54637288904244
42.54593230833286
42.54549525442824
42.54506181511564
42.544632070798876
42.54420609528711
42.543783956502175
42.543365717112415
42.542951435100385
42.54254116427076
42.54213495470434
42.54173285316384
42.54133490345601
42.54094114675464
42.54055162188867
42.540166365598715
42.5397854127655
42.539408796613074
42.53903654888963
42.53866870002804
42.53830527928867
42.53794631488598
42.53759183410104
42.53724186338134
42.53689642842923
42.536555554280504
42.53621926537394
42.535887585613054
42.535560538420796
42.53523814678808
42.53492043331683
42.53460742025815
42.534299129546234
42.533995582828524
42.53369680149236
42.53340280668892
42.533113619354346
42.532904399194464
42.5327741748151
42.53272287748978
42.5327504396551
42.53285679457983
42.533041876132124
42.53330561861605
42.53364795665663
42.53406882511918
42.53456815905278
42.5351458936506
42.5358019642222
42.53653630617424
42.53734885499701
42.5382395462552
42.53920831558143
42.540255098672034
42.541379831284104
42.542582449233635
42.54386288839434
42.54522108469694
42.54665697412888
42.54817049273417
42.54976157661346
42.55143016192426
42.553176184881124
42.554999581755986
42.5569002888785
42.55887824263638
42.56093337947576
42.56306563590156
42.5652749484779
42.56756125382841
42.56992448863661
42.572364589646284
42.57488149366182
42.57747513754856
42.580145458233076
42.58289239270362
42.58571587801026
42.58861585126539
42.59159224964386
42.59464501038337
42.5977740707847
42.600979368212045
42.60426084009316
42.607618423919746
42.61105205724766
42.614561677697104
42.61814722295291
42.62180863076474
42.625545838947346
42.629358785380695
42.63324740801027
42.63721164484719
42.64125143396843
42.64536671351697
42.64955742170203
42.653823496799156
42.65816487715045
42.66258150116466
42.667073307317374
42.671640234151134
42.67628222027557
42.68099920436753
42.6857911251712
42.69065792149818
42.69559953222766
42.7006158963065
42.70570695274925
42.71087264063835
42.716112899124134
42.72142766742496
42.72681688482723
42.732280490685525
42.737818424422585
42.74343062552941
42.749117033565355
42.75487758815809
42.76071222900367
42.76662089586664
42.77260352857994
42.778660067045074
42.78479045123199
42.79099462117922
42.797272516993836
42.80362407885145
42.81004924699624
42.81654796174096
42.82312016346691
42.82976579262395
42.83648478973047
42.843277095373416
42.850142650208205
42.85708139495877
42.8640932704175
42.871178217445205
42.878336176971125
42.885567089992826
42.89287089757621
42.90024754085547
42.90769696103301
42.91521909937948
42.922813897233596
42.930481296002206
42.938221237160164
42.94603366225029
42.953918512883284
