7.1226
53.791263147786104
53.80647444613878
53.87059371055102
53.95253763990045
54.05133973069428
54.161685220978406
54.280593468090565
54.40594621695534
54.53620744361318
54.67024377594892
54.80720620766373
54.94645000465444
55.087479499357045
55.22990928416119
55.37343654650864
55.517821059717626
55.662870416565795
55.80842919508199
55.95437074594196
56.100591019539
56.24700380900834
56.393537167412056
56.5401304838231
56.6867323950214
56.833298943221564
56.97979230506904
57.126179622130536
57.27243214114898
57.41852461257799
57.56443455457457
57.71014194414592
57.855628800620735
58.00087884189887
58.14587731426702
58.29061073134829
58.43506670914653
58.57923381787886
58.7231015438855
58.866660068753085
59.009900299720414
59.15281375344796
59.295392446558
59.43762898557357
59.57951632031899
59.721047980715994
59.86221776390098
60.00301987989703
60.143448912784336
60.28349973260643
60.42316754353578
60.56244782575873
60.70133636664736
60.83982921989599
60.977922654409994
61.1156132041838
61.25289769110022
61.389773125948956
61.52623673539447
61.66228601349573
61.797918587256376
61.93313236541914
62.06792542994499
62.20229601099451
62.33624261590496
62.46976387523893
62.60285863564026
62.73552584490415
62.86776474525173
62.99957464173419
63.130955054747595
63.261905641958904
63.39242627252404
63.52251687680619
63.65217759904878
63.78140875093906
63.91021070103703
64.03858401712722
64.1665293956404
64.29404768834554
64.421139825274
64.54780689581476
64.67405007876496
64.79987074899387
64.92527033457662
65.05025035954559
65.17481250986184
65.29895856665817
65.42269039457474
65.54601001886094
65.66891947695025
65.79142101651273
65.9135168245362
66.03520931889977
66.15650094706216
66.2773942808507
66.39789192236854
66.51799659317444
66.63771108813239
66.75703828691549
66.87598109594505
66.99454257407186
67.11272584465603
67.23053400318989
67.34797033953885
67.46503809424433
67.58174068834585
67.69808151323357
67.8140640511386
67.92969186891824
68.04496855816579
68.15989776173629
68.27448324248553
68.38872869616745
68.50263803086692
68.61621503748208
68.72946369177133
68.842387959734
68.95499182240235
69.06727937780653
69.17925470047629
69.2909220233283
69.40228544525593
69.51334926823414
69.62411779867152
69.73459529519226
69.84478620948886
69.95469485567178
70.06432571112978
70.17368326970859
70.2827720848488
70.39159666226222
70.50016160171123
71.30843006394998
71.38600173035763
71.4644518205015
71.54379882188283
71.6240378376666
71.70515002325654
71.78710893268182
71.86988425327964
71.95344392798356
72.03775585429034
72.12278832356678
72.20851078539643
72.2948939497402
72.38190988142898
72.46953213027578
72.55773557927904
72.6464965543221
72.73579252201381
72.82560229822703
72.9159057817404
73.00668389505874
73.09791865436402
73.18959301139701
73.28169078880957
73.37419665470954
73.46709604003586
73.5603752367845
73.65402108352106
73.74802118464432
73.84236386858714
73.93703784428608
74.03203261425008
74.12733811847717
74.2229449010086
74.3188439188299
74.41502667720349
74.51148512241997
74.60821161105797
74.70519899397586
74.80244053497522
74.89992971570112
74.99766063046661
75.0956276277167
75.19382535737516
75.2922488660186
75.39089353990516
75.48975497417052
75.58882914216416
75.6881123504863
75.78761551579613
75.88730652933278
75.98719688441518
76.08726939431253
76.18755048452785
76.28802354553932
76.38868651610748
76.48953770629524
76.59057553811522
76.69179876667297
76.79320631954134
76.89479750387515
76.99657182141976
77.09852918560809
77.20066994292934
77.30299506266604
77.40550628761177
77.5082066551731
