0.0001
0.00029567989281507293
0.0003020003018635952
0.00030833927647178175
0.00031468267775110236
0.00032101952303968364
0.00032733996658763665
0.00033363503671438244
0.00033989666797109213
0.0003461177633786317
0.0003522922385174766
0.00035841503922344893
0.0003644821327477925
0.00037049047447561116
0.00037643795328894987
0.0003823233192220603
0.00038814609733653116
0.0003939064917895497
0.00039960528391826887
0.0004052437278599256
0.0004108234468158083
0.0004163463325907342
0.00042181445053662863
0.00042722995153095857
0.00043259499215225826
0.0004379116637925583
0.00044318193108005535
0.0004484075796790925
0.00045359017328809576
0.00045873101946604855
0.0004638311437786783
0.0004688912716600332
0.00047391181732623277
0.0004788928790489397
0.0004838342400899349
0.000488735374609277
0.0004935954578831468
0.0004984133801994058
0.000503187763836111
0.0005079169825682208
0.0005125991831887586
0.0005172323085715294
0.0005218141218423235
0.000526342231263919
0.0005308141154768857
0.0005352271487731816
0.0005395786261127782
0.0005438657876253289
0.0005480858423691162
0.0005522359911485432
0.0005563134482191685
0.0005603154617359411
0.0005642393328257973
0.0005680824331902288
0.0005718422211667273
0.0005755162562000744
0.0005791022081249655
0.0005825978849134124
0.0005860012118954853
0.0005893102674926005
0.000592523277183399
0.0005956386206810387
0.0005986548354737646
0.0006015706190029359
0.0006043848295660879
0.0006070964860351389
0.0006097047664841103
0.0006122090058237579
0.0006146086925424714
0.0006169034646528611
0.000619093104943008
0.0006211775356291963
0.000623156819963676
0.000625031126399643
0.0006268007659574997
0.0006284661563352843
0.0006300278220911621
0.0006314863875323983
0.0006328425695647904
0.0006340971705639775
0.000635251071317901
0.0006363052240927479
0.0006372606458571814
0.0006381184117038754
0.0006388796484971091
0.0006395455287716556
0.0006401172649033431
0.0006405961035673849
0.0006409833204965069
0.0006412802155473014
0.0006414881080799607
0.0006416083326535174
0.000641642235036155
0.0006415911685278036
0.0006414564905902223
0.0006412395597780768
0.0006409417329629954
0.0006405643628414239
0.0006401087957160537
0.0006395763695398315
0.0006389684122109342
0.0006382862401066403
0.0006375311568437336
0.0006367044522528853
0.0006358074015544091
0.0006348412647228129
0.0006338072860276354
0.0006327066937383381
0.0006315406999811114
0.0006303105007358767
0.000629017275961962
0.0006276621898413606
0.0006262463911287653
0.000624771013598009
0.0006232371765748795
0.0006216459855466686
0.000619998529134872
0.0006182958944725456
0.0006165391463114756
0.0006147293420828962
0.000612867529282144
0.0006109547463447449
0.0006089920905633703
0.0006069804542467879
0.0006049209159827046
0.0006028144887553767
0.0006006621796995586
0.000598464992206057
0.0005962239269850896
0.0005939399829616587
0.000591614158123359
0.0005892474503338392
0.0005868408581100605
0.0005843953147735961
0.0005819119524150142
0.0005793917141401752
0.0005768356063734448
0.0005742446408026913
0.0005716198336678668
0.0005689622060153631
0.0005662727840378068
0.0005635525993712795
0.0005608026893302123
0.0005580240970759104
0.0005552178717171972
0.0005523850683422642
0.0005495267479811775
0.000546643977498806
0.0005437378294182774
0.0005408093816753712
0.0005378597173045864
0.0005348899240579546
0.0005319010939580037
0.0005288943227865574
0.0005258707095114363
0.0005228313556533714
0.000519777364595802
0.0005167098408404637
0.0005136298892119928
0.0005105386140150308
0.0005074371181475158
0.0005043265021741328
0.0005012078633640589
0.0004980822946973373
0.0004949508838443537
0.0004918147121230528
0.0004886748534385968
0.0004855323732102771
0.00048238832729050296
0.00047924376088075366
0.00047609970744931203
0.0004729571876556095
0.00046981720828590147
0.0004666807612049069
0.00046354882232793333
0.0004604223506178147
0.0004573022871040866
0.000454189553975893
0.0004510850536092986
0.0004479896677717467
0.00044490425676684735
0.0004418296586669952
0.00043876668858811854
0.0004357161380158778
0.00043267877418536147
0.00042965533951603354
0.0004266465511033513
0.0004236531002681745
0.0004206756521647589
0.0004177148454478201
0.00041477129199885617
0.0004118455767116092
0.00040893825733628007
0.0004060498643818228
0.00040318090107539393
0.00040033184337778604
0.0003975031400534704
0.0003946952127936084
0.00039190845639028386
0.00038914323895995675
