-0.011767236083096261
-0.010012858859614657
-0.010663235000073136
-0.011313396550684808
-0.011963183797524994
-0.012612570737849431
-0.013261551698974245
-0.013910122892646988
-0.014558283451618323
-0.015206027934627159
-0.015853353604279093
-0.016500256956735355
-0.01714673452208821
-0.017792782933355546
-0.018438398976606343
-0.01908357962566623
-0.0197283220641234
-0.020372623697159604
-0.02101648215535591
-0.021659895292264624
-0.022302861177356217
-0.022945378085520194
-0.023587444484363854
-0.02422905902004236
-0.024870220502287533
-0.02551092788936576
-0.02615118027315124
-0.02679097686475997
-0.027430316980940145
-0.028069200031357478
-0.028707625506777898
-0.02934559296841406
-0.029983102038126343
-0.030620152389745244
-0.03125674809900884
-0.0318928758474239
-0.03252854849477352
-0.033163761498866975
-0.03379851469309873
-0.03443280792978027
-0.03506664107595984
-0.03570001401053229
-0.036332926621872895
-0.03696537880602866
-0.03759737046505678
-0.03822890150589953
-0.03885997183930844
-0.03949058137912805
-0.040120730041773044
-0.04075041774573684
-0.041379644411375066
-0.042008409960743
-0.0426367143174752
-0.04326455740688627
-0.04389193915597281
-0.044518859493495995
-0.0451453183502146
-0.04577131565895436
-0.04639685135492758
-0.04702192537581754
-0.04764653766204032
-0.0482706881569689
-0.04889437680710431
-0.049517603562336206
-0.05014036837611585
-0.05076267120566405
-0.05138451201208194
-0.05200589076065261
-0.05262680742090443
-0.05324726196683513
-0.053867254376947976
-0.054486784634530105
-0.05510585272762027
-0.05572445864922212
-0.056342602397354224
-0.05696028397515247
-0.057577503390931
-0.058194260658297324
-0.058810555796083866
-0.059426388828637475
-0.060041759785577395
-0.0606566687020741
-0.06127111561584515
-0.061885100578390334
-0.06249862363871203
-0.06311168485382479
-0.06372428428651047
-0.06433642200486882
-0.06494809808266448
-0.0655593125989244
-0.06617006563858362
-0.06678035729171196
-0.06739018765758087
-0.06799955683021783
-0.06860846491982533
-0.06921691203826735
-0.0698248983029155
-0.07043242383638873
-0.07103948876665397
-0.07164609322699196
-0.07225223735586997
-0.07285792129699355
-0.07346314519925129
-0.07406790921658235
-0.07467221350808104
-0.07527605823782771
-0.075879443574955
-0.07648236969349291
-0.07708483677243569
-0.07768684499562051
-0.07828839455164424
-0.07888948563392757
-0.07949011844065021
-0.08009029317458695
-0.0806900100431735
-0.08128926925839831
-0.08188807103679198
-0.08248641559937671
-0.08308430317153728
-0.0836817339830872
-0.08427870826809851
-0.0848752262650117
-0.08547128821636228
-0.08606689436891228
-0.08666204497357806
-0.08725674028528195
-0.08785098056298167
-0.08844476606956483
-0.08903809707194398
-0.08963097384083167
-0.09022339665080047
-0.09081536578024858
-0.09140688151128568
-0.09199794412985093
-0.09258855392559263
-0.09317871119181732
-0.09376841622563922
-0.09435766932787243
-0.09494647080310821
-0.09553482095977328
-0.09612272011028034
-0.09671016857095847
-0.09729716666245465
-0.09788371470982808
-0.09846981304284494
-0.09905546199640833
-0.09964066191103946
-0.10022541313351073
-0.10080971601774408
-0.10139357092592237
-0.10197697822986133
-0.10255993831305928
-0.1031424515731363
-0.1037245184253545
-0.10430613930705485
-0.1048873146842466
-0.10546804506014172
-0.10604833098770575
-0.10662817308783783
-0.10720757207582782
-0.10778652880244521
-0.10836504431831846
-0.1089431199810653
-0.10952075755086317
-0.11009795989226165
-0.11067473119969665
-0.11125107905661827
-0.11182701948172548
-0.11240260013260286
-0.11296582572902145
-0.11354061355940202
-0.11411494596172268
-0.11468883901543242
-0.1152622957055151
-0.11583531712924935
-0.11640790410123088
-0.1169800573843932
-0.11755177772407299
-0.11812306585379646
-0.1186939224970063
-0.11926434836811255
-0.11983434417317497
-0.12040391061101607
-0.12097304837364713
-0.12154175814707087
-0.1221100406118753
-0.12267789644382159
-0.12324532631434196
-0.12381233089097256
-0.12437891083791018
-0.12494506681628054
-0.12551079948467525
-0.1260761094993315
-0.1266409975144712
-0.12720546418278242
-0.12776951015542726
-0.12833313608249952
-0.1288963426130147
-0.12945913039547371
-0.13002150007759994
