138.3642
132.96553355093306
132.63522289016308
132.32496453439083
132.03250193520273
131.75745230608905
131.49968321074036
131.25903077546076
131.03525463233777
130.82803529697895
130.63697982560933
130.46162957983645
130.3014687972711
130.1559335179051
130.0244205795962
129.9062964477894
129.8009056822072
129.70757888108628
129.625639982015
129.55441283581
129.49322700452112
129.44142276537292
129.39835532850267
129.363398297448
129.33594641750497
129.31541766862895
129.30125476696367
129.29292614293576
129.28992646476212
129.29177677479186
129.2980243029257
129.30824201691468
129.3220279640952
129.33900445341254
129.358817120727
129.3811339145995
129.405644034188
129.43205684566357
129.46010079876504
129.4895223607622
129.52008498126338
129.55156809790975
129.58376619010096
129.61648788540765
129.64955512126554
129.6828023628344
129.71607587654
129.74923305773487
129.78214181010463
129.8146799738425
129.84673479922353
129.8782024619622
129.9089876166361
129.9390029844614
129.96816897179727
129.99641331591678
130.02367168495994
130.04988377161138
130.07499795647962
130.0989684426444
130.12175505222643
130.14332321907833
130.16364375108492
130.1826925993903
130.20045063494197
130.21690343160287
130.23204105510794
130.2458578572556
130.25835227500284
130.26952663394763
130.2793869562151
130.28794277247053
130.29520867292567
130.30119738394598
130.30592941450232
130.30942653266428
130.31171313659073
130.31281609232684
130.31276457551724
130.3115899177162
130.3093254568389
130.30600639278612
130.3016696473087
130.29635372871
130.2900986011921
130.28294555885785
130.27493710433464
130.26611683196816
130.25652931552372
130.2462200003154
130.23523509967478
130.22362149565743
130.21142664388057
130.1986984823744
130.1854853443272
130.17183587459812
130.1577989498702
130.1434236023127
130.12875894662383
130.11385411032364
130.0987581671676
130.08352007355603
130.068188607814
130.05281231222136
130.0374394376758
130.02211789087536
130.00689518391064
129.99181838616198
129.97693407840026
129.9622883089957
129.9479265521417
129.93389366800685
129.92023386473227
129.90699066219412
129.89420685745787
129.88192449185368
129.87018447670818
129.8590279262515
129.84849410328508
129.83862172294704
129.82944860571254
129.8210116498712
129.81335420635025
129.80649705135914
129.8004805207773
129.79533800255308
129.79110151361934
129.7878019773887
129.78546924897717
129.784132105612
129.78381823294706
129.78455421163713
129.78636550477967
129.78926887885547
129.79330206407624
129.79848061778654
129.80482501564737
129.8123549189278
129.82108886609822
129.83104422389448
129.8422371761858
129.85468271908627
129.86839465779906
129.88338560455685
129.8996669775781
129.91724900103924
129.93614070607623
129.95634993283082
129.97788333355683
130.00074637680277
130.0249433526871
130.0504773792819
130.07735041011924
130.10556324283615
130.13511552896907
130.1660057849117
130.1982314040443
130.23178867004333
130.26667277137753
130.30287781699178
130.34039685318214
130.37922188165683
130.41934387877893
130.46075281598144
130.50343768134348
130.54738650230834
130.59258636952706
130.6390234618022
130.6866830721039
130.73554963462652
130.78560675285252
130.83683722858078
130.88922309187944
130.9427456319138
130.9973854286
131.0531223850304
131.1099357629392
131.16780420485674
131.22670579178137
131.28661805478532
131.34751802203567
131.4093822522103
131.47218687056088
131.5359076052158
131.60051982364857
131.66599856923696
131.73231859783587
131.79945441428953
131.86738030880676
131.93607039312363
132.00549863638184
132.07563890064688
132.14646497599836
132.21795061511983
132.29006956732363
132.3627956119479
132.43610259105304
132.50996444138025
132.58435522549033
132.6592491620503
