6.148685568220808
6.130102707185296
6.112666294695144
6.096367767564242
6.081192661662298
6.067116490083531
6.054104963414561
6.042115169891107
6.031097104707998
6.020995351097154
6.011750784947422
6.003302201662965
5.995587789454778
5.988546399624108
5.982118589060783
5.976247430910776
5.9708791050651655
5.965963290639402
5.961453388479836
5.957306603861428
5.95348391892314
5.949949981980913
5.94667293744537
5.943624216260185
5.9407783029816725
5.938112492110389
5.935606643195036
5.933242941623124
5.931005669877019
5.928880992291794
5.926856755477357
5.924922304220328
5.923068314362399
5.9212866411427365
5.919570182785144
5.917912758039119
5.9163089973473495
5.91475424548942
5.913244475459761
5.911776212145228
5.910346464864865
5.90895266783096
5.907592627667717
5.906264477195814
5.904966634768924
5.90369776848066
5.902456764893416
5.901242701167816
5.900054820991913
5.898892513216462
5.897755293166679
5.896642786046252
5.895554712693422
5.894490876693613
5.893451150853025
5.892435476806496
5.891443842026737
5.890476281681166
5.889532869419375
5.888613711333869
5.887718940596523
5.886848712684858
5.886003201124839
5.885182593685223
5.884387088968449
5.883616893350084
5.882872218225781
5.882153277530067
5.881460285497508
5.880793454639679
5.8801529939168065
5.879539107084792
5.878951991202227
5.878391835283814
5.87785881908908
5.8773531120362446
5.87687487223343
5.876424245620002
5.876001365211725
5.875606350444502
5.875239306611856
5.874900324391798
5.874589479459138
5.874306832179396
5.874052427380895
5.8738262942014
5.873628446005997
5.873458880373556
5.873317579146615
5.873204507330079
5.873119618121476
5.8730628458449505
5.873034111073166
5.8730333197562565
5.873060363583831
5.873115120394192
5.8731974546223675
5.873307217783219
5.873444248986281
5.87358363840684
5.873719009588798
5.873850975431484
5.873980094786047
5.8741068791256055
5.874231797364358
5.874355279880099
5.874477722037501
5.8745994874032945
5.874720910006974
5.874842297442829
5.874963932552854
5.875086075441251
5.8752089651720505
5.875332821290373
5.875457845191101
5.875584221354812
5.875712118468887
5.875841690448132
5.8759730773678065
5.876106406320202
5.876241792203877
5.8763793384536145
5.876519137718106
5.876661272491016
5.876805815700799
5.876952831263298
5.877102374601065
5.877254493132482
5.877409226733575
5.877566608174852
5.877726663534992
5.877889412593732
5.878054869204864
5.878223041651183
5.878393932982358
5.878567541336762
5.878743860248338
5.878922878939075
5.879104582598186
5.8792889526483485
5.879475966999775
5.879665600292539
5.879857824127843
5.880052607288528
5.88024991594939
5.880449713877663
5.880651962623944
5.880856621704205
5.881063648772947
5.881272999788026
5.8814846291672875
5.881698489937525
5.881914533875999
5.8821327116445845
5.882352972917156
5.882575266500274
5.882799540447445
5.88302574216724
5.883253818525586
5.883483715942308
5.883715380482205
5.883948757941086
5.884183793926598
5.884420433934419
5.884658623419744
5.884898307864553
5.8851394328404645
5.885381944067758
5.885625787470466
5.885870909227856
5.886117255822374
5.886364774084311
5.886613411233207
5.886863114916307
5.887113833244145
5.887365514823325
5.887618108786728
5.887871564821225
5.888125833193075
5.888380864771033
5.888636611047425
5.888893024157138
5.889150056894698
5.88940766272965
5.889665795820099
5.889924411024771
5.890183463913477
5.890442910776152
5.890702708630558
5.890962815228693
5.891223189062023
5.891483789365551
5.8917445761209
5.892005510058291
5.8922665526576425
5.892527666148838
5.892788813511073
5.893049958471563
5.893311065503418
