169.20015091200003
149.83747514829054
149.78244314666134
149.7303862653355
149.67840635719506
149.62615869782155
149.57358328627458
149.5206526067136
149.46734361745115
149.4136346170613
149.3595048696493
149.30493453751717
149.2499046496375
149.19439707583038
149.13839450324795
149.08188041474168
149.02483906900412
148.967255482425
148.9091154125985
148.85040534343344
148.79111247180649
148.73122469571112
148.6707306038526
148.60961946663755
148.54788122851653
148.4855065016305
148.4224865607183
148.35881333924186
148.29447942668588
148.22947806699088
148.16380315807652
148.09744925241597
148.03041155861752
147.96268594397446
147.8942689379397
147.82515773648473
147.75535020729976
147.68484489579143
147.61364103183496
147.54173853723435
147.4691380338473
147.39584085232238
147.32184904140541
147.24716537775953
147.1717933762497
147.0957373006356
147.01900217461903
146.9415937931853
146.86351873418033
146.7847843700591
146.70539887974093
146.62537126050668
146.5447113398625
146.4634297873058
146.38153812590772
146.29904874364593
146.2159749043998
146.13233075852997
146.04813135295225
145.96339264062536
145.87813148935422
145.79236568982876
145.70611396279187
145.61939596524343
145.53223229561195
145.44464449769163
145.35665506347442
145.26828743444077
145.17956600153337
145.09051610350696
145.0011640236391
144.91153698467926
144.82166314193915
144.7315715744345
144.64129227397518
144.55085613212063
144.46029492490757
144.3696412952678
144.27892873305996
144.18819155263805
144.09746486789285
144.00678456470462
143.91618727075604
143.82571032265867
143.73539173036121
143.64527013881175
143.55538478686063
143.46577546339864
143.37648246074178
143.2875465252795
143.1990088054233
143.11091079690166
143.02329428546284
142.93620128706243
142.84967398562588
142.76375466849333
142.6784856596681
142.5939092510065
142.51006763150218
142.42700281483462
142.34475656536495
142.26337032278002
142.18288512559835
142.10334153376735
142.0247795505932
141.947238544261
141.8707571692096
141.7953732876423
141.72112389145983
141.64804502491467
141.57617170828678
141.5055378628954
141.43617623775629
141.3681183382044
141.30139435679257
141.23603310678814
141.17206195857207
141.1095117622082
141.0483968578321
140.9887449197517
140.93057697953617
140.87391236171362
140.81876864377014
140.7651616208586
140.71310527550688
140.6626117525148
140.61369133920041
140.5663524511257
140.52060162340607
140.4764435076793
140.4338808747772
140.39291462311462
140.3535437927759
140.3157655852499
140.27957538872863
140.37097457175275
140.0873050236423
139.8089911034223
139.53714230995118
139.27205448391442
139.01387685588233
138.76268727111997
138.51850958632352
138.281324237913
138.05107684107207
137.82768537683654
137.61104616368317
137.4010387864228
137.19753014470348
137.00037776643273
136.80943251172002
136.62454077362236
136.4455462644374
136.27229146107132
136.1046187700988
135.94237146235685
135.7853944180066
135.63353471566154
135.48664209317587
135.34456930275758
135.20717237905325
135.0743108355402
134.94584780187085
134.82165011257422
134.70158835571206
134.58553688855338
134.47714073475004
134.37732189209166
134.28141335739483
134.1892852433761
134.10081213868767
134.01587441160825
133.9343569519702
133.85614906589802
133.78114450836205
133.70924139267063
133.6403421078105
133.57435324627153
133.5111855454901
133.45075384680217
133.3929770767899
133.3377782573782
133.28508455305936
133.23482736652164
133.18694249812046
133.14137039058866
133.09805648921684
133.05695176079118
133.01801343443412
132.9812060580543
132.94650301231349
132.91388870165014
132.88336177019337
132.8549399085606
132.8286672003954
132.80462565416556
132.78295388718718
132.76387855881774
132.7477696909169
132.73524351595125
