570.9763285521382
567.1598480456564
563.3509537265387
559.5500812870125
555.7576511190633
551.9740676408946
548.1997178585193
544.4349700731971
540.6801729054946
536.93565466227
533.201723037694
529.4786651253974
525.7667477103616
522.0662178035678
518.3773033791863
514.7002142730149
511.03514320164646
507.3822668641605
503.7417470915794
500.11373201354814
496.4983572163306
492.8957468709558
489.306014814961
485.7292655754782
482.1655953252661
478.6150927666478
475.0778399411293
471.5539129647699
468.0433826911665
464.5463153052699
461.0627728522005
457.5928137058606
454.136492982485
450.6938629044065
447.2649731192641
443.84987097971845
440.4486017884744
437.0612090130862
433.6877344746613
430.3282185141973
426.98270013990316
423.6512171584791
420.33380629296516
417.03050328942976
413.74134301444565
410.46635954501323
407.2055862523204
403.9590558804888
400.7268006212433
397.5088521852488
394.3052418706946
391.116000629561
387.9411591318772
384.78074782817873
381.6347970102773
378.50333687039046
375.3863975586149
372.28400922341746
369.19620211523477
366.123006583008
363.0644531472204
360.0205725456117
356.99139577853686
353.97695415181204
350.97727931691276
347.99240330839103
345.0223585783986
342.06717802821663
339.12689503670987
336.2015434856396
333.2911577817911
330.3957728758882
327.515424278285
324.65014805344623
321.7999808809371
318.9649600121543
316.14512328908296
313.34050914431833
310.55115659814084
307.77710525273574
305.01839528365383
302.2750674286147
299.5471629737759
296.8347237375645
294.1377920522034
291.456410743046
288.7906231058394
286.14047288203386
283.5060042322738
280.8872617081392
278.28429022231285
275.69713501723317
273.1258416323568
270.5704558701255
268.0310237607309
265.5075915257649
263.00020554083744
260.50891229723646
258.03375836270044
255.57479034136546
253.13205483294465
250.70559839119
248.29546748168156
245.9017084389829
243.52436742319694
241.1634903759491
238.81912297582204
236.4913105932602
234.1800982449579
231.88553054774223
229.60765167195746
227.3465052943539
225.1021345504842
222.87458198660417
220.663889511077
218.47009834527634
216.29324897398368
214.13338109527484
211.99053356692949
209.86474436412362
207.7560505189633
205.66448807120295
203.5900920155286
201.532896248319
199.49293353275712
197.4702353885578
195.46483209238713
193.47675260485454
191.5060245146191
189.5526739822525
187.61672568373254
185.69820275358137
183.79712672768804
181.91351748586396
180.04739317529996
178.19877020891207
176.36766315202084
174.55408468237917
172.7580455325278
170.9795544321386
169.21861805058163
167.4752409398355
165.74942547784826
164.0411718124612
162.35047780601042
160.67733898072967
159.02174846507992
157.38369694113717
155.76317259317352
154.16016105757075
152.5746453742073
151.00660593946358
149.4560204609908
147.9228639143906
146.407108501953
144.90872361359905
143.4276757901749
141.96392868924073
140.5174430534959
139.08817668197867
137.67608440417402
136.28111805715776
134.90322646590045
133.54235542684708
132.19844769488083
130.87144297377287
129.56127791020938
128.26788609147897
126.99119804689305
125.73114125300162
124.48764014265582
123.2606161179564
122.04998756711733
120.8556698852592
119.67757549913749
118.51561389579538
117.36969165512113
116.2397124862801
115.12557726794711
114.02718409235064
112.94443558606243
111.8772094456323
110.82540338263072
109.78890485897078
108.76759882379983
107.76136777798935
106.77009184187817
105.79364882593816
104.83191430418444
103.8847616901665
102.95206231537442
102.03368550988864
101.12949868509669
100.23936741829618
99.36315553899996
98.500725216757
97.6519370503
96.81665015783086
95.99472226825395
95.18600981316827
