0.019992133447534196
0.019106226208300662
0.018307412838618985
0.01758752974475107
0.016939191092389675
0.016355546327856314
0.015830231007578268
0.01535734836172126
0.01493145624380921
0.014547554303140158
0.014201069653768248
0.013887840298342889
0.013604096111100788
0.01334643756219318
0.013111812612394174
0.012897492341312232
0.012701045914534689
0.012520315470711915
0.012353391441409185
0.012198588725192966
0.012054424038234503
0.011919594667580517
0.011792958767015582
0.01167351726250836
0.011560397375671634
0.011452837728988701
0.011350174964389597
0.011251831785051349
0.011157306317389495
0.011066162683512229
0.010978022675798883
0.010892558419081901
0.010809485927326286
0.010728559448913641
0.010649566515969468
0.010572323614771372
0.010496672404703653
0.010422476416763077
0.010349618175989096
0.010277996693196319
0.01020752528015882
0.01013812964728044
0.010069746247809694
0.01000232083702426
0.009935807218762648
0.009870166155127274
0.009805364418144863
0.009741373965854021
0.009678171223829248
0.009615736462966094
0.00955405325711718
0.009493108010898919
0.009432889551206136
0.00937338876944664
0.009314598289285929
0.009256512285489698
0.009199126117728594
0.009142436212541415
0.009086439863934183
0.00903113507825658
0.008976520439007889
0.008922594988978143
0.008869358127469126
0.008816809520651872
0.008764949023379013
0.008713776611007664
0.008663292319979341
0.008613496196082392
0.008564388249473018
0.008515968415656775
0.008468236521744778
0.008421192257398848
0.008374835149949808
0.008329164543257763
0.00828417957993004
0.008239879186569527
0.008196262061768985
0.008153326666591333
0.008111071217325558
0.008069493680312961
0.008028591768673248
0.007988362940770728
0.007948804400275294
0.007909913097688757
0.00787168573321424
0.00783411876085706
0.007797208393648073
0.00776095060989293
0.0077253411603635915
0.007690375576312966
0.007656049153485439
0.0076223570608815565
0.0075892942018044324
0.0075568553236311595
0.007525035004376776
0.0074938276640659765
0.007463227576555559
0.00743315414099332
0.007403192943888399
0.0073733592262778735
0.007343666715422494
0.00731412784547771
0.007284753888173152
0.007255555061808926
0.007226540625641957
0.007197718965682757
0.0071690976601965686
0.007140683558417285
0.0071124828311164325
0.007084501025461445
0.007056743112444449
0.007029213529683936
0.007001916220178865
0.00697485466752852
0.006948031928049561
0.006921450660171281
0.006895113151426731
0.0068690213433209675
0.00684317685431249
0.006817581001113681
0.006792234818489376
0.006767139077703038
0.006742294303745361
0.006717700791459165
0.006693358620657899
0.0066692676703295
0.006645427631995769
0.006621838022294549
0.00659849819484719
0.00657540735145838
0.006552564552693442
0.0065299687278778775
0.006507618684552113
0.006485513117415006
0.0064636506167867905
0.0064420296766175954
0.006420648702065174
0.006399506016666624
0.006378599869123313
0.0063579284397194255
0.006337489846391538
0.006317282150466759
0.006297303362085575
0.006277551445322268
0.006258024323020542
0.006238719881355762
0.006219635974136488
0.006200770426857368
0.006182121040518027
0.0061636855952133624
0.006145461853512117
0.006127447563629638
0.006109640462405099
0.00609203827809606
0.006074638732993552
0.006057439545872267
0.006040438434278445
0.006023633116668946
0.006007021314404193
0.0059906007536052516
0.005974369166881556
0.005958324294934693
0.005942463888045633
0.0059267857074523055
0.0059112875266218905
0.005895967132423142
0.00588082232620686
0.005865850924796604
0.005851050761395379
0.005836419686414048
0.005821955568225322
0.005807656293846335
0.005793519769556117
0.00577954392145043
0.005765726695937128
0.005752066060177458
0.005738560002474013
0.005725206532611702
0.005712003682151631
0.005698949504682641
0.005686042076032848
0.005673279494443322
0.005660659880706604
0.005648181378272744
0.005635842153324594
0.005623640394824308
0.005611574314533548
0.005599642147008856
0.0055878421495743295
0.00557617260227213
0.00556463180779505
0.005553218091398004
0.005541929800796284
0.005530765306044995
0.00551972299940642
0.005508801295203037
0.005497998629658832
0.005487313460730473
0.005476744267927062
0.005466289552122258
