0.00265
0.0026287225759711584
0.002633961631615651
0.002640152000086888
0.0026466863031967456
0.0026534468720604224
0.00266039247108921
0.0026674975733248264
0.0026747433609085264
0.002682116097963368
0.0026896064213713287
0.0026972086654000705
0.0027049201470223166
0.0027127404487077133
0.0027206707405429812
0.0027287131726080665
0.002736870356103528
0.0027451449408645487
0.0027535392884773836
0.002762055234351808
0.00277069392853558
0.002779455743349534
0.00278834023558812
0.0027973461516224386
0.0028064714648864493
0.002815713436640177
0.00282506869238565
0.0028345333077353205
0.0028441028988318772
0.0028537727111736387
0.002863537718076351
0.0028733926914077455
0.002883332291141478
0.002893351134758867
0.0029034438673793857
0.0029136052091166243
0.0029238300228411488
0.0029341133486056473
0.002944450444367116
0.0029548368178990317
0.002965268252927149
0.0029757408299786493
0.0029862509424533135
0.0029967953084303494
0.00300737097871584
0.0030179753383075218
0.0030286061216590636
0.003039261392140446
0.003049939553571714
0.003060639342293857
0.0030713598267367373
0.0030821003853225095
0.0030928607230273296
0.003103640849384756
0.003114440921851144
0.0031252618482471065
0.00313610437150818
0.0031469696655925905
0.0031578591801085226
0.0031687746353145935
0.003179718017892847
0.0031906915775839224
0.0032016978247626057
0.00321273952900218
0.003223819718706627
0.0032349416818336996
0.0032461089677676444
0.003257325390376553
0.003268595032295104
0.0032799222504729356
0.003291311683028356
0.0033027682574544373
0.0033142972002250634
0.0033259040478574716
0.003337594659492679
0.0033493752310665495
0.00336125231115094
0.003373232818558852
0.003385324061818291
0.003397533760634621
0.003409870069477522
0.0034223416034456426
0.003434957466582985
0.0034477272828417954
0.003460661229912121
0.0034737700762795536
0.0034870652206709187
0.0035005587387971367
0.003514263427163348
0.0035281920740184982
0.0035423614461526855
0.0035567844794161256
0.0035714782318109466
0.003586460008776117
0.0036017482380982374
0.0036173625599196365
0.003633323925738647
0.003649654707274431
0.0036663788161791417
0.003669460519428806
0.0036685878738623966
0.003667672823759354
0.0036667164214357942
0.003665721635187358
0.0036646888549489768
0.0036636194197172157
0.0036625146557814118
0.00366137589981927
0.0036602043128239636
0.003659001360567723
0.0036577682431206487
0.00365650619714466
0.0036552164390392015
0.0036539001640269824
0.003652558545352967
0.0036511927335950677
0.0036498038560770444
0.003648393016380435
0.0036469612939469052
0.0036455097437651813
0.0036440393961376084
0.003642551256519815
0.0036410463054278902
0.003639525498408764
0.003637989766067109
0.0036364400141458042
0.0036348771236538705
0.0036333019510384674
0.003631715328396142
0.0036301180637198977
0.0036285109411789847
0.003626894721425626
0.0036252701419290843
0.00362363791733035
0.003621998739817291
0.0036203532795163642
0.0036187021848985133
0.003617046083197785
0.003615385580838921
0.0036137212638740306
0.003612053698424894
0.0036103834311303866
0.003608710989596506
0.003607036882848483
0.003605361601783267
0.003603685619621274
0.0036020093923569835
0.0036003333592059786
0.0035986579430494392
0.0035969835508739226
0.0035953105742067945
0.003593639389545642
0.003591970358781788
0.003590303829618262
0.003588640135979858
0.00358697959841659
0.0035853225244999523
0.00358366920921115
0.0035820199353214692
0.003580374973765086
0.0035787345840036177
0.0035770990143817183
0.003575468502475929
0.0035738432754337424
0.003572223550305571
0.0035706095343672976
0.003569001425436067
0.0035673994121763336
0.003565803674399048
0.0035642143833520884
0.0035626317020031645
0.0035610557853147564
0.0035594867805115236
0.0035579248273398495
0.0035563700583200295
0.0035548225989915426
0.0035532825681506976
0.0035517500780815857
0.0035502252347798004
0.0035487081381699675
0.003547198882316083
0.003545697555626072
0.0035442042410499057
0.0035427190162710823
0.0035412419538932037
0.0035397731216195816
0.0035383125824282333
0.0035368603947407893
0.0035354166125862304
0.003533981285759529
0.003532554459975018
0.0035311361770151164
0.00352972647487388
0.0035283253878966615
0.0035269329469146443
0.0035255491793748806
0.0035241741094670185
0.0035228077582446934
0.0035214501437440524
0.0035201012810978805
