7.322995638159827
7.320446279838784
7.318297225748404
7.315914910566611
7.313398625626418
7.3108100913214695
7.30818601113245
7.305548175071089
7.302909501047549
7.300277633461899
7.297657084675909
7.295050508593943
7.29245945775026
7.289884833181525
7.287327151622461
7.284786704098699
7.2822636499623385
7.279758072555363
7.277270012065856
7.274799484828176
7.2723464945648
7.269911038836352
7.267493112640063
7.2650927103083704
7.2627098263905845
7.260344455921663
7.2579965943161815
7.2556662370265705
7.253353379045592
7.251058014297421
7.248780134939997
7.246519730587936
7.24427678745645
7.242051287420749
7.239843206980731
7.237652516116728
7.2354791770182505
7.233323142663455
7.231184355222496
7.229062744252524
7.226958224645733
7.2248706942843794
7.222800031347815
7.220746091206106
7.218708702822722
7.21668766457508
7.214682739385754
7.212693649043762
7.210720067577634
7.208761613535104
7.206817841024515
7.204888229272357
7.202972171214741
7.2010689599869275
7.199177775256778
7.197297668892438
7.195427552186024
7.19356618737593
7.191712188217046
7.189864036920874
7.188020127737381
7.1861788496199885
7.184338719146033
7.182498565825513
7.180657751046712
7.178816371209091
7.176975370686622
7.175136497949688
7.173302092751268
7.171474767775465
7.169657090559921
7.16785135507346
7.166059456900056
7.1642828924859145
7.162522793446077
7.160779995307371
7.159055106372629
7.157348567223496
7.155660697471355
7.153991730577569
7.152341839079256
7.150711152458525
7.149099769581031
7.147507767282341
7.1459352062818144
7.1443821352515835
7.142848593621147
7.141334613519187
7.139840221125655
7.138365437621636
7.136910279864591
7.135474760875874
7.134058779038221
7.1326624939699155
7.131285892415459
7.1299290765292165
7.128591883821048
7.127274322630487
7.12597639386746
7.12469809278294
7.123439391114876
7.122200303046395
7.120980810531491
7.119780894163365
7.1186005330316275
7.117439704599942
7.11629838465895
7.115176547323619
7.114074165056282
7.112991208704256
7.111927647545443
7.110883449337905
7.109858580371106
7.108853005517393
7.107866688282846
7.106899590857025
7.105951674161286
7.105022897895466
7.104113220582863
7.103222599613398
7.102350991284958
7.101498350842877
7.100664632517566
7.099849789560277
7.099053774277029
7.098276538060692
7.097518031421268
7.096778204014374
7.096057004667975
7.095354381407368
7.094670281478497
7.094004651369575
7.093357436831101
7.092728582894291
7.092118033887968
7.091525733453967
7.090951624561066
7.09039564951755
7.089857749982398
7.089337866975173
7.088835940884669
7.088351911476345
7.087885717898623
7.087437298688084
7.087006591773611
7.086593534479573
7.086198063528035
7.085820115040099
7.085459624536423
7.085116526936927
7.084790756559807
7.08448224711984
7.084190931726067
7.0839167428789
7.083659612466694
7.08341947176182
7.083196251416317
7.082989881457131
7.082800291281009
7.082627409649081
7.082471164681176
7.082331483849898
7.082208293974524
7.082101521214734
7.082011091064233
7.08193692834428
7.081878957197162
7.081837101079667
7.0818112827565285
7.081801424293944
7.08180744705314
7.081829271684014
7.081866818118919
7.081920004077063
7.081988749301364
