1.5
1.5002092994713356
1.5002178846228769
1.500210010818086
1.5002012023891864
1.5001921110526164
1.5001829427293523
1.5001738468686479
1.5001649357463895
1.500156292274087
1.5001479796673136
1.500140031541224
1.500132478176325
1.5001253344630558
1.5001186062421148
1.5001122923166803
1.5001063860764674
1.5001008768116042
1.5000957507753978
1.500090992043514
1.5000865832072892
1.500082505931334
1.5000787413997387
1.50007527067058
1.5000720749548075
1.5000691358327256
1.5000664354190065
1.5000639564852996
1.500061682548017
1.5000595979276365
1.5000576877848328
1.500055938137902
1.500054335865221
1.5000528686958867
1.5000515251911506
1.5000502947188483
1.500049167422628
1.5000481341874992
1.5000471866029161
1.500046316924407
1.5000455180345715
1.5000447834040764
1.5000441070531783
1.5000434835141554
1.5000429077949622
1.5000423753443128
1.5000418820183612
1.50004142404907
1.5000409980143274
1.5000406008098384
1.5000402296227748
1.500039881907167
1.5000395553609824
1.5000392479048463
1.5000389576623172
1.5000386829416685
1.5000384222190817
1.5000381741231774
1.500037937420806
1.5000377110040135
1.5000374938781158
1.5000372851507842
1.5000370840220958
1.500036889775461
1.5000367017693577
1.5000365194298315
1.5000363422436733
1.5000361697522464
1.500036001545879
1.5000358372588094
1.5000356765646086
1.500035519172046
1.5000353648213722
1.5000352132809591
1.5000350643442888
1.5000349178272336
1.5000347735656288
1.500034631413083
1.5000344912390216
1.500034352926933
1.500034216372806
1.500034081483721
1.500033948176608
1.500033816377125
1.5000336860186672
1.5000335570414798
1.5000334293918767
1.5000333030215325
1.5000331778868699
1.5000330539485016
1.5000329311707488
1.5000328095212034
1.5000561951268254
1.500039912380327
1.5000284431374575
1.5000203614010823
1.5000146643473296
1.5000106463752454
1.5000078108411246
1.5000058080915342
1.5000043919158075
1.5000033889214222
1.500002676986649
1.5000021700945863
1.5000018076560258
1.500001546991199
1.5000013580351668
1.500001219608832
1.5000011167924414
1.5000010390755427
1.5000009790537974
1.5000009315109954
1.5000008927723847
1.5000008602491293
1.5000008321173972
1.5000008070922894
1.5000007842685819
1.5000007630085233
1.500000742862804
1.5000007235148656
1.5000007047416775
1.5000006863860977
1.500000668337409
1.5000006505175947
1.5000006328716795
1.5000006153609222
1.5000005979580169
1.5000005806437153
1.5000005634044473
1.5000005462306385
1.5000005291155367
1.5000005120543705
1.5000004950437709
1.5000004780813507
1.5000004611654199
1.500000444294774
1.5000004274685563
1.5000004106861513
1.5000003939471134
1.5000003772511188
1.500000360597928
1.5000003439873604
1.500000327419278
1.5000003108935718
1.5000002944101543
1.500000277968952
1.5000002615699017
1.5000002452129457
1.5000002288980334
1.5000002126251177
1.5000001963941527
1.5000001802050928
1.5000001640578966
1.500000147952522
1.5000001318889262
1.500000115867068
1.5000000998869056
1.5000000839483976
1.5000000680515029
1.5000000521961792
1.5000000363823847
1.500000020610078
1.5000000048792175
1.4999999891897606
1.499999973541665
1.499999957934888
1.4999999423693873
1.4999999268451192
1.4999999113620426
1.4999998959201135
1.4999998805192878
1.4999998651595234
1.4999998498407754
1.4999998345630026
1.4999998193261583
1.4999998041302
1.4999997889750842
1.4999997738607658
1.4999997587871998
1.499999743754343
1.4999997287621498
1.499999713810576
1.4999996988995774
1.4999996840291085
1.4999996691991229
1.4999996544095768
1.4999996396604254
1.499999624951622
1.4999996102831212
1.4999995956548784
1.4999995810668467
1.4999995665189816
1.4999995520112355
1.4999995375435633
1.4999995231159198
1.4999995087282567
1.4999994943805293
1.4999994800726901
1.4999994658046942
1.4999994515764938
