36.0
35.784263801265766
35.635831366397454
35.50819948374732
35.392294490009974
35.2828580721855
35.17679176138744
35.072276147926445
34.96824954579998
34.86409898937969
34.75947705262366
34.65419325487743
34.54814968894282
34.44130287053907
34.3336411359004
34.22517125854307
34.11591053221293
34.0058820945804
33.89511217210624
33.78362846368059
33.67145919918153
33.55863259798935
33.44517656449783
33.33111852407959
33.21648534234723
33.10130329390921
32.985598060677425
32.86939474800936
32.752717911859186
32.63559159302689
32.518039356343934
32.40008433369377
32.28174927042291
32.16305657512275
32.04402837305623
31.924686563726983
31.80505288328431
31.68514897264478
31.564996452413734
31.444617005916953
31.324032471917604
31.203264948907435
31.082336913233995
30.961271353769135
30.84009192634571
30.718823131787317
30.597490522099548
30.476120939991848
30.35474279786654
30.2333864029011
30.112084335266406
29.99087187819241
29.869787550789212
29.74887363248403
29.628176817780233
29.507748866118465
29.387647238706762
29.267935613095684
29.14868409963922
29.02996887728755
28.91187083342675
28.794472671273468
28.67785393726696
28.562083699309706
28.447211380002205
28.333257527526666
28.22020755706574
28.108011594335384
27.996591639304178
27.88585406110441
27.775703153435266
27.666051771764653
27.55682698797416
27.44797183786164
27.339443745954146
27.23121199263432
27.123254922693523
27.015557495130434
26.908109346216424
26.800903353657716
26.693934617406946
26.587199753586084
26.48069641197424
26.37442294938968
26.268378210208667
26.162561379223835
26.05697188274982
25.95160932212336
25.846473428730746
25.741564033408736
25.636881045454228
25.53242443807467
25.42820082574469
25.324200989089434
25.22042615689546
25.116870578772325
25.013544064050947
24.910445948941554
24.80757597131967
24.70493410478446
24.602521588083146
24.5003370703002
24.398381029263426
24.296653912478178
24.195156160519268
24.09388821811799
23.992850540399758
23.892043596271506
23.79146787013082
23.691123862590395
23.5910120906284
23.491133087406865
23.39148740190191
23.292075598429687
23.192898256118077
23.093955968353146
22.995249342217182
22.89677899792817
22.79854556828613
22.700549698129482
22.6027920438029
22.50527327263725
22.40799406244221
22.31095510101098
22.214157085637567
22.117600722645196
22.021286726927233
21.9252158214984
21.82938873705728
21.733806211559042
21.63846898979825
21.543377823001666
21.448533468430277
21.35393668899053
21.259588252854357
21.16548893308781
21.071639507287923
20.97804075722763
20.884693468508402
20.79159843022038
20.698756434609926
20.606168276753998
20.51383475424164
20.421756666861814
20.32993481629786
20.2383700058281
20.147063040032407
20.056014724504795
19.965225865571412
19.874697270014302
19.784429744800207
19.694424096814696
19.60468113260124
19.515201658104985
19.42598647842144
19.33703639754936
19.248352218148298
19.15993474130017
19.07178476627505
18.983903090300753
18.89629050833641
18.80894781284958
18.721875793597
18.63507523740874
18.54854692797564
18.46229164564002
18.37631016718934
18.29060326565302
18.205171710101908
18.120016265450644
18.03513769226263
17.95053674655753
17.866214179621295
17.7821707223586
17.698407127117505
17.614924130980047
