473.8152351859999
517.2533218262182
516.6241690141223
516.167112542073
516.0210294953408
516.0657890237746
516.2763654822917
516.6237518719527
517.0855249264583
517.6439879912042
518.2849254750097
518.9967415371312
519.769854392912
520.5962569578303
521.4691942104868
522.3829189162391
523.3325074084495
524.3137136374353
525.3228572698946
526.3567318622385
527.4125320903167
528.4877946464254
529.5803492717632
530.6882776902138
531.8098797087567
532.9436453110712
534.088229825782
535.2424339700584
536.4051854350529
537.5755244306736
538.7525898660972
539.9356088476808
541.1238860807335
542.3167958761805
543.5137739275932
544.7143106471424
545.9179459738494
547.1242639313791
548.332887851238
549.5434759377064
550.7557187452212
551.9693349150256
553.1840692365073
554.3996892560714
555.6159834443001
556.8327591285702
558.0498405750451
559.2670674060653
560.4842932671107
561.7013839195511
562.9182169063806
564.1346799210777
565.3506699921646
566.5660926039712
567.78086089809
568.9948949841142
570.2081211692614
571.4204719107752
572.6318844587039
573.8423009626832
575.0516678574812
576.2599355249489
577.4670579047183
578.672992165274
579.8776984576181
581.0811395977418
582.283280858531
583.4840897109385
584.6835358275638
585.8815902642365
587.0782262019172
588.2734181864632
589.4671420256341
590.659375202923
591.8500960155964
593.0392833549633
594.226918198044
595.4129809974867
596.5974542562234
597.7803202196706
598.9615620285992
600.1411637186101
601.3191094331379
602.4953839008497
603.6699722225851
604.8428599933721
606.0140326976663
607.183476503575
608.3511776706988
609.5171226805411
610.6812981525482
611.8436908897623
613.0042877539952
614.1630757503597
615.3200419318355
616.475173414344
617.6284573240519
618.7798808135161
619.9294310292378
621.0770951015857
622.2228601099366
623.3667129750271
624.5086409821193
625.6486308906184
626.7866695680777
627.9227437501121
629.0568401202156
630.1889452219835
631.3190454988874
632.4471272853824
633.5731767789463
634.6971800448313
635.8191230383754
636.9389915285452
638.0567712027148
639.172447677326
640.286006045092
641.3974316483971
642.5067095192054
643.6138245591925
644.7187614836879
645.8215048915345
646.9220391500958
648.0203485270724
649.1164171126837
650.2102287986826
651.3017673746907
652.3910163975237
653.4779593117858
654.562579393148
655.6448597669122
656.7247833667257
657.8023329936577
737.4783658324557
735.5296344502749
733.7368171157667
732.0899398817949
730.5797452297322
729.1976376912074
727.9356322174337
726.7863056601806
725.7427517318682
724.798539762282
723.9476766134363
723.1845723002926
722.5040076688655
721.9011064620298
721.3713083712292
720.9103450936042
720.5142184301715
720.179180093926
719.9017134520037
719.6785166030488
719.5064869443339
719.3827070627519
719.3044316732174
719.2690756407297
719.2742029680944
719.3175166194435
719.3968492105836
719.5101542303155
719.6554981557683
719.8310530472202
720.0350895558507
720.2659707717553
720.52214618621
720.8021463114368
721.1045775269923
721.428117429528
721.7715104030327
722.1335635256559
722.5131428080191
722.909169448599
723.3206171082112
723.7465080048578
724.1859105418442
724.6379364703107
725.1017384190802
725.5765075146148
726.0614711187238
726.5558908421029
727.0590605892777
727.5701516495635
728.0888221356498
728.6143001988758
729.1461479579518
729.6834838234723
730.2259159589811
730.772918713502
731.3239868157284
731.8786340685597
732.4363922962289
732.996810124861
733.5594519154077
734.1238964567696
734.6897357230412
735.2565733142552
735.8240225658661
736.3917038949306
736.9592409203822
