3.180629086383828
3.2129106120106945
3.2453166802764004
3.2764487871362196
3.30629343682198
3.3348818710483417
3.3622520601283665
3.3884467279940975
3.4135123630340893
3.437498305099905
3.4604558986539224
3.482437721482749
3.5034968949420144
3.523686478435072
3.5430589478435457
3.561665755382753
3.5795569665950215
3.5967809689571815
3.61338424577633
3.629411208618063
3.644904081384355
3.65990282926764
3.6744451260934103
3.6885663539737332
3.702299629684222
3.7156758527113802
3.728723770467464
3.7414700567145815
3.7539393997631234
3.766154597500911
3.77813665676212
3.7899048949553182
3.801477042236808
3.812869342839297
3.82409665444865
3.8351725447656873
3.8461093845987673
3.8569184370096976
3.867609942183587
3.8781931978161337
3.8886766349125486
3.8990678889738954
3.9093738666117055
3.91960080768284
3.929754343075768
3.9398395483087065
3.9498609931210917
3.9598227872540006
3.9697286226237534
3.979581812096985
3.989385325075968
3.9991418201005646
4.008853674668601
4.018523012470192
4.02815172822405
4.037741510295428
4.047293861266424
4.056810116620096
4.0662914616904
4.07573894702061
4.08515350226357
4.094535948748115
4.103887010827243
4.113207326115221
4.122497454712793
4.131757887512039
4.140989053665244
4.150191327295333
4.159365033519102
4.168510453848505
4.177627831029703
4.186717373374455
4.19577925863361
4.2048136374580505
4.2138206364883395
4.222800361110545
4.231752897912271
4.240678316869681
4.249576673293459
4.258448009558878
4.267292356642796
4.276109735488088
4.284900158214038
4.293663629189338
4.302400145982673
4.311109700204314
4.31979227825081
4.328447861963536
4.33707642921082
4.345677954402242
4.354252408942864
4.362799761634257
4.360303538162123
4.357848934353597
4.355428222926504
4.3530359163888654
4.350668128235283
4.348322107095196
4.345995904307128
4.343688137848704
4.341397825206134
4.339124265302189
4.336866955206073
4.334625531440012
4.332399728648799
4.33018935051062
4.3279942492707955
4.325814311345829
4.323649447199061
4.321499584221251
4.319364661724609
4.317244627423076
4.315139434957667
4.313049042156602
4.310973409812068
4.308912500820191
4.306866279576374
4.304834711550162
4.302817762986319
4.300815400694645
4.298827591902171
4.2968543041492175
4.294895505216286
4.292951163072627
4.2910212458400485
4.289105721767448
4.287204559212861
4.285317726630823
4.283445192563445
4.281586925634109
4.2797428945430065
4.27791306806397
4.276097415042208
4.274295904392691
4.272508505098975
4.27073518621235
4.268975916851204
4.267230666200551
4.265499403511656
4.26378209810175
4.26207871935379
4.2603892367162635
4.258713619703014
4.257051837893086
4.255403860930587
4.253769658524551
4.2521492004488195
4.250542456541914
4.248949396706921
4.247369990911375
4.245804209187142
4.244252021630305
4.242713398401053
4.241188309723563
4.239676725885895
4.238178617239863
4.23669395420094
4.235222707248133
4.2337648469238705
4.232320343833892
4.23088916864713
4.229471292095602
4.228066684974288
4.226675318141024
4.225297162516379
4.223932189083549
4.222580368888235
4.221241673038532
4.219916072704809
4.218603539119602
4.2173040435774904
4.216017557434983
4.214744052110405
4.21348349908378
4.212235869896714
4.211001136152281
4.209779269514904
4.20857024171024
4.207374024525065
4.206190589807159
4.2050199094651814
4.203861955468563
4.202716699847388
4.201584114692272
4.200464172154253
4.199356844444669
4.198262103835044
4.197179922656971
4.196110273301991
4.195053128221485
4.1940084599265495
4.192976240987883
4.191956444035669
4.190949041759459
4.189954006908056
4.188971312289397
4.188000930770436
4.1870428352770315
4.186096998793825
4.1851633943641255
