7.620702738481146
7.599352622238824
7.5785500548224
7.5582376885428655
7.538382177192641
7.518960854055048
7.4999560737940785
7.4813527961658535
7.463137538331043
7.445297904245254
7.427822357522475
7.410700097634426
7.3939209808454445
7.377475461502925
7.3613545435817045
7.345549738282838
7.3300530258913446
7.314856821060537
7.299953941065523
7.285337576712347
7.271001265645632
7.256938867823837
7.243144542949501
7.229612729658285
7.216338126284989
7.203315673046751
7.190540535496329
7.178008089431226
7.165713905545108
7.153653736997368
7.141823506484234
7.130219294415016
7.1188373278124155
7.107673969873502
7.096725710148319
7.085989155297048
7.075461020391158
7.065138120732904
7.055017364165
7.045095743851479
7.035370331508043
7.025838271064708
7.0164967727433964
7.007343107535597
6.9983746020626825
6.989588633806385
6.980982626693099
6.972554047017406
6.96430039968992
6.956219224796322
6.94830809445048
6.940564609928718
6.932986399069603
6.9255711139249225
6.9183164286471746
6.911220037598704
6.904279653669229
6.897493006787855
6.89085784261452
6.884371921399251
6.878033016996917
6.87183891602278
6.865787417140117
6.859876330466739
6.854103477089786
6.848466688680703
6.842963807197356
6.8375926846682775
6.832351183047241
6.827237174133099
6.8222485395449395
6.817383170748731
6.812638969126289
6.808013846083223
6.803505723189438
6.7991125323470305
6.794832215982855
6.790662727259308
6.786602030302306
6.782648100441735
6.778798924461357
6.775052500856441
6.771406840096259
6.767859964889609
6.764409910451247
6.76105472476773
6.757792468862226
6.754621217054658
6.751539057219625
6.74854409103769
6.7456344342418335
6.742808216856831
6.74006358343239
6.7373986932680054
6.734811720630597
6.732300854964357
6.729864301091191
6.7275002794040715
6.725207026050919
6.7229827931101624
6.720825848757912
6.718734477425958
6.716706979951737
6.714741673608186
6.71283689268172
6.710990987929028
6.709202327138479
6.707469295126563
6.705790293838474
6.704163742440638
6.702588077405056
6.701061752587221
6.699583239295239
6.698151026353374
6.696763620157554
6.695419544724277
6.694117341733172
6.692855570562794
6.691632808320298
6.690447649864767
6.689298707824579
6.688184612609376
6.68710401241565
6.6860555732277875
6.685037978812653
6.684049930710008
6.6830901482175324
6.682157368370941
6.681250345918987
6.680367853294714
6.6795086805820585
6.6786716354774205
6.677855543247716
6.677059246684493
6.676281606053728
6.675521499042391
6.674777820700719
6.674049483381393
6.673335416675101
6.67263456734312
6.67194589924631
6.671268393271453
6.670601047254328
6.669942875899833
6.669292910699981
6.668650199848506
6.668013808153468
6.667382816946855
6.666756323992363
6.666133443390797
6.66551330548307
6.664895056751023
6.664277859716741
6.663660892839616
6.663043350411182
6.662424442449066
6.66180339458855
6.6611794479723985
6.660551859140048
6.659919899914205
6.659282857286741
6.658640033302933
6.65799074494482
6.65733432401255
6.656670117005453
6.65599748500153
6.65531580353579
6.654624462478315
6.653922865910269
6.653210431999761
6.652486592877468
6.651750794509777
6.651002496572815
6.650241172325099
6.649466308479648
6.648677405075323
6.647873975348204
6.6470555456014955
6.646221655076464
6.645371855820953
6.644505712559534
6.643622802561914
6.642722715511749
6.641805053374899
6.640869430267841
6.639915472325001
6.638942817567233
6.637951115768764
6.636940028325452
6.635909228121584
6.634858399397939
6.633787237618954
6.632695449340124
6.631582752076045
6.63044887416746
6.629293554649104
6.628116543117998
6.626917599601089
6.62569649442381
6.624453008078321
