0.002552547152508297
0.0025498731708574664
0.0025471146993359737
0.002544279450264419
0.0025413726980899566
0.002538399301809144
0.0025353639343870626
0.002532271113144636
0.0025291252080259894
0.002525930447351016
0.0025226909232161526
0.0025194105967752435
0.0025160933034196293
0.0025127427578541337
0.0025093625590640357
0.0025059561951687208
0.0025025270481585063
0.0024990783985118135
0.0024956134296908222
0.002492135232513846
0.0024886468094037746
0.0024851510785119744
0.0024816508777176214
0.002478148968502929
0.002474648039704813
0.0024711507111440227
0.002467659537132883
0.002464177009863077
0.0024607055626750126
0.0024572475732104167
0.0024538053664501184
0.0024503812176386993
0.00244697735509816
0.0024435959629324896
0.002440239183625165
0.0024369091205316447
0.0024336078402688085
0.0024303373750033924
0.0024270997246412873
0.002423896858919694
0.002420730719403893
0.0024176032213904827
0.0024145162557187025
0.0024114716904915737
0.0024084713727083144
0.0024055171298095063
0.0024026107711363352
0.002399754089305323
0.0023969488614993878
0.002394196850676677
0.0023914998066978197
0.0023888594673725947
0.00238627755942675
0.0023837557993895346
0.0023812958944026187
0.002378899542950635
0.002376568435513891
0.002374304255143283
0.0023721086779577
0.0023699833735638318
0.002367930005398393
0.002365950230992602
0.0023640457021586905
0.002362218065098068
0.002360468960430859
0.002358800023146274
0.0023572128824732837
0.002355709161671111
0.0023542904777387385
0.002352958441042943
0.0023517146548639595
0.0023505607148581777
0.0023494982084369836
0.002348528714061046
0.002347653800449274
0.002346875025701625
0.0023461939363350693
0.0023456120662319986
0.0023451309355004392
0.002344752049245389
0.0023444768962509453
0.0023443069475726024
0.0023442436550395484
0.0023442884496667183
0.002344442739976618
0.0023447079102309563
0.0023450853185725475
0.002345576295077855
0.00234618213972103
0.0023469041202504285
0.002347743469978824
0.0023487013854889666
0.002349779024256307
0.0023509775021912276
0.002352297891103226
0.0023537412160902407
0.0023553084528563912
0.002357000524962144
0.0023588183010111174
0.0023607625917784585
0.0023628341472861376
0.002365033653831033
0.002367361730972309
0.0023698189284851144
0.0023724057232882866
0.002375122516354258
0.002377969629610145
0.002380947302839509
0.002384055690594884
0.0023872948591320315
0.0023906647833772257
0.002394165343939726
0.0023977963241820816
0.0024015574073615003
0.002405448173856252
0.0024094680984912383
0.0024136165479778267
0.002417892779783592
0.002422295934066037
0.00242682504109401
0.002431479012347212
0.0024362566406486525
0.0024411565986203324
0.0024461774373650525
0.0024513175853906094
0.002456575347792072
0.0024619489057077703
0.0024674363160638074
0.0024730355116214403
0.0024787443013407034
0.0024845603710728324
0.0024904812845928243
0.002496504484982348
0.0025026272963716762
0.0025088469260480008
0.0025100194841867745
0.0025115568029653065
0.0025134522633501652
0.0025156967930249803
0.002518279013078068
0.002521185785036968
0.0025244026729637804
0.002527914305638521
0.0025317046602557026
0.0025357572863353656
0.0025400554839026435
0.0025445824464123117
0.002549321376285251
0.002554255579013495
0.0025593685403777623
0.0025646439902669432
0.0025700659557946564
0.0025756188058057737
0.002581287288405881
0.0025870565627943527
0.0025929122264106235
0.002598840338194675
0.0026048274386022865
0.0026108605668927654
0.0026169272761136847
0.002623015646137385
0.0026291142950531808
0.0026352123891837335
0.002641299651971615
0.002647366371970179
0.00265340341017103
0.0026593978578169386
0.002665336418512563
0.0026712117116462764
0.0026770169388795327
0.0026827458970028555
0.0026883929880505883
0.002693953232860554
0.002699422285777011
0.0027047964517659096
0.0027100727067293252
0.0027152487219645354
0.0027203228939200936
0.0027252943806659246
0.002730163146834699
0.002734930019234628
0.002739596755913174
0.0027441661322177907
0.0027486420484230715
0.0027530296648741043
0.0027573355724784285
0.0027615680089782347
0.002765737135068473
0.0027698553895812946
0.0027739379503822843
0.0027780033385046456
0.0027820742192966657
0.0027861784791462082
0.002790350695072703
0.002794634176641112
0.0027990838625814984
0.0028037705311608476
0.0028087870996386126
0.0028142583836322428
0.0028203568792398897
