35.01904259063587
35.016594531189284
35.014288328064644
35.012123084079576
35.0100978815038
35.00821178035535
35.00646382144669
35.004853030250274
35.003378420821896
35.00203899959203
35.00083376894591
34.999761730543035
34.99882188834184
34.998013251308244
34.997334835798085
34.99678566761339
34.99636478374108
34.996071233789586
34.995904081143806
34.99586240386251
34.995945295344434
34.99615186479001
34.99648123748543
34.996932554934986
34.997504974865606
34.998197671126086
34.99900983350062
34.99994066745445
35.00098939382676
35.00215524848401
35.00343748194453
35.004835358983435
35.006348158225194
35.00797517172967
35.00971570457607
35.011569074448374
35.01353461122454
35.015611656571316
35.01779956354574
35.02009769620411
35.022505429218384
35.025022147500415
35.0276472458336
35.03038012851172
35.033220208984574
35.036166909510094
35.039219660812485
35.042377901746065
35.045641078964444
35.04900864659493
35.05248006591776
35.056054805050174
35.05973233863523
35.06351214753532
35.06739371853045
35.07137654402133
35.075460121737464
35.07964395445603
35.08392754966663
35.08831041942138
35.09279207995042
35.097372051433304
35.10204985774056
35.106825026181475
35.11169708725828
35.11666557442696
35.1217300238647
35.12688997424425
35.132144966515064
35.13749454369155
35.142938250648285
35.14847563392219
35.154106241521895
35.159829622754444
35.16564532801889
35.17155290866432
35.177551916818004
35.183641905228995
35.189822427118244
35.19609303603521
35.20245328572079
35.2089027299763
35.21544092253855
35.22206741696072
35.2287817664988
35.23558352400369
35.24247224181849
35.24944747168098
35.25650876463111
35.26365567092324
35.27088773994317
35.27820452012949
35.285605558899434
35.29309040257887
35.30065859633634
35.30830968412109
35.316043208604796
35.323858711127095
35.33175573164461
35.33973380868349
35.34779247929527
35.35593127901607
35.36414974182898
35.37244740012956
35.380823784694414
35.38927842465279
35.39781084746109
35.40642057888036
35.41510714295657
35.42387006200385
35.432708856590395
35.4416230455273
35.45061214586012
35.45967567286322
35.46881314003686
35.478024059107106
35.487307940028515
35.49666429098956
35.50609261847082
35.51559242710653
35.5251632198477
35.534804497929244
35.544515760889524
35.554296506592934
35.56414623136035
35.57406442968052
35.58405059456159
35.59410421745572
35.60422478829751
35.61441179554446
35.624664726220374
35.63498306596178
35.64536629906729
35.65581390855028
35.66632537608753
35.67690018240018
35.68753780699006
35.69823772831591
35.70899942386017
35.71982237019965
35.73070604307945
35.7416499174898
35.7526534677459
35.76371616757054
35.774837490179706
35.78601690837077
35.79725389461355
35.808547921143855
35.81989846005965
35.8313049834197
35.8427669633444
35.85428387211911
35.86585518229934
35.87748036681817
35.889158899095385
35.90089025314846
35.912673903705105
35.924509326317256
35.936395997476396
35.94833339473001
35.960320996798934
35.97235828369568
35.98444473684322
35.99657983919434
36.00876307535119
36.02099393168503
36.033271896455716
36.04559645993114
36.05796711450601
36.0703833548201
36.0828446778756
36.09535058315352
36.10790057272881
36.12049415138426
36.13313082672265
36.14581010927738
36.158531512621046
36.171294553472144
36.18409875179945
36.196943630924075
36.20982873478196
36.222753559216464
36.235717655519636
36.24872056139636
36.26176181836983
36.27484097187052
36.287957571318856
36.30111117020408
36.31430132615974
36.32752760103571
36.34078956096676
36.35408677643761
36.367418822344334
36.38078527805227
36.394185727450214
36.407619759000994
36.421086965788405
36.43458694556045
36.44811930076894
36.46168363860552
