74.75316339942204
35.421841425614495
87.2749038562644
40.82009631700302
85.9008674497068
40.16899115271743
84.60562593178963
39.55517170452186
83.38276237303486
38.9755327193712
82.2295699887513
38.428791760768874
81.14344238544422
37.913723633765464
80.12144540766518
37.428949308023086
79.16035289209398
36.97295155786578
78.25674386874418
36.54412071863198
77.40709939305914
36.140800418590544
76.60788779605626
35.76132785944648
75.85563554204622
35.40406730208328
75.14698306544535
35.067436458920554
74.4787261181058
34.749926043306225
73.8478439001694
34.4501130762372
73.25151572911719
34.16666877838475
72.68712820201588
33.898361970075165
72.15227483856805
33.64405891772397
71.6447500618156
33.4027205036479
71.16253916582723
33.173397498401506
70.70380567022893
32.95522459711843
70.26687719642796
32.747413756211074
69.85023075218614
32.5492472495808
69.45247808911819
32.360070758590545
69.07235160707481
32.17928671997444
68.7086911195565
32.00634808029673
68.36043167791739
31.840752550616582
68.02659254583044
31.682037404650316
67.70626733567376
31.529774826126033
67.39861540809265
31.383567853124184
67.10285412196917
31.2430467244017
66.818252365356
31.107865831426974
66.54412488708599
30.977701048795243
66.27982748800949
30.852247471186146
66.02475271991268
30.73121738994291
65.77832683641597
30.61433886245487
65.5400065376414
30.501354182948184
65.3092766601796
30.39201880082539
65.08564813201507
30.2861003640259
64.86865626776193
30.183377923197433
64.65785934585264
30.083641269094805
64.45283741237822
29.986690376997554
64.25319127243485
29.892334939645483
64.05854163032193
29.800393970378884
63.868528349235376
29.710695462588987
63.682809782032855
29.623076082606666
63.501062281200774
29.537380947036688
63.32297954327442
29.45346332160583
63.14827221397907
29.371184443050744
62.97666742177142
29.29041330692482
62.807908267806916
29.21102643437798
62.6417535001648
29.13290772589696
62.477977010994145
29.05594823100765
62.316368061209495
28.98004625919659
62.15672826798002
28.905105971930766
61.99887508058223
28.831039018111735
61.84263868482164
28.75776308618517
61.68786221551562
28.6852020079293
61.53440128925232
28.61328554291908
61.38212352923167
28.541949158884712
61.23090808167065
28.47113380770571
61.080645125843375
28.400785698023938
60.931235378397105
28.330856064774817
60.78258959378054
28.26130093650362
60.634628061649316
28.192080900875798
60.487280103901895
28.123160869643073
60.340483572483414
28.054509843603938
60.19418434963926
27.98610067835924
60.048335852707744
27.91790985186038
59.90289854504786
27.849917234512564
59.757839454277914
27.782105862396104
59.61313170065272
27.714461714963143
59.46875403545349
27.646973497151322
59.32469039212847
27.57963242723279
59.18092945070483
27.512432030653823
59.03746421650903
27.445367940370478
58.89429161554201
27.37843770481597
58.751412105092506
27.311640602829083
58.60882930261177
27.244977467008166
58.46654963185007
27.178450515022416
58.32458198745221
27.112063189470103
58.18293741838624
27.04582000647742
58.04162882991103
26.979726412912534
57.90067070452987
26.913788652444527
57.76007884160049
26.84801364030581
57.61987011620183
26.78240884712654
57.48006225500512
26.716982190326164
57.34067363242296
26.65174193597698
57.20172308213388
26.586696606637087
57.06323659651723
26.52185507338278
56.92521276549051
26.457225578848625
56.787691564430915
26.392817525115213
56.65068521009047
26.328639512773787
56.51421259299062
26.26470025072706
56.37829228232299
26.20100832014836
56.242942439909854
26.1375721310081
56.126037454162315
26.08286088373078
56.109140072449286
26.07552249877526
56.09133121221911
26.067733353878623
56.07266682867289
26.05952029622503
56.05319596846203
26.050906827406653
56.0329653428043
26.041915353133444
56.01201956873063
26.03256730998334
55.99040157589751
26.02288335215329
55.96815267192341
26.012883380751166
55.94531237007466
26.00258646066669
55.92191907816116
25.992011142425532
55.89800943263688
25.981175146931413
55.8736187670095
25.970095584337034
55.84878107065682
25.958788933005206
55.82352903486436
25.94727105975211
55.79789409539109
25.93555723859577
55.77190647137534
25.923662167905118
55.74559520281322
25.911599987007282
55.71898818511181
25.89938429152134
55.69211220282974
25.887028148422377
55.664992961411464
25.874544110251556
55.63765511819189
25.861944229076563
55.61012231247507
25.849240070099203
55.58241719438618
25.836442724758225
55.554561453732845
25.823562823913647
55.52657584778038
25.810610550580193
55.49848022864213
25.797595652540245
55.470293570639875
25.784527455001957
55.442033996187824
25.77141487260194
55.41371880237882
25.758266421795042
55.38536448696281
25.745090232997203
55.35698677307963
25.731894062171538
55.32860063445336
25.71868530267357
55.30022032036242
25.705470997023255
55.27185937928815
25.692257848073837
55.24353068290101
25.679052230370687
55.21524644943987
25.665860201245373
55.18701826643052
25.652687511615266
55.15885711312191
25.63953961666916
55.13077338270206
25.62642168646627
55.10277690356895
25.61333861609877
55.07487696047553
25.600295035809726
55.04708231501233
25.58729532080677
55.019401225703604
25.574343600903067
54.99184146749449
25.561443769876906
54.96441035066045
25.548599494564336
54.9371147397474
25.535814223975176
54.90996107116991
25.52309119777268
54.88295537076872
25.51043345474079
54.85610327091981
25.49784384104208
54.8294100271931
25.485325018264813
54.80288053366794
25.472879470829685
54.77651933930185
25.460509513906423
54.75033066212808
25.448217300291
54.72431840409779
25.436004827595426
54.69848616531981
25.4238739451507
54.67283725686285
25.41182636022111
54.64737471465152
25.399863644745757
54.622101311276424
25.3879872410792
54.59701956892616
25.376198468271888
54.572131770300274
25.364498527381613
54.54743997048708
25.352888507248615
54.52294600757541
25.34136938966259
54.49865151296369
25.329942054384592
54.4745579216549
25.318607284161338
54.45066648190141
25.307365769427257
54.426978264171076
25.296218112679785
54.403494170238176
25.285164832913775
54.380214942042066
25.274206369943634
54.35714116926926
25.263343088111434
54.33427329759547
25.252575280310683
54.31161163635312
25.241903171733497
54.28915636551351
25.231326923287106
54.266907542552374
25.22084663495309
54.24486510945769
25.210462349214136
54.223028898709885
25.20017405398536
54.20139863941695
25.189981685619244
54.179973963387916
25.179885131879296
54.15875441031496
25.169884234484428
54.13773943360102
25.159978791961798
54.11692840480067
25.150168561832626
54.09632061899376
25.140453263244314
54.0759152992304
25.130832579155285
54.0557116008949
25.121306158479683
54.03570861606578
25.11187361822868
54.01590537755094
25.102534545494528
53.996300862605935
25.09328849928121
53.97689399667196
25.084135012343097
53.95768365693914
25.07507359293856
53.93866867562261
25.066103726444247
53.919847843138214
25.05722487692019
53.90121991106116
25.04843648856942
53.882783595346964
25.039737987321935
53.86453757833946
25.031128781835832
53.846480512590496
25.022608265366408
53.82861102179937
25.014175816251917
53.810927704586234
25.005830799758417
53.793429135799784
24.997572568739933
53.776113869189004
24.989400464952478
53.75898043929661
24.981313819993414
53.74202736305005
24.973311956094545
53.72525314219525
24.965394187318992
53.70865626442562
24.957559820130573
