11.624928
8.848876526887798
8.826724172719956
8.804997066297751
8.78354128281615
8.762328349341825
8.741344216774394
8.720576934779018
8.70001526628853
8.6796485142646
8.659466483380978
8.639459457392212
8.619618178977829
8.599933830576298
8.580398016017314
8.561002742905744
8.541740405726614
8.522603769643112
8.503585954960137
8.484680422227813
8.46588095795856
8.447181660933559
8.42857692907422
8.410061446855329
8.391630173237333
8.373278330095962
8.355001391127688
8.336795071210782
8.318655316202122
8.300578293150267
8.282560380906638
8.264598161116899
8.246688409574759
8.228828087922217
8.21101433567969
8.193244462590673
8.175515941266143
8.157826400113839
8.14017361653936
8.12255551040487
8.104970137733392
8.087415684645835
8.069890461519241
8.052392897354917
8.034921534345447
8.017475022630377
8.00005211523072
7.982651663152417
7.9652726106504055
7.94791399064412
7.930574920276536
7.913254596609237
7.895952292445856
7.878667352277425
7.8613991883428
7.844147276798745
7.8269111539933665
7.809690412838559
7.7924846992759385
7.7752937088325105
7.7581171832618985
7.74095490726791
7.723806705306938
7.706672438467051
7.689552001421849
7.672445319454441
7.6553523455575965
7.638273057597755
7.621207455553634
7.604155558822009
7.587117403594227
7.570093040303002
7.553082531141226
7.536085947654056
7.519103368406255
7.5021348767271965
7.485180558536462
7.468240500252666
7.451314786789465
7.434403499642449
7.417506715070797
7.40062450237852
7.383756922299978
7.366904025494558
7.350065851155844
7.333242425741019
7.3164337618257385
7.29963985709076
7.2828606934459055
7.266096236297623
7.249346433966112
7.232611217258085
7.215890499201107
7.199184174945288
7.182492121838417
7.16581419967936
7.149150251155631
7.132500102469268
7.115863564156051
7.0992404321014995
7.082630488757271
7.066033504560709
7.04944923955932
7.03287744524179
7.016317866575527
6.9997702442504295
6.983234317127344
6.966709824888043
6.9501965108838375
6.933694125176484
6.917202427766154
6.900721191997904
6.884250208137741
6.8677892871076445
6.851338264366959
6.834897003926836
6.818465402481745
6.802043397640312
6.7856309564511665
6.769228103141942
6.7528349081815655
6.736451496484604
6.720078051838227
6.703714821291094
6.687362119479997
6.6710203328663775
6.654689923853068
6.638371434751492
6.622065491567932
6.605772807578454
6.589494186660673
6.573230526351672
6.556982820600972
6.540752162189135
6.524539744782489
6.308288630506349
6.216525512014984
6.12851513092084
6.0437902137717465
5.9619550178520155
5.882687718407039
5.80572577107497
5.730853432310021
5.657892177535102
5.586693345136272
5.517132427081799
5.449104587292789
5.382521107070255
5.3173065392114065
5.253396410143001
5.190735350366198
5.1292755629880915
5.068975561592333
5.009799124534652
4.951714424544956
4.894693301396624
4.8387106521507635
4.783743918654325
4.729772655969733
4.676778168528914
4.624743203251897
4.57365169080453
4.523488527714375
4.474239393299042
4.425890596366255
4.378428947456891
4.332552628372326
4.288436459014614
4.245210357679067
4.20285945047099
4.161369089062969
4.120725175118652
4.080913858185372
4.041921583565748
4.003735094362995
3.9663414379491515
3.9297279828146654
3.893882446377174
3.858792934803388
3.8244479964940443
3.7908366916330696
3.7579486811925324
3.725774340099056
3.6943049010576607
3.6635326380000586
3.633451101587685
3.6040554241422083
3.5753427185215623
3.547312605989917
3.5199679238986112
3.493315688098992
3.467368422621907
3.4421460292683284
3.417678468397305
3.394009688983713
3.37120353786613
3.34935290945081
3.3285944105008127
3.3091328572201584
3.2912843245930916
