2.762889475962265
2.8281966244435703
2.894677826484962
2.9623410504610734
3.0311935808293
3.1012420180439677
3.1724922161346547
3.244949208356936
3.318617128147466
3.3934991273679787
3.4695972932609616
3.5469125654600613
3.625444654317511
3.7051919616946196
3.786151505226029
3.868318846925785
3.951688026863767
4.0362515025081285
4.122000094207321
4.2089229371739485
4.297007440233092
4.386239251510051
4.4766022311563916
4.568078431148722
4.660648082141865
4.75428958731629
4.848979523128482
4.944692646851807
5.04140191078265
5.13907848302005
5.237691774507207
5.337209472563624
5.43759758046342
5.5388204630876885
5.640840898544153
5.74362013575385
5.8471179577084795
5.9512927505284425
6.056101578142845
6.161500262509911
6.267443469269127
6.373884798693837
6.480776881785148
6.588071481314919
6.695719597587398
6.803671578644925
6.911877234633956
7.02028595582091
7.128846834111139
7.237508787342069
7.34622068596272
7.454931481591522
7.563590336652677
7.672146754687354
7.78055070905034
7.888752776767969
7.99670426194469
8.104357322924267
8.21166509500438
8.318581809488183
8.425062908373468
8.531065154004716
8.636546733046554
8.741467354178013
8.84578833895553
8.949472705347379
9.052485243503144
9.15479258338723
9.256363253974813
9.357167733780646
9.457178492564779
9.556370024133425
9.65471887022687
9.752203635558237
9.848804994136552
9.944505687073294
10.039290512133725
10.13314630535082
10.226061915071206
10.318028168847787
10.409037833632997
10.499085569759227
10.58816787921923
10.676283048778814
10.763431088467524
10.849613665999954
10.93483403768231
11.01909697635015
11.10240869688623
11.184776779834863
11.266210097844066
11.346718719986674
11.426313858343546
11.505007771602626
11.582813690690003
11.659745740817964
11.735818864654155
11.8109637528378
11.884721614193461
11.957109998524716
12.028147291456136
12.09785263338291
12.166245839163757
12.233347320510596
12.299178010992849
12.363759294623295
12.427112934861357
12.489261012070893
12.550225859127428
12.610030002843787
12.668696108231932
12.726246926084707
12.782705243850113
12.838093839753066
12.892435440104354
12.945752679723213
12.99806806538878
13.04940394222613
13.09978246292498
13.149225559683082
13.197754918761431
13.245391957535261
13.292157803922363
13.338073278069276
13.383158876175647
13.427434756337504
13.470920726291745
13.513636232945926
13.555600353579916
13.596831788608986
13.637348855801102
13.677169485844804
13.71631121916786
13.7547912039109
13.792626194964322
13.82983255398099
13.86642625028145
13.902422862572665
13.937837581405457
13.97268521230004
14.006980179473112
14.040736530103942
14.073967939080822
14.106687714173042
14.138908801577077
14.170643791789335
14.201904925761047
14.232704101294207
14.26305287964037
14.292962492267275
14.322443847760754
14.351507538832239
14.380163849404537
14.40842276175086
14.436293963664372
14.46378685563753
14.490910558032429
14.517673918225158
14.54408551770892
14.570153679142127
14.595886473329307
14.621291726123848
14.646377025243028
14.671149726986751
14.695616962852743
14.719785646041721
14.743662477847094
14.767253953924527
14.790566370437588
14.813605830076257
14.836378247945797
14.85888935732411
14.88114471528614
14.903149708194512
14.924909557055834
14.946429322742734
14.967713911081844
14.988768077808393
15.009596433388284
15.030203447708853
15.050593454639719
15.070770656465221
15.090739128190314
15.110502821721777
15.130065569926787
15.149431090571044
15.168602990138666
15.18758476753621
15.206379817683205
15.224991434991667
15.24342281673703
15.261677066323111
15.279757196443484
15.29766613214199
15.315406713774795
15.332981699876605
15.350393769933538
15.367645527065168
15.384739500618261
15.401678148674637
