0.16401127902831056
0.18536871901821358
0.18780169281898818
0.19035174296844187
0.19301433428032608
0.19578201648202356
0.19864834180464663
0.20160732444900042
0.204653459686704
0.20778171124433975
0.2109874831910128
0.21426658499840426
0.21761519476124755
0.22102982310155245
0.22450727915692195
0.22804463917220924
0.2316392179901672
0.2352885432769821
0.23899033244639895
0.24274247195808912
0.2465429988184601
0.25039008406530827
0.2542820179957368
0.2582171969383604
0.26219411139540877
0.26621133544520104
0.27026751719280956
0.27436137022088397
0.2784916658655472
0.2826572262812891
0.28685691817866676
0.29108964720164454
0.2953543528321169
0.2996500038270978
0.30397559407043845
0.3083301388399322
0.31271267147594517
0.3171222403760906
0.32155790628131253
0.3260187398405551
0.33050381947116403
0.33501222941189013
0.33954305804107004
0.34409539634037545
0.34866833658560054
0.35326097117581484
0.35787239164452433
0.36250168779900277
0.36714794700020287
0.3718102535456355
0.3764876881987014
0.3811793278002084
0.38588424497881574
0.39060150795326354
0.3953301804206226
0.40006932151477165
0.4048179858251229
0.40957522351436565
0.4143400804519104
0.4191115984230688
0.42388881539289125
0.4286707658005994
0.4334564809047577
0.4382449891676149
0.4430353166603966
0.44782648751307474
0.4526175243817701
0.4574074489505922
0.46219528244209135
0.4669800461419044
0.47176076196426203
0.47653645301004094
0.4813061441293286
0.48606886253312437
0.49082363836001125
0.49556950524832993
0.5003055009927233
0.5050306680773836
0.5097440543212858
0.5144447134361
0.5191317056291148
0.5238040981991301
0.5284609660991146
0.5331013925031176
0.5377244693707915
0.5423292980034957
0.5469149895575459
0.551480665587301
0.5560254585509365
0.5605485123007135
0.5650489825702192
0.5695260374284825
0.5739788577397036
0.5784066375809067
0.5828085846580762
0.5871839206958501
0.5915318818154961
0.5958517188861935
0.6001426978601092
0.6044041000864472
0.6086352226095562
0.6128353784315395
0.6170038967822323
0.6211401233434575
0.625243420457078
0.6293131673253688
0.6333487601735579
0.6373496124074578
0.6413151547416713
0.6452448353083424
0.6491381197500241
0.6529944912910177
0.6568134507846322
0.6605945167540799
0.6643372253958203
0.6680411305910828
0.6717058038613626
0.6753308343467591
0.6789158287469698
0.6824604112440846
0.6859642234180334
0.6894269241356066
0.6928481894418401
0.6962277124169914
0.6995652030314649
0.7028603879902234
0.7061130105508716
0.7093228303480369
0.7124896231895461
0.7156131808497469
0.7186933108502195
0.7217298362361905
0.7247225953364078
0.7284807590493098
0.7322335807182475
0.7359763022873582
0.7397044934450605
0.7434140282030172
0.7471010644945404
0.7507620259947096
0.7543935856750751
0.7579926507655776
0.7615563488724736
0.7650820151162532
0.768567180141234
0.7720095589053129
0.7754070401985818
0.7787576767922983
0.7820596761894019
0.7853113919164005
0.788511315330053
0.7916580678842644
0.7947503938412667
0.7977871533901557
0.8007673161421841
0.8036899549859429
0.8065542402770254
0.8093594343405036
0.8121048862692197
0.814790026995432
0.8174143646313002
0.8199774800484146
0.822479022690281
0.8249187066120214
0.8272963067163885
0.8296116551941881
0.8318646381457786
0.8340551923822489
0.8361833023897592
0.8382489974537702
0.8402523489332727
0.842193467675221
0.8440725015637053
0.8458896332067134
0.8476450777275711
0.8493390806847161
0.8509719160984062
0.8525438845800377
0.8540553115615355
0.8555065456206494
0.8568979568933424
0.8582299355720836
0.8595028941447675
0.860717254922011
0.8618734600526105
0.8629719633393518
0.8640132387741933
0.8649977696428491
0.8659260508423835
0.8667985879271307
0.867615896211377
0.8683784999223635
0.869086931404209
0.8697417303680917
0.8703434431893017
0.870892622247058
0.8713898253070617
0.8718356149452225
0.8722305580127978
0.8725752251428455
