2.1802291573828634
2.1147945698649457
2.0553164849189045
2.001110535436448
1.9516261581887884
1.9063888168497753
1.8649826710605912
1.8270409110589279
1.7922385288087992
1.7602864489070713
1.7309267023390795
1.703928374401315
1.6790842003535758
1.6562076810891795
1.6351306248634978
1.6157010403705971
1.5977813214976417
1.5812466757423982
1.5659837573876365
1.5518894736990196
1.5388699381023374
1.5268395488392126
1.515720175251806
1.5054404367995378
1.4959350623119325
1.4871443189450737
1.4790135019230102
1.4714924774785727
1.4645352725145853
1.4580997054289877
1.4521470533200143
1.4466417514372467
1.441551121292957
1.4368451243131768
1.4324961379547878
1.428478754684184
1.4247695931462956
1.421347132970841
1.4181915606778595
1.4152846295189736
1.4126095315305902
1.4101507805705515
1.4078941053036105
1.4058263512191185
1.403935390860416
1.4022100415289707
1.4006399897999464
1.399215722251086
1.397928461864637
1.39677010961356
1.3957331907891577
1.3948108056683195
1.3939965841553301
1.3932846440661733
1.3926695527529356
1.3921462917926237
1.3917102244888289
1.391357065956446
1.3910828555794
1.3908839316491948
1.3907569080083417
1.3906986525374716
1.390706267338363
1.3907770704773492
1.3909085791647176
1.3910984942558997
1.3913446859695555
1.3916451807261627
1.3919981490185003
1.3924018942325622
1.392854842343954
1.393355532420832
1.3939026078699355
1.394494808367309
1.3951309624199535
1.3958099805088968
1.3965308487680888
1.3972926231571365
1.398094424089188
1.3989354314783327
1.3998148801736852
1.4007320557498943
1.4016862906203271
1.4026769604775995
1.4037034809745716
1.4047653046904482
1.405861918326677
1.4069928401207115
1.408157617462276
1.4093558246953
1.4105870610914801
1.4118509489808093
1.4131471320358333
1.414475273662114
1.4158350555551273
1.4172261763412262
1.4186483503324991
1.4201013063783112
1.4215847868063431
1.423098546446166
1.4246423517289295
1.4262159798572511
1.4278192180398548
1.429451862785934
1.4311137192546155
1.4328046006552586
1.4345243276946653
1.436272728067585
1.438049635987181
1.4398548917523917
1.441688341349371
1.4435498360843988
1.4454392322458791
1.4473563907932239
1.4493011770705986
1.4512734605436737
1.4532731145576785
1.455300016115177
1.457354045672146
1.4594350869510224
1.4615430267695222
1.4636777548841255
1.4658391638472235
1.468027148877005
1.4702416077392588
1.4724824406403265
1.4747495501305368
1.477042841017504
1.4793622202887455
1.4817075970431401
1.4840788824308058
1.4864759896010291
1.4888988336579476
1.4913473316237287
1.4938214024090508
1.496320966790749
1.4988459473965414
1.5013962686968048
1.503971857003438
1.5065726404759079
1.5091985491346334
1.5118495148819469
1.5145254715309318
1.517226354842532
1.5199521025714033
1.522702654521084
1.5254779526091529
1.5282779409431657
1.531102565908257
1.533951776267413
1.5368255232755137
1.5397237608082994
1.5426464455074123
1.5455935369425131
1.5485649977910845
1.5515607940356801
1.554580895176721
1.5576252744557453
1.5606939090780085
1.5637867804118721
1.566903874120174
1.570045180134109
1.5732106922864906
1.5764004063706187
1.579614319776405
1.5828524224612484
1.5861146804481043
1.5894009828045497
1.5927109146018759
1.5961934142204974
1.5996782191998602
1.6031671244891221
1.606661305567604
1.6101617779763178
1.6136694682325794
1.6171852288244448
1.6207098448589272
1.6242440391821944
1.627788476970309
1.6313437699565387
1.634910480340692
1.6384891244070614
1.6420801758733286
1.6456840689907846
1.6493012014146153
1.6529319368615627
1.6565766075709716
1.6602355165839915
1.6639089398545936
1.667597128205021
1.6713003091373277
1.6750186885117764
1.6787524521020574
1.6825017670365183
1.6862667831339113
1.690047634141516
1.6938444388828988
1.6976573023220247
1.7014863165499274
1.7053315616996778
