-0.0
-50.12454632253115
-0.0
-42.10102980736111
-0.0
-42.119249397395116
-0.0
-42.157419074492054
-0.0
-42.20385924608549
-0.0
-42.25355375648672
-0.0
-42.304329376249825
-0.0
-42.35522834587882
-0.0
-42.40581562563971
-0.0
-42.45588374473273
-0.0
-42.505326652529554
-0.0
-42.55408543424311
-0.0
-42.60212461947663
-0.0
-42.64942156371304
-0.0
-42.695961456620346
-0.0
-42.74173478847048
-0.0
-42.786735925168024
-0.0
-42.83096220811473
-0.0
-42.87441332500077
-0.0
-42.9170908362028
-0.0
-42.9589978017908
-0.0
-43.00013848036289
-0.0
-43.04051808129323
-0.0
-43.08014256414435
-0.0
-43.119018468427925
-0.0
-43.15715277784122
-0.0
-43.194552806289515
-0.0
-43.23122593537138
-0.0
-43.267180226018986
-0.0
-43.30242331714454
-0.0
-43.336963074004274
-0.0
-43.37080737564572
-0.0
-43.40396408322089
-0.0
-43.43644101333917
-0.0
-43.46824591958796
-0.0
-43.49938647948441
-0.0
-43.52987028431116
-0.0
-43.559704829185094
-0.0
-43.58889751296769
-0.0
-43.61745562901052
-0.0
-43.64538636907826
-0.0
-43.67269682074059
-0.0
-43.699393969557114
-0.0
-43.72548469773766
-0.0
-43.75097579126816
-0.0
-43.77587393624834
-0.0
-43.80018572859358
-0.0
-43.82391767044385
-0.0
-43.847076178152584
-0.0
-43.86966758049572
-0.0
-43.89169812786697
-0.0
-43.9131739899833
-0.0
-43.93410126130804
-0.0
-43.954485963287105
-0.0
-43.97433404708486
-0.0
-43.9936513968852
-0.0
-44.01244383126571
-0.0
-44.0307171066234
-0.0
-44.04847691937309
-0.0
-44.06572890482757
-0.0
-44.082478646813804
-0.0
-44.098731669657084
-0.0
-44.114493448424454
-0.0
-44.12976940667479
-0.0
-44.14456491711146
-0.0
-44.15888530488326
-0.0
-44.17273584823166
-0.0
-44.186121779211184
-0.0
-44.199048287138964
-0.0
-44.21152051586728
-0.0
-44.22354356645435
-0.0
-44.235122499482245
-0.0
-44.24626233372735
-0.0
-44.256968047885074
-0.0
-44.26724457896521
-0.0
-44.2770968275102
-0.0
-44.28652965427042
-0.0
-44.295547880703865
-0.0
-44.304156291342586
-0.0
-44.31235963249635
-0.0
-44.32016261366099
-0.0
-44.32756990709865
-0.0
-44.33458614866166
-0.0
-44.34121593569621
-0.0
-44.347463832201655
-0.0
-44.353334362802
-0.0
-44.35883201787089
-0.0
-44.36396125107149
-0.0
-44.368726480664456
-0.0
-44.37313208744159
-0.0
-44.37718241751691
-0.0
-44.38088178084723
-0.0
-44.38423445264544
-0.0
-44.387244670544966
-0.0
-44.389916638022065
-0.0
-44.39225452182494
-0.0
-44.394262454262694
-0.0
-44.395944531081824
-0.0
-44.397304812577886
-0.0
-44.3983473252372
-0.0
-44.399076057666356
-0.0
-44.39949496356398
-0.0
-44.3996079630405
-0.0
-44.39941908139036
-0.0
-44.39893174067645
-0.0
-44.39815017986855
-0.0
-44.397078036778744
-0.0
-44.39571905294466
-0.0
-44.39407693549658
-0.0
-44.3921553598335
-0.0
-44.389957962615284
-0.0
-44.387488348538014
-0.0
-44.384750086087294
-0.0
-44.38174670973167
-0.0
-44.378481719605105
-0.0
-44.37495858170894
-0.0
-44.37118072752426
-0.0
-44.36715155464162
-0.0
-44.362874426542014
-0.0
-44.35835267307525
-0.0
-44.35358959058661
-0.0
-44.34858844139656
-0.0
-44.34335245510546
-0.0
-44.33788482767032
-0.0
-44.332188721300106
-0.0
-44.32626726710514
-0.0
-44.32012356177646
-0.0
-44.31376067023216
-0.0
-44.307181623969775
-0.0
-44.30038942362798
-0.0
-44.293387037428815
-0.0
-44.28617740085956
-0.0
-44.27876341751524
-0.0
-44.27114796116697
-0.0
-44.263333872910316
-0.0
-44.25532396258109
-0.0
-44.24712100952359
-0.0
-44.23872776253149
-0.0
-44.23014693833023
-0.0
-44.22138122577079
-0.0
-44.21243328056147
-0.0
-44.203305730929834
-0.0
-44.194001173833534
-0.0
-44.18452217736505
-0.0
-44.17487127915256
-0.0
-44.16505098975495
-0.0
-44.155063787973084
-0.0
-44.14491212594898
-0.0
-44.13459842652727
-0.0
-44.12412508402582
-0.0
-44.11349446477748
-0.0
-44.10270890751298
-0.0
-44.09177072274044
-0.0
-44.080682193870715
-0.0
-44.06944557564681
-0.0
-44.05806309895313
-0.0
-44.0465369640964
-0.0
-44.03486934724063
-0.0
-44.02306239672551
-0.0
-44.01111823549197
-0.0
-43.999038960145754
-0.0
-43.98682664166807
-0.0
-43.97448332497788
-0.0
-43.962011030454676
-0.0
-43.94941175267856
-0.0
-43.93668746147904
-0.0
-43.92384010229465
-0.0
-43.910871595263615
-0.0
-43.897783837615194
-0.0
-43.88457870036688
-0.0
-43.87125803393579
-0.0
-43.85782366154966
-0.0
-43.84427738483403
-0.0
-43.83062098277247
-0.0
-43.81685621016518
-0.0
-43.80298479935785
-0.0
-43.78900846107543
-0.0
-43.77492888188087
-0.0
-43.76074772791712
-0.0
-43.74646664239824
-0.0
-43.73208724694666
-0.0
-43.71761114209495
-0.0
-43.70303990674208
-0.0
-43.68837509846841
-0.0
-43.673618255052425
-0.0
-43.65877089220623
-0.0
-43.64383450600375
-0.0
-43.62881057180677
-0.0
-43.61370054457419
-0.0
-43.59850586131096
-0.0
-43.58322793761598
-0.0
-43.567868168942915
-0.0
-43.552427933604044
-0.0
-43.53690859004981
-0.0
-43.521311476890595
-0.0
-43.50563791546961
-0.0
-43.48988920764694
-0.0
-43.47406663764788
-0.0
-43.45817147115575
-0.0
-43.44220495628766
