238.63707000000002
233.69293887009147
234.30293458581292
234.91687581742792
235.53301740791903
236.15101756277923
236.770722901395
237.39198851057645
238.01465262204368
238.63853471727396
239.2634375523928
239.88915010624234
240.51545086972638
241.14211125037826
241.76889893713374
242.39558110574137
243.0219273794348
243.6477124899672
244.27271861156143
244.89673736091294
245.51957147157347
246.14103616092493
246.7609602132134
247.37918680434254
247.9955740941106
248.60999561018576
249.2223404458786
249.8325132918674
250.44043431935359
251.0460390083514
251.64927746758818
252.25011442289914
252.84852836576997
253.44451093540314
254.03806618189847
254.62921002507238
255.21796904277767
255.80437986834198
256.38848823813885
256.97034808565843
257.5500206302345
258.12757347012393
258.70307968911436
259.2766169857371
259.8482668333094
260.41811367843775
260.9862442342731
261.5527465771689
262.11770979924984
262.6812232175253
263.24337586963543
263.8042562111193
264.36395148896946
264.9225475919664
265.48012640786055
266.0367751224725
266.5925718260308
267.14759505651523
267.7019214198498
268.25562568261216
268.8087809254949
269.36145875436387
269.9137295655923
270.4656628621674
271.01732761692864
271.56879267934244
272.12012722215303
272.6714012244204
273.22268598751293
273.7740546808943
274.32558291473185
274.8773493366437
275.42943625029534
275.9819302538022
276.5349228964233
277.08851135237137
277.64279911105746
278.1978966836277
278.75392232600865
279.311002779411
279.86927402961726
280.4288820870536
280.9899837902209
281.5527476356367
282.1173546381251
282.6839992259258
283.25289017539774
283.82425159237147
284.39832395042515
284.9753651709376
285.55563645150244
286.1394803840292
286.72716823232906
287.3190556865139
287.9155071021532
288.51691264916843
289.1236901177681
289.65069057503007
289.69775821422047
289.74265088271716
289.7854140108681
289.82608974755686
289.86472540176663
289.9013633236108
289.9360484802442
289.96882800492443
289.99974227118133
290.0288421623631
290.0561719376003
290.08177745698885
290.10570450510215
290.12799871433356
290.14870549268466
290.1678699560815
290.1855368653332
290.2017505676376
290.2165549426678
290.22999335309896
290.24210859952007
290.2529428795923
290.2625377512946
290.2709341001493
290.27817211021727
290.2842912387115
290.2893301940715
290.2933269172482
290.29631856611553
290.298341502764
290.29943128347327
290.29962265125783
290.2989495307803
290.29744502541985
290.29514141640067
290.2920701637824
290.2882619091595
290.2837464799387
290.2785528950587
290.2727093719897
290.2662433349215
290.2591814239989
290.2515495055045
290.2433726828739
290.234675308444
290.2254809958715
290.2158126330725
290.2056923956606
290.19514176078974
290.184181521333
290.1728318002952
290.1611120655004
290.1490411443631
290.1366372388151
290.1239179402857
290.1109002446571
290.09760056727055
290.08403475780585
290.0702181151436
290.0561654020469
290.0418908597662
290.0274082224451
290.01273073135434
289.9978711489418
289.98284177266044
289.96765444855913
289.95232058465456
289.93685116406516
289.92125675784837
289.9055475376209
289.8897332879003
289.873823418162
289.85782697462895
289.8417526518052
289.8256088037025
289.8094034548055
289.79314431077114
289.7768387688259
289.76049392792544
289.7441165985963
289.7277133125575
289.71129033204534
289.6948536588836
289.67840904330404
289.6619619925052
289.6455177789584
289.6290814484762
289.61265782803923
289.59625153338527
289.57986697636545
289.5635083720775
289.54717974579177
289.53088493961684
289.51462761904054
289.49841127914453
289.4822392507493
289.46611470626016
289.45004066539065
289.4340200006694
289.4180554427612
289.40214958565326
289.38630489161943
