142850.58624
130790.4308717933
131615.5290071713
132424.48830841255
133216.12988785797
133991.251017211
134750.99804857955
135496.50914473887
136228.84446282432
136948.97830271474
137657.80410383025
138356.14162108145
139044.74398343367
139724.30417250755
140395.46086456356
141058.803669879
141714.8778225803
142364.18837586135
143007.20395472346
143644.3601142612
144276.06234700422
144902.68877840694
145524.5925853742
146142.10416880582
146755.53310762165
147365.16991856578
147971.28764320252
148574.1432810825
149173.97908574092
149771.02373831533
150365.49341179532
150957.59273741054
151547.51568335693
152135.4463548627
152721.55972359068
153306.0222934659
153888.99270922167
154470.62231327113
155051.0556558811
155630.43096310797
156208.88056645275
156786.53129778855
157363.50480813786
157939.918125644
158515.8835168364
159091.50921916938
159666.89947960264
160242.1548424281
160817.37237390302
161392.6458701384
161968.06604957537
162543.7207313224
163119.69500043808
163696.07136119224
164272.9298792179
164850.3483133895
165428.40223818744
166007.16515723485
166586.70860863882
167167.1022627099
167748.41401257503
168330.71005817244
168914.05498404527
169498.51183135514
170084.14216445506
170671.00613237565
171259.1625255137
171848.6688278105
172439.5812646701
173031.95484685985
173625.84341060228
174221.29965405265
174818.37517035467
175417.12047742825
176017.58504465278
176619.81731658403
177223.86473382197
177829.77375117826
178437.5898532172
179047.3575673053
179659.12047423597
180272.92121653646
180888.80150452995
181506.80212022347
182126.96291910086
182749.32282987618
183373.91985228306
184000.79105293684
184629.97255934772
185261.49955211545
185895.4062553733
186531.72592551247
187170.49083825268
187811.73227408092
188455.4805021263
189101.7647625002
189750.6132471469
190402.0530792637
191056.11029131137
191712.8098016902
192372.17539010747
193034.22967169172
193698.99406991503
194366.48878836693
195036.73278144005
195709.74372398958
196385.53798002974
197064.1305705338
197745.5351404104
198429.76392472823
199116.82771427705
199806.73582054657
200499.49604020998
201195.11461922768
201893.59621663988
202594.94386820105
203299.15894993613
204006.24114176168
204716.18839129334
205428.99687798662
206144.66097774275
206863.17322815175
207584.524294513
208308.70293682395
209035.69597790155
209765.48827282953
210498.06267992605
211233.40003343628
211971.47911816504
212712.27664626442
213455.76723641978
214201.92339565916
214950.71550404205
215702.11180247585
216456.07838393282
217212.57918832323
217971.57600131532
218733.02845736992
219496.89404729
220263.1281305713
221031.6839528521
221802.51266875688
222575.5633704439
223350.78312215224
224128.11700105018
224907.50814468449
225688.89780533116
226472.2254115367
227257.42863713784
228044.4434780285
228833.204336958
229623.64411660397
230415.69432116975
231209.2851667202
232004.34570049826
232800.8039293597
233598.58695754723
234397.62113391046
235197.83220869608
235999.1455000115
236801.4860699841
237604.77891067832
238408.94913971776
239213.92220558907
240019.62410251703
240825.98159478285
241632.92245030255
242440.37568324493
243248.27180540186
244056.5430860095
244865.12381962113
245673.95060161437
246482.96261087098
247292.10189906097
248101.31368597422
248910.54666024548
249719.75328477123
250528.8901060869
251337.91806688262
252146.80282081917
252955.5150487278
253764.03077525715
254572.3316849449
255380.40543669843
256188.24597557727
256995.85384076575
257803.23646858332
258610.40848933256
259417.3920167813
260224.21692903442
261030.92113954507
261837.5508570005
262644.1608327996
263450.85308935866
264257.6211404772
265064.5526524939
265871.8099076896
266679.45694408636
267487.60411789175
268296.3716016585
