2.3417076447519865
2.3464925167064403
2.3512541685345245
2.355993910022945
2.3607124089781917
2.3654102341470944
2.370087916277354
2.3747459555691743
2.379384823149546
2.3840049618617605
2.388606786957531
2.3931906867567596
2.3977570232821237
2.402306132869282
2.406838326752888
2.4113538916285453
2.4158530901909083
2.4203361616481542
2.424803322213119
2.4292547655714025
2.4336906633267925
2.4381111654243885
2.44251640055182
2.4469064765189814
2.4512814806167276
2.455641479954984
2.4599865217807446
2.4643166337764293
2.468631824339109
2.472932082841085
2.477217379872332
2.4814876674653283
2.4857428793027783
2.489982930908752
2.4942077198237786
2.498417125764413
2.5026110107678106
2.5067892193218486
2.510951578481327
2.515097897970796
2.519227970274548
2.5233415707143294
2.527438457515309
2.531518371860879
2.535581037936821
2.539626162965424
2.5436534372301134
2.547662534091165
2.5516531099930915
2.5556248044642893
2.559577240109544
2.563510022596003
2.5674227406332304
2.5713149659479804
2.5751862532543153
2.5790361402197366
2.582864147427985
2.5866697783391968
2.5904525192481036
2.5942118392410016
2.5979471901522038
2.6016580065207346
2.605343705548026
2.6090036870574016
2.612637333456156
2.6162440097010546
2.6198230632681
2.6233738241274334
2.6268956047242744
2.630387699966795
2.6338493872218867
2.6372799263197733
2.6406785595684537
2.6440445117789904
2.647376990302675
2.6506751850811274
2.653938268710413
2.6571653965202726
2.6603557066695993
2.6635083202593
2.666622341463713
2.6696968576817564
2.6727309397090164
2.6757236419319925
2.678674002545713
2.6815810437959713
2.6844437722474312
2.6872611790788428
2.690032240406625
2.69275591763807
2.6954311578554093
2.6980568942319723
2.7006320464816618
2.7031555213429423
2.7056262130985096
2.708043004131792
2.710404765521376
2.712710357674413
2.7149586310000244
2.717148426623642
2.7192785771431627
2.7213479074277243
2.7233552354598203
2.725299373221379
2.7271791276243227
2.728993301486033
2.7307406945499952
2.7324201045517795
2.7340303283303817
2.7355701629847764
2.737038407075377
2.738433861869938
2.7397553326332265
2.7410016299596207
2.7421715711475803
2.7432639816147106
2.744277696351952
2.7452115613907946
2.7460644354160157
2.746835191221742
2.7475227173513863
2.748125919711037
2.748643723213945
2.7490750734470364
2.749418938356008
2.7496743099453274
2.7498402059891953
2.749915671749319
2.7498997816950834
2.749791641221518
2.749590388360239
2.749295195478354
2.748905270960161
2.748419860866299
2.7478382505648944
2.7470737233106224
2.746106130543326
2.744948293124623
2.7436108663746257
2.742102662858953
2.740431028980746
2.738602148195386
2.7366212788615925
2.7344929419177384
2.7322210702510503
2.729809128522404
2.7272602099468837
2.7245771149076297
2.721762415105479
2.7188185060855936
2.715747650343579
2.7125520127347227
2.7092336895474025
2.7057947323245095
2.7022371673029877
2.69856301117537
2.6947742837469364
2.69087301795925
2.686861267669
2.6827411135054815
2.6785146670771436
2.6741840737544993
2.669751514221413
2.6652192049574963
2.6605893977898916
2.655864378632047
2.651046723782871
2.6461391419572347
2.641144105655701
2.636064108801783
2.6309016629186126
2.6256592928004974
2.6203395316977756
2.614944916106692
2.609477980176701
2.6039412497261973
2.598337235849342
2.592668428081372
2.5869372870720606
2.5811462366958944
2.5752976555019
2.569393867374422
2.5634371312364475
2.5574296295764767
2.5513734555146113
2.5452705980379395
2.5391229249217244
2.5329321627000043
2.5266998728405112
2.5204274229895267
2.51411595174477
2.5077663248300865
2.501379079691374
2.494954354256565
2.488491793647474
2.481990425552149
2.4754484899564826
2.4688632004658237
2.4622303994663732
2.4555440413578045
