109.30641983999999
118.3272036745003
119.17094431465615
119.92383360532786
120.64847800339406
121.35960634881793
122.06119398025835
122.75479076296519
123.44135340744864
124.12165369276953
124.79637415827028
125.4661345591231
126.13150245384965
126.79299971041486
127.45110759677124
128.10627111114982
128.7589027565498
129.40938585641146
130.05807747750808
130.70531101295703
131.3513984699448
131.99663250029067
132.64128820658587
133.2856247520868
133.92988679864715
134.57430579365916
135.219101124144
135.8644811537058
136.51064415599453
137.15777915654837
137.8060666933552
138.45567950516698
139.10678315546872
139.75953659902498
140.41409269709104
141.070598686636
141.72919660829803
142.39002369723468
143.0532127405561
143.7188924046033
144.38718753497048
145.05821943184893
145.73210610298318
146.40896249628994
147.08890071396164
147.77203020969128
148.4584579704821
149.14828868435234
149.84162489511303
150.53856714528055
151.23921410807299
151.94366270935117
152.6520082402778
153.36434446139222
154.0807636987347
154.8013569325868
155.52621387934738
156.25542306700902
156.98907190466124
157.72724674639807
158.47003294998538
159.21751493059492
159.9697762098972
160.7268994607686
161.48896654784835
162.25605856415814
163.02825586397873
163.80563809215556
164.58828420999373
165.37627251788308
166.1696806747858
166.96858571469883
167.77306406020003
168.58319153316998
169.39904336277593
170.22069419079182
171.04821807432543
171.8816884860116
172.72117831172602
173.56675984586613
174.4185047842466
175.27648421464204
176.14076860501174
177.0114277894374
177.88853095179977
178.77214660721282
179.66234258124325
180.55918598692523
181.46274319959446
182.37307982954752
183.29026069255076
184.21434977820246
185.14541021616623
186.08350424028757
187.02869315060636
187.98103727327992
188.94059591843165
189.9074273359438
190.8815886692115
191.86313590687868
192.85212383258738
193.8486059727544
194.85263454242187
195.86426038920564
196.88353293538717
197.91050011818953
198.94520832829392
199.9877023466453
201.03802527961665
202.09621849259557
203.16232154207475
204.23637210632637
205.31840591476035
206.40845667605902
207.50655600520759
208.61273334953952
209.72701591392425
210.84942858524832
211.97999385633454
213.11873174947087
214.26565973972924
215.4207926782574
216.5841427157561
217.75571922635555
218.9355287321262
220.12357482846392
221.31985811062242
222.52437610165424
223.73712318206535
224.95809052148076
226.187266012648
227.42463420811248
228.670176259921
229.9238698627183
231.18568920062117
232.45560489826772
233.73358397645325
235.0195898127768
236.3135821077407
237.6155168567486
238.9253463284668
240.24301905002454
241.5684797995238
242.90166960636068
244.24252575984445
245.5909818266142
246.94696767736247
248.31040952335863
249.68122996328364
251.05934804086456
252.44467931380896
253.83713593451608
255.2366267430365
256.64305737274185
258.0563303691366
259.47634532223566
260.9029990128972
262.3361855734822
263.77579666317155
265.2217216582424
266.6738478575672
268.1320607035549
269.5962440187068
271.0662802579136
272.54205077656536
274.0234361144831
275.51031629563596
277.00257114352286
278.5000806120491
280.0027251316485
281.51038597032397
283.02294560922047
284.5402881322427
286.06229962917314
287.5888686116405
289.11988644122687
290.6552477688949
292.1948509848546
293.7385986778785
295.2863981030095
296.838161656508
298.39380735680146
299.95325933012913
301.51644829947907
303.08331207534223
304.6537960467435
306.22785367092604
307.8054469600046
309.3865469628415
310.97113424034717
312.5591993323412
314.15074321409
315.7458249305273
317.3443706667483
318.9464227631294
320.55211569997994
322.1614636942156
323.7745392129697
325.39142780741946
327.01222848718743
