46.94777
27.491588136470998
26.98290668381155
26.51287071345384
26.07928345231388
25.678331039336502
25.30636940928541
24.960203970575538
24.637075635948783
24.334600320427665
24.050709902390125
23.78360221804249
23.531699832248147
23.29361612051263
23.068127261914665
22.85414899652338
22.65071723702487
22.45697181422476
22.27214278438259
22.095538841728906
21.92653746963279
21.764576534635385
21.609147083413053
21.45978714706464
21.316076392491574
21.177631489012445
21.044102081221133
20.915167277620352
20.790532579626493
20.669927187855208
20.553101632699644
20.43982568453544
20.329886505772976
20.223087012693586
20.119244419768663
20.018188943145756
19.919762643326905
19.823818389878333
19.730218933386976
19.638836071891543
19.54954990072636
19.462248136172
19.376825504552453
19.293183189483834
19.211228330895906
19.130873570235376
19.05203663694131
18.97463997187083
18.898610383864046
18.82387873608069
18.750379659127447
18.678051288331638
18.6068350228121
18.5366753042565
18.467519413540778
18.39931728352589
18.332021326543448
18.265586275235858
18.199969035554652
18.13512855084206
18.071025676027908
18.007623061070856
17.944885042857365
17.88277754484771
17.82126798382701
17.760325183178796
17.6999192921535
17.640021710652704
17.58060501909399
17.521642912959422
17.463110141667222
17.404982451437515
17.34723653185125
17.289849965828086
17.23280118277178
17.17606941465371
17.119634654822995
17.063477619350817
17.007579710730813
16.9519229837731
16.8964901135415
16.841264365196594
16.786229565616743
16.731370076680985
16.676670770104714
16.62211700372939
16.56769459917317
16.51338982075837
16.4591893556361
16.405080295035763
16.351050116571724
16.29708666754438
16.243178149178163
16.189313101742332
16.135480390504455
16.081669192470724
16.027868983869666
15.974069528339202
15.920260865780074
15.866433301840713
15.81257739800146
15.75868396222804
15.70474404016639
15.650748906852524
15.596690058913333
15.542559207235644
15.48834827008202
15.434049366633797
15.379654810942794
15.325157106274146
15.270548939824442
15.215823177799608
15.160972860838369
15.105991199768258
15.050871571680954
14.995607516315859
14.94019273274014
14.884621076315092
14.828886555938833
14.772983331555698
14.716905711923653
14.660648152631241
14.604205254355346
14.5475717613531
14.490742560179248
14.433712678622829
14.376477284855541
14.319031686785323
14.261371331608725
14.20349180555537
14.145388833818473
14.087058280665051
14.028496149719881
13.969698584416884
13.910661868612182
13.851382427352458
13.79185682779275
13.732081780257417
13.67205413943828
13.611770905723262
13.551229226649777
13.490426398475792
13.429359867862422
13.368027233661044
13.306426248798225
13.244554822251356
13.18241102110795
13.119993072700947
13.057299366812995
12.994328457941503
12.93107906761684
12.867550086765817
12.803740578111855
12.739649778603606
12.67527710186372
12.61062214064852
12.545684669310303
12.480464646252752
12.4149622163707
12.349177713464822
12.283111662621847
12.216764782551104
12.150137987867613
12.08323239131235
12.016049305900035
11.948590246985047
11.880856934235512
11.812851293506471
11.74457545860246
11.676031772920009
11.607222790961211
11.538151279708746
11.468820219853779
11.399232806867921
11.329392451910367
11.25930278256256
11.18896764338172
11.118391096265796
11.047577420622456
10.976531113334856
10.905256888517606
10.8337596770565
10.762044625926029
10.690117097279192
10.617982667304624
10.54564712484604
10.473116469780138
10.400396911149153
10.327494865044718
10.25441695224035
10.181169995570563
10.107761017054477
10.034196981566955
9.960485784807211
9.886635099216695
9.81265212098164
9.738545100728546
9.66432218031993
9.589991673896765
9.515562062617072
