-4.560878576982528
-16.849896446601907
-16.831416429085813
-16.819835646318978
-16.81412903313398
-16.813425971538436
-16.81699361073437
-16.824216164856665
-16.834575393385915
-16.847633714651906
-16.863020106475396
-16.880418518392176
-16.899558413439614
-16.920207066670958
-16.942163293899515
-16.965252337589657
-16.989321686533483
-17.014237648809303
-17.03988253297111
-17.06615232125247
-17.09295474172299
-17.120207664832275
-17.14783776450345
-17.17577939564103
-17.20397364919011
-17.232367553393917
-17.2609133956862
-17.28956817373737
-17.318292987963446
-17.347052775848027
-17.375815841728386
-17.404553560059163
-17.433240095148438
-17.461852154741464
-17.49036877213206
-17.518771112316546
-17.54704229847651
-17.575167255777554
-17.60313256984786
-17.63092635790497
-17.658538150710942
-17.685958783945036
-17.713180297779175
-17.740195843694917
-17.766999597692088
-17.79358667928741
-17.819953075706994
-17.846095570849577
-17.872011678649688
-17.897699580563174
-17.9231580668691
-17.94838648163065
-17.97338467109629
-17.998152935395765
-18.022691983380817
-18.047002890474143
-18.07108705941822
-18.0949461837941
-18.118582214171564
-18.141997326817844
-18.165193894834186
-18.188174461567925
-18.210941716259313
-18.233498471741232
-18.255847644104783
-18.277992234243968
-18.299935311091556
-18.32167999653759
-18.34322945182052
-18.36458686537006
-18.385755441923582
-18.406738392893157
-18.427538927807632
-18.448160246810456
-18.46860553407747
-18.488877952083406
-18.50898063666584
-18.52891669275748
-18.54868919078657
-18.568301163626554
-18.58775560405458
-18.60705546267684
-18.626203646251643
-18.64520301637418
-18.664056388473455
-18.682766531088475
-18.701336165400914
-18.719767964945678
-18.73806455555283
-18.756228515399087
-18.774262375229167
-18.792168618670168
-18.80994968266098
-18.827607957941108
-18.845145789624503
-18.86256547782501
-18.879869278304955
-18.897059403192646
-18.914138021693862
-18.931107260839838
-18.94796920624643
-18.964725902871237
-18.981379355788384
-18.997931497255994
-19.014384356092833
-19.03073972091741
-19.046999478753307
-19.06316544663903
-19.079239406242372
-19.09522310457072
-19.111118254667584
-19.12692653631637
-19.142649596696632
-19.15828905106621
-19.173846483394183
-19.189323446995743
-19.204721465154027
-19.2200420317191
-19.235286611699312
-19.25045664183377
-19.26555353115293
-19.280578661531596
-19.295533388213446
-19.31041904034461
-19.325236921467265
-19.339988310029476
-19.35467445986428
-19.3692966006623
-19.383855938427793
-19.398353655940088
-19.412790913190623
-19.427168847803024
-19.441488575460745
-19.455751190318118
-19.469957765395357
-19.48410935297633
-19.498206984982847
-19.512251673353838
-19.526244410407696
-19.54018616920362
-19.554077903885553
-19.567920550029193
-19.58171502497218
-19.595462228139823
-19.609163041372984
-19.622818329232217
-19.63642893931078
-19.649995702528358
-19.66351943343159
-19.67700093048049
-19.690440976328002
-19.703840338095024
-19.717199767647195
-19.73052000185681
-19.743801762857093
-19.757045758309108
-19.770252681642255
-19.783423212298228
-19.79655801598265
-19.80965774488665
-19.822723037927037
-19.83575452096917
-19.84875280705456
-19.86171849660904
-19.87465217766856
-19.88755442608314
-19.900425805722232
-19.91326686868603
-19.926078155491076
-19.938860195274337
-19.951613505992814
-19.96433859459102
-19.97703595720613
-19.989706079341428
-20.002349436046472
-20.01496649209052
-20.02755770214249
-20.040123510928876
-20.052664353418976
-20.06518065496453
-20.077672831485675
-20.090141289612706
-20.102586426850475
-20.115008631728454
-20.1274082839564
-20.13978575456263
-20.152141406055044
-20.16447559254859
-20.176788659923517
-20.18908094594773
-20.201352780429414
-20.21360448534118
-20.225836374955055
-20.23804875598047
-20.25024192767962
-20.262416182002582
-20.27457180371534
-20.286709070513236
-20.298828253149832
-20.31092961555039
