1057.3173
877.7361111394649
861.0371458104083
845.1099268724772
829.9394443684713
815.5094761782692
801.8017601610936
788.7960182334199
776.4701565049429
764.8005134324799
753.7621265775235
743.329006373635
733.4744089289119
724.171101194556
715.3916128824764
707.1084706086658
699.2944108663164
691.9225695351371
684.966646660863
678.4010461519116
672.2009908150023
666.3426137772935
660.8030278195578
655.5603744818283
650.5938550135401
645.8837453427695
641.4113972521486
637.1592278917606
633.1106996490682
629.2502922488429
625.563468785372
622.0366372063036
618.657108581399
615.4130533062873
612.2934562173356
609.2880714307296
606.3873775705183
603.5825339164879
600.865337884667
598.2281841498844
595.6640256313124
593.166336486309
590.7290771954273
588.3466617693078
586.0139270668445
583.7261041807428
581.4787918215432
579.2679316121396
577.0897851920992
574.940913022175
572.8181547751878
570.7186111979345
568.6396273298775
566.5787769676892
564.5338482691392
562.5028303958364
560.483909022123
558.4754253405154
556.4759027005998
554.4840216661419
552.4986062242721
550.5186182538225
548.5431491998426
546.5714122255587
544.6027348028131
542.6365517049384
540.6723983703343
538.7099046087662
536.7487886267021
534.788851349525
532.8299710231942
530.8720980783614
528.915263457802
526.9595226153417
525.0050258413045
523.0519657318717
521.100584878357
519.1511720553301
517.2040585957657
515.2596149472367
513.3182473990365
511.3803949779552
509.44652650135237
507.517137783707
505.59274898929857
503.67390212495104
501.76115866671245
499.8550973144564
497.9563118686158
496.06540922324507
494.18300746997744
492.3097341073115
490.44622435007847
488.5931195339103
486.7510656099065
484.9207117245652
483.1027088806398
481.29770867432075
479.50636210473857
477.72931845167494
475.96722421767424
474.22072213097994
472.49045020579
470.77704085658957
469.0811200634202
467.4033065852367
465.7442112185076
464.1044360984807
462.48457404064203
460.88520792003965
459.30691008636984
457.7502418126165
456.2157527755077
454.70398056580404
453.21545022686325
451.75067381982456
450.3101465273382
448.89436016915425
447.5037820627508
446.1388684708179
444.8000608533981
443.4877855624499
442.2024485429449
440.9444560334568
439.71418106971123
438.5119872036705
437.33822135527004
436.1932138325005
435.0772781714367
433.9907109621274
432.9337916836497
431.90678255126033
430.9099283758751
429.9434615451015
429.00758062202766
428.1024838315944
427.2283449109367
426.3853199147983
425.5735469367602
424.7931460219221
424.04421911733243
423.32685003817556
422.64110444689544
421.9870298449219
421.364655577288
420.77399285034187
420.21503476291855
419.6877563512335
419.1921146477947
418.7280487548251
418.29547993230875
417.8943117012009
417.52442996199534
417.1857031290509
416.8779822808565
416.60110132670053
416.3548771897832
416.1391100071262
415.9535833464232
415.7980644399279
415.6723044355441
415.5760386650911
415.5089869298081
415.47085380294027
415.4613289494302
415.4800874623649
415.5267902160576
415.6010842354308
415.7026030813566
415.83096725139154
415.98578459569507
416.16665074724693
416.3731495659846
416.6048535961166
416.86132453583843
417.1421137187509
417.4467626110538
417.77480328886105
418.12575899942937
418.4991446301478
418.8944672602335
419.31122668809553
419.74891596881514
420.2070219555106
420.68502584374295
421.18240371755076
421.69862709629524
422.23316348115037
422.78547690005416
423.355028450245
423.9412768371901
424.5436789089616
425.16169018498994
425.79476537828765
426.44235891025755
427.1039254169997
427.7789202464383
428.46679994546446
429.16702273615306
429.8790489804543
