0.89981
0.9043006604125298
0.908192420571951
0.9125047937737254
0.9170820629727422
0.9218266297904965
0.9266798906957384
0.9316065993774606
0.9365854816273472
0.9416036192351622
0.9466530903950967
0.9517289603568941
0.9568280797953479
0.9619483662719334
0.9670883745998197
0.9722470399700596
0.9774235243828469
0.9826171248498641
0.9878272185318006
0.993053229960241
0.9982946114637451
1.0035508314880612
1.0088213676349842
1.014105702520704
1.0194033213174907
1.0247137102988235
1.0300363559806751
1.0353707446146434
1.0407163618859305
1.046072692727212
1.0514392211939945
1.056815430367504
1.062200802263159
1.067594817729548
1.0729969563265955
1.078406696173401
1.0838235137567647
1.08924688369105
1.0946762784189465
1.1001111678409636
1.1055510188590925
1.1109952948168402
1.1164434548136617
1.1218949528664333
1.127349236883532
1.1328057474080084
1.1382639160741481
1.1437231637077918
1.1491828979762089
1.1546425104726559
1.1601013730809855
1.1655588334227236
1.1710142098624992
1.176466782117982
1.1819157849422104
1.1873603947206395
1.1927997155959522
1.1982327617326756
1.2036584360758924
1.2090755062057068
1.2144825794692438
1.2198780824098552
1.2252602538020798
1.2306271655169019
1.235976787899471
1.2413071104752869
1.246616309124681
1.2519029208919286
1.257165966503892
1.26240497203263
1.2676198853594614
1.2728109214573102
1.2779784376135965
1.2831227746991187
1.2882442071936238
1.293342909026362
1.2984189497369616
1.3034723048557129
1.30850287242557
1.3135104906186335
1.3184949533573727
1.3234560229927712
1.3283934402801285
1.3333069320206263
1.338196216743506
1.3430610088553445
1.347901021617883
1.3527159692598383
1.357505568450571
1.362269539314593
1.3670076061160852
1.371719497708059
1.3764051868583298
1.3810640837785477
1.3856959674103746
1.3903006084554674
1.3948775307373167
1.399426835561876
1.4039482560171272
1.4084415418722225
1.4129064973608951
1.4173428365669596
1.4217503447383726
1.4261288109020744
1.4304780278833826
1.4347977924104534
1.4390879051282972
1.443348170558248
1.4475783970251361
1.4517783965655584
1.4559479848253942
1.460086980951472
1.4641952074804534
1.4682724902268158
1.4723186581711505
1.4763335433495675
1.4803169807447352
1.4842688081789392
1.4881888662094442
1.4920769980263637
1.49593304935322
1.4997568683503362
1.5035483055211634
1.5073072136216727
1.5110334475728682
1.514726864376515
1.5183873230341352
1.522014684469312
1.5256088114533615
1.5291695685343771
1.5326968219697146
1.5361904396617985
1.5396502910974847
1.5430762472907331
1.5464681807287184
1.5498259653213204
1.5531494763539597
1.5564385904437572
1.5596931854989877
1.562913140681753
1.5660983363738552
1.5692486541458017
1.5723639767288904
1.5754441879903074
1.5784891729111765
1.5814988175674938
1.5844730091138666
1.5874116357700034
1.5903145868098523
1.5931817525533465
1.5960130243606439
1.5988082946288034
1.601567456790815
1.6042904053169078
1.606977035718033
1.6096272445514799
1.6122409294285127
1.6148179890239704
1.6173583230877335
1.6198618324580047
1.6223284190762959
1.6247579860040824
1.627150437441019
1.6295056787446727
1.6318236164516708
1.6341041583002456
1.636347213254044
1.6385526915272073
1.6407205046105902
1.6428505652991214
1.6449427877202087
1.6469970873631263
1.649013381109383
1.650991587263946
1.652931553902518
1.6548332754537547
