-197.65394994683695
-230.58204775299401
-231.47350045897198
-232.36659694546674
-233.26426238812758
-234.1676299794776
-235.07704129134157
-235.99248034539315
-236.91376464917207
-237.8406317171536
-238.77278009668228
-239.70989013127755
-240.65163534167309
-241.59768919607393
-242.5477294259884
-243.50144091119898
-244.45851765561017
-245.41866414450536
-246.38159626056623
-247.34704187573658
-248.31474120076567
-249.28444695170782
-250.25592437721772
-251.22895117941843
-252.2033173530546
-253.17882496151284
-254.1552878639352
-255.13253146376113
-256.110392108739
-257.08871714937095
-258.06736425144294
-259.04620108320546
-260.02510490949237
-261.00396217871935
-261.9826681053779
-262.96112625045384
-263.9392481019441
-264.91695265740316
-265.8941660104361
-266.8708209427391
-267.84685652330535
-268.82221771616383
-269.79685499794425
-270.77072398637375
-271.74378508073204
-272.7160031150495
-273.6873470247975
-274.65778952761127
-275.6273068184762
-276.5958782796435
-277.5634862055024
-278.5301155424108
-279.49575364346447
-280.46039003805345
-281.4240162159672
-282.3866254257488
-283.3482124869082
-284.30877361556185
-285.2683062630493
-286.22680896696033
-287.1842812140395
-288.1407233144381
-289.09613628664994
-290.05052175260926
-291.00388184232213
-291.956219107419
-292.9075364431132
-293.8578370178951
-294.8071242105005
-295.7554015535365
-296.7026726833149
-297.64894129532144
-298.59421110493145
-299.53848581284655
-300.48176907488096
-301.4240644756876
-302.3653755060249
-303.305705543272
-304.24505783480197
-305.1834354839727
-306.12084143843265
-307.0572784804861
-307.99274921929305
-308.9272560846945
-309.8608013224664
-310.79338699082507
-311.72501495801885
-312.6556869009024
-313.58540430429036
-314.514168461068
-315.44198047287387
-316.36884125132383
-317.2947515196492
-318.21971181472264
-319.1437224893679
-320.06678371491853
-320.9888954839985
-321.91005761342007
-322.8302697472403
-323.74953135988767
-324.66784175935146
-325.58520009042627
-326.50160533795815
-327.4170563632302
-328.33155174249276
-329.2450900977832
-330.15766977444
-331.06928900621324
-331.9799458860696
-332.8896383693348
-333.7983642767194
-334.7061212972735
-335.61290699131666
-336.51871879327155
-337.4235540144747
-338.3274098459107
-339.2302833608895
-340.1321715176718
-341.033071162035
-341.93297902978384
-342.83189174920733
-343.7298058434755
-344.6267177329994
-345.5226237377166
-346.4175200793583
-347.31140288363525
-348.2042681823992
-349.09611191575254
-349.98692993411964
-350.87671800025777
-351.7654717912429
-352.6531869004202
-353.5398588392991
-354.425483039417
-355.3100548541733
-356.1935695606161
-357.07602236120994
-357.9574083855552
-358.8377226920851
-359.7169602697245
-360.5951160395257
-361.47218485626723
-362.3481615100304
-363.22304072774637
-364.09681717470795
-364.96948545607046
-365.84104011831266
-366.71147565068577
-367.5807864866215
-368.4489670051314
-369.31601153217935
-370.18191434202885
-371.0466696585677
-371.91027165661313
-372.7727144632052
-373.6339921588563
-374.49409877880794
-375.35302831425486
-376.2107747135415
-377.0673318833634
-377.92269368992834
-378.7768539601127
-379.6298064825924
-380.4815450089699
-381.3320632548676
-382.1813549010158
-383.0294135943289
-383.87623294894894
-384.7218065472997
-385.5661279411027
-386.40919065238177
-387.25098817447827
-388.09151397301736
-388.9307614868825
-389.76872412917186
-390.6053952881433
-391.440768328137
-392.2748365905061
-393.1075933945011
-393.939032038191
-394.7691457993182
-395.59792793618493
-396.4253716885059
-397.2514702782556
-398.0762169105043
-398.89960477425046
-399.7216270432223
-400.5422768766995
-401.3615474202904
-402.17943180673336
-402.99592315665654
-403.8110145793531
-404.6246991735352
-405.43697002807306
-406.24782022274525
-407.0572428289585
-407.86523091046257
-408.6717775240734
-409.4768757203634
-410.28051854436376
