935887.944
674638.0003404574
688411.5586513918
702457.6696119144
716772.382017354
731358.1150626221
746217.7813054558
761353.8482814925
776768.1845168854
792462.0437433565
808436.0865555379
824690.421939238
841224.6632080566
858037.9944919324
875129.2443486869
892496.9635071225
910139.5043456217
928055.1003001876
946241.9439792372
964698.2632244017
983422.3947213405
1002412.8550200402
1021668.4089755471
1041188.1357008454
1060971.492148184
1081018.374423017
1101329.1768973025
1121904.8491617946
1142746.9508037574
1163857.703809021
1185240.043501824
1206897.665268818
1228835.0719535083
1251057.614962712
1273571.537891525
1296384.010319065
1319503.1693224225
1342938.1502469531
1366699.119664822
1390797.3058155996
1415245.0277221517
1440055.7233581727
1465243.9772935752
1490825.548318195
1516817.397586826
1543237.7178857862
1570105.9619378126
1597442.886551847
1625270.5737820936
1653612.481496372
1682493.49159831
1711939.943680268
1741979.7177706275
1772642.2842963645
1803958.472699249
1835961.78310745
1868686.6578379194
1902169.7954735714
1936449.9744335862
1971568.1912691062
2007567.816585821
2044494.7706293114
2082397.720815052
2121328.303770362
2161341.37477612
2202495.2879009615
2244852.2105649323
2288478.4768158724
2333444.984231258
2379827.640110152
2427707.8635014333
2477173.1506636967
2528317.712802628
2581243.1964049153
2636059.498272302
2692885.689474537
2751851.06499862
2813096.33895976
2876775.0089578214
2943054.917729448
3012120.045773256
3084172.57544674
3159435.2754239165
3238154.2647947567
3320602.22904132
3407082.1763339466
3497931.843471378
3593528.8815728836
3694297.008755226
3800713.2941796607
3913310.9353923295
4032719.611503425
4159618.38438976
4294810.954830871
4439214.638776864
4593889.657253552
4760068.112010055
4910087.697391358
4902256.483911799
4894246.310769511
4886068.235529276
4877727.402689617
4869243.05222327
4860617.859707723
4851860.673881301
4842982.191579993
4833984.374027577
4824882.333975701
4815681.919214172
4806390.953038068
4797017.053711242
4787567.631531953
4778049.8863168815
4768470.805410968
4758837.162252364
4749155.515466474
4739432.208501341
4729673.3697703155
4719884.913296137
4710072.539826447
4700241.738389659
4690397.788275381
4680545.761396061
4670690.5250049485
4660836.744745
4650988.887977932
4641151.227390489
4631327.844830344
4621522.635336568
4611739.311356629
4601981.407114435
4592252.283092883
4582555.130625124
4572892.976562649
4563268.687997673
4553684.977026072
4544144.405532479
4534649.389974701
4525202.20615974
4515804.99399362
4506459.762194807
4497168.392957767
4487932.64655765
4478754.165893465
4469634.480947187
4460575.013166344
4451577.079759621
4442641.8979010675
4433770.588827793
4424964.1818553945
4416223.618271489
4407549.755137507
4398943.368982587
4390405.1593788145
4381935.75242694
4373535.704115023
4365205.503587119
4356945.576286888
4348756.287011127
4340637.942847476
4332590.796011476
4324615.046583614
4316710.845144672
4308878.295309035
4301117.4561665645
4293428.344632254
4285810.937693596
4278265.174579284
4270790.958837677
4263388.160327183
4256056.617125519
4248796.1373643
4241606.500978294
4234487.461384092
4227438.747088379
4220460.06321962
4213551.093001208
4206711.499147504
4199940.925208836
4193238.996848126
4186605.3230609214
4180039.497340816
4173541.098789255
4167109.6931722905
4160744.8339291248
4154446.0631323634
4148212.912401283
4142044.90377083
4135941.5505181947
4129902.3579520322
4123926.824152145
4118014.4406912425
4112164.6932934024
4106377.06248759
4100651.0242049075
4094986.0503593357
4089381.609391263
4083837.166780888
4078352.1855431125
4072926.1266841562
