922.9691603987346
556.7342908849109
546.5695482547251
537.0411591556082
528.1372704160693
519.8135445269419
512.0231801092796
504.7227187216418
497.8728299101912
491.43808042108435
485.3865350878701
479.68936505335677
474.32049579134195
469.2562971568657
464.47531167591023
459.95801646994187
455.68661449433995
451.64485125541887
447.81785365824265
444.19198808168335
440.75473517017366
437.49457917455976
434.40090997171825
431.4639361490169
428.67460776029986
426.02454754954283
423.5059896009316
421.11172451358823
418.83505031890667
416.6697284612204
414.60994425089615
412.6502712749288
410.785639315596
409.0113053842075
407.32282752576776
405.71604109258675
404.18703722145676
402.7321432807464
401.3479050813953
400.0310706697996
398.7785755415636
397.58752913341965
396.4552025075348
395.37901682628353
394.3565333941106
393.3854437003987
392.4635608754711
391.5888115837669
390.75922859486894
389.9729439310022
389.2281825394704
388.52325644364873
387.85655933079846
387.22656153903705
386.63180540947565
386.0709009727922
385.5425219424204
385.0454019891585
384.57833127431434
384.1401532206383
383.7297615021406
383.34609723561493
382.9881463582015
382.6549371766988
382.3455380755841
382.05905537181377
381.79463130549385
381.55144215643713
381.3286964774428
381.125633435902
380.9415212560094
380.7756557545037
380.62735896340047
380.49597783372457
380.38088301470685
380.2814677033484
380.19714655964356
380.12735468311763
380.0715466466652
380.02919558397093
379.9997923270861
379.9828445909657
379.97787620203087
379.98442636801315
380.002048986551
380.0303119901832
380.06879672554794
380.1170973647679
380.1748203471167
380.24158384922583
380.3170172821848
380.4007608140214
380.49246491613854
380.59178993239067
380.6984056695686
380.811991008139
380.9322335321837
381.05882917752
381.19148189708574
381.32990334271625
381.4738125624946
381.6229357129301
381.77700578524576
381.9357623451199
382.098951285267
382.26632459027746
382.43764011317984
382.6126613632241
382.7911573044174
382.9729021643703
383.15767525305324
383.34526079106763
383.53544774708917
383.7280296841391
383.9228046143845
384.11957486216
384.3181469349581
384.518331402123
384.71994278101386
384.9227994304163
385.12672345099617
385.33154059259596
385.5370801682014
385.7431749743916
385.9496612181268
386.15637844970934
386.3631695017798
386.5698804342065
386.7763604847387
386.98246202529424
387.1880405237659
387.392954511215
387.5970655543493
387.80023823316105
388.0023401236111
388.2032417852489
388.4028167536449
388.60094153752425
388.79749562047346
388.9923614670966
389.1854245334916
389.3765732819053
389.56569919942973
389.75269682057564
389.93746375357404
390.1199007102267
390.29991153912704
390.4774032620452
390.65228611328604
390.8244735817845
390.9938824556997
391.16043286925697
391.32404835156933
391.4846558771324
391.6421859176972
391.79657249518016
391.9477532352597
392.0956694212794
392.24026604806704
392.3814918752328
392.5192994795098
392.6536453056474
392.7844897153744
392.9117970338809
393.03553559327855
393.1556777724486
393.2722000326648
393.38508294834816
393.4943112322919
393.5998737546476
393.7017635549658
393.7999778465222
393.8945180121682
393.98538959090166
394.0726022543342
394.1561697722156
394.2361099661587
394.31244465067994
394.38519956068
394.45440426446305
394.52009206139564
394.5822998633055
394.6410680587327
394.69644035914274
394.7484636262435
394.7971876795703
394.8426650835253
394.88495091311654
394.9241024976779
394.96017914192413
394.9932418237532
395.0233528683089
395.0505755978984
395.07497350655564
395.0966140403173
395.1155547259227
395.13186367247374
395.1456019306696
395.1568300617588
395.1656065073368
