3.5108299739174176
2.7929454995548393
2.7927048117091475
2.7925518787741725
2.7924349703784377
2.7923426385256125
2.7922699654510583
2.792213334201393
2.7921703362267185
2.7921381366100806
2.792114842226497
2.792098729084591
2.792088340264868
2.7920824478159556
2.792080019898098
2.792080192417585
2.7920822444937476
2.7920855772427626
2.792089695441414
2.792094191693552
2.7920987327877804
2.7921030479537525
2.792106918797072
2.7921101706815477
2.7921126653687014
2.7921142947702355
2.7921149756399424
2.7921146450922105
2.792113256830361
2.792110777983977
2.7921071864594174
2.792102468749753
2.7920966181061
2.7920896330413743
2.7920819053618064
2.792072272787366
2.79206191089435
2.7920504400064545
2.792037870432073
2.792024213220929
2.7920094797655683
2.7919936815463364
2.791976829943319
2.7919589361097312
2.7919400108689794
2.79192006466107
2.7918991074977217
2.7918771489471386
2.791854198133598
2.791830263739167
2.791805354023725
2.7917794768467132
2.7917526396896473
2.7917248496908784
2.7916961136710348
2.7916664381613026
2.79163582943862
2.79160429354795
2.791571836337766
2.7915384634787177
2.791504180491189
2.7914689927685052
2.791432905595329
2.791395924169675
2.791358053618407
2.7913192990134905
2.7912796653817815
2.7912391577243536
2.791197781021796
2.7911555402475794
2.7911124403707452
2.791068486370823
2.7910236832359994
2.7909780359737204
2.7909315496124916
2.790884229206147
2.790836079835814
2.7907871066143737
2.7907373146819174
2.790686709218309
2.7906352954302553
2.790583078563151
2.790530063762676
2.7904762565867243
2.790421662258638
2.790366286148526
2.79031013366825
2.7902532102502993
2.790195521362084
2.7901370724875116
2.790077869153818
2.790017916897611
2.789957221433166
2.789895788052108
2.7898336225135347
2.789770730438763
2.789707117471365
2.7896427892662223
2.7895777514933253
2.7895120098361326
2.7894455699864182
2.789378437646223
2.7893106185256613
2.789242118337913
2.7891729428033245
2.7891030976431668
2.78903258858234
2.7889614213438896
2.7888896016518006
2.7888171352269095
2.788744027784351
2.788670285036347
2.788595912690328
2.788520916443698
2.7884453019867634
2.788369074999575
2.788292241152216
2.78821480610374
2.7881367754985034
2.788058154969174
2.7879789501317784
2.787899166590167
2.787818809927783
2.7877378857128843
2.7876563994970036
2.7875743568110303
2.787491763167098
2.787408624056131
2.78732494495178
2.787240731304234
2.787155988543089
2.787070722077199
2.786984937292099
2.7868986395545665
2.7868118342098165
2.7867245265808953
2.7866367219740376
2.786548425676228
2.786459642958287
2.786370379077276
2.7862806392815
2.786190428808973
2.7860997528994345
2.7860086167971816
2.785917025759478
2.78582498506846
2.785732500044048
2.7856395760606416
2.785546218570542
2.7854524331324373
2.7853582254460063
2.7852636014037593
2.785168567151633
2.785073129176568
2.784977294415628
2.78488107041864
2.7847844655568106
2.7846874893299414
2.7845901528106185
2.784492469288934
2.784394455274366
2.7842961320638757
2.784197528352502
2.784098682467162
2.7839996598598944
2.7839005580701417
2.7838015574150883
2.783703044462404
2.783606181348906
2.7832153964110833
2.7831214362349446
2.7830266898437226
2.782931549066131
2.7828360817311197
2.782740308972971
2.78264424475682
2.782547901551054
2.7824512911707537
2.782354424930275
2.7822573136962405
2.782159967923171
2.7820623976795473
2.7819646126830286
2.7818666223188746
2.7817684356664323
2.7816700615201233
2.7815715084096713
2.7814727846177463
2.7813738981956244
2.7812748569811907
2.7811756686100098
2.781076340532038
2.7809768800199963
2.7808772941810034
2.780777589971009
2.7806777741985162
2.7805778535379497
2.7804778345325785
2.7803777236096727
2.7802775270775775
