735.1228269040797
383.91987818669054
384.22969030172624
384.4911392049691
384.70518108169557
384.87288529027217
384.9955102359545
385.07449276981123
385.1114203598012
385.10799955317975
385.0660240674471
384.98734391621474
384.8738364940563
384.7273803004546
384.5498317746978
384.34300551721464
384.1086579939532
383.84847466675745
383.56406036930247
383.25693265674704
382.92851779691176
382.58014903833373
382.2130667817206
381.8284202910954
381.4272706043719
381.0105943356232
380.57928809893195
380.1341733232679
379.6760012668446
379.2054580762071
378.7231697687169
378.22970704662015
377.7255898762204
377.2112917869578
376.68724386263256
376.1538384110144
375.6114323090337
375.06035002910426
374.5008863583057
373.93330882654305
373.35785986272174
372.774758699749
372.1842030500662
371.5863705735724
370.981420159479
370.3694930429157
369.7507137761035
369.1251910727499
368.4930185430229
367.85427533510403
367.20902669794054
366.55732447845304
365.89920756509036
365.23470228835134
364.563822787629
363.88657135258626
363.20291528264625
362.51288313527834
361.8164182647971
361.11347855134727
360.4040117072331
359.6879554397663
358.9652377609708
358.23577730528984
357.49948365578337
356.7562576795537
356.0059918728054
355.24857071575286
354.4838710369445
353.7117623872912
352.93210742269497
352.1447622951468
351.34954973555523
350.54636448374686
349.7350224018961
348.91535768184275
348.0872000683863
347.25037528570306
346.4047054684215
345.55000958868874
344.68610390238956
343.81280237431326
342.9299171213548
342.0372588494689
341.1346372918309
340.221861646629
339.29874101406875
338.36508483219717
337.4207033111656
336.46540786555744
335.49901154443353
334.52132945873416
333.5321792056853
332.5313812898598
331.51875954053196
330.49414152496826
329.45735895727717
328.4082481024494
327.34665017519984
326.27241173321835
325.1853850644323
324.08542856788426
322.9724071277927
321.8461924804142
320.7066635732705
319.55370691633857
318.38721692479305
317.20709625289567
316.0132561186322
314.8056166187049
313.5841070335093
312.34866612171373
311.09924240409526
309.8357944362834
308.5582910700837
307.26671170306514
305.961046766425
304.6412969523523
303.307474918101
301.9596044954962
300.59772112368995
299.2218720226872
297.83211408664823
296.4285230422692
295.0111801754787
293.58018125694065
292.1356345229955
290.6776607410404
289.2063932797487
287.721978166861
286.22457413195633
284.71435263360036
283.1914978705918
281.6562090848845
280.10869135293706
278.5491692317818
276.97787769353334
275.3950642340047
273.800988803525
272.195923701814
270.5801534521125
268.95397465643765
267.31769583198854
265.6716372284747
264.01613062612375
262.3515191141297
260.6781568493605
258.99640879514146
257.30665043999943
255.6092674962865
253.90465557865315
252.19321986240294
250.47537472182378
248.75154334864735
247.02215735088853
245.28765633235696
243.54848745324972
241.80510497229716
240.05796977103196
238.30754886083662
236.55431487351288
234.79874553622759
233.0413231317429
231.28253394497915
229.52286769698952
227.76281696756982
226.002876607746
224.2435431435222
222.48531417228307
220.72868775334874
218.97416179422245
217.22223343411846
215.47339842640395
213.72815052161795
211.9869808527512
210.2503773244967
208.51882402451037
206.79280054388323
205.07278155209175
203.35923605533424
201.6526269127015
199.95341026800435
198.26203501337454
196.5789422697191
194.90456488541204
193.23932695452615
191.58364335581734
189.93791931360016
188.3025499815328
186.67792005024387
185.06440337962184
183.46236265648594
181.87214907823125
180.29410206295418
178.72854898642763
177.1758049462017
175.63617255298155
174.10994174933649
172.59738965568647
171.09878044339692
735.1228269040797
383.91987818669054
384.22969030172624
384.4911392049691
384.70518108169557
384.87288529027217
384.9955102359545
385.07449276981123
385.1114203598012
385.10799955317975
385.0660240674471
384.98734391621474
384.8738364940563
384.7273803004546
384.5498317746978
384.34300551721464
384.1086579939532
383.84847466675745
383.56406036930247
383.25693265674704
382.92851779691176
382.58014903833373
382.2130667817206
381.8284202910954
381.4272706043719
381.0105943356232
380.57928809893195
380.1341733232679
379.6760012668446
379.2054580762071
378.7231697687169
378.22970704662015
377.7255898762204
377.2112917869578
376.68724386263256
376.1538384110144
375.6114323090337
375.06035002910426
374.5008863583057
373.93330882654305
373.35785986272174
372.774758699749
372.1842030500662
371.5863705735724
370.981420159479
370.3694930429157
369.7507137761035
369.1251910727499
368.4930185430229
367.85427533510403
367.20902669794054
366.55732447845304
365.89920756509036
365.23470228835134
364.563822787629
363.88657135258626
363.20291528264625
362.51288313527834
361.8164182647971
361.11347855134727
360.4040117072331
359.6879554397663
358.9652377609708
358.23577730528984
357.49948365578337
356.7562576795537
356.0059918728054
355.24857071575286
354.4838710369445
353.7117623872912
352.93210742269497
352.1447622951468
351.34954973555523
350.54636448374686
349.7350224018961
348.91535768184275
348.0872000683863
347.25037528570306
346.4047054684215
345.55000958868874
344.68610390238956
343.81280237431326
342.9299171213548
342.0372588494689
341.1346372918309
340.221861646629
339.29874101406875
338.36508483219717
337.4207033111656
336.46540786555744
335.49901154443353
334.52132945873416
333.5321792056853
332.5313812898598
331.51875954053196
330.49414152496826
329.45735895727717
328.4082481024494
327.34665017519984
326.27241173321835
325.1853850644323
324.08542856788426
322.9724071277927
321.8461924804142
320.7066635732705
319.55370691633857
318.38721692479305
317.20709625289567
316.0132561186322
314.8056166187049
313.5841070335093
312.34866612171373
311.09924240409526
309.8357944362834
308.5582910700837
307.26671170306514
305.961046766425
304.6412969523523
303.307474918101
301.9596044954962
300.59772112368995
299.2218720226872
297.83211408664823
296.4285230422692
295.0111801754787
293.58018125694065
292.1356345229955
290.6776607410404
289.2063932797487
287.721978166861
286.22457413195633
284.71435263360036
283.1914978705918
281.6562090848845
280.10869135293706
278.5491692317818
276.97787769353334
275.3950642340047
273.800988803525
272.195923701814
270.5801534521125
268.95397465643765
267.31769583198854
265.6716372284747
264.01613062612375
262.3515191141297
260.6781568493605
258.99640879514146
257.30665043999943
255.6092674962865
253.90465557865315
252.19321986240294
250.47537472182378
248.75154334864735
247.02215735088853
245.28765633235696
243.54848745324972
241.80510497229716
240.05796977103196
238.30754886083662
236.55431487351288
234.79874553622759
233.0413231317429
231.28253394497915
229.52286769698952
227.76281696756982
226.002876607746
224.2435431435222
222.48531417228307
220.72868775334874
218.97416179422245
217.22223343411846
215.47339842640395
213.72815052161795
211.9869808527512
210.2503773244967
208.51882402451037
206.79280054388323
205.07278155209175
203.35923605533424
201.6526269127015
199.95341026800435
198.26203501337454
196.5789422697191
194.90456488541204
193.23932695452615
191.58364335581734
189.93791931360016
188.3025499815328
186.67792005024387
185.06440337962184
183.46236265648594
181.87214907823125
180.29410206295418
178.72854898642763
177.1758049462017
175.63617255298155
174.10994174933649
172.59738965568647
171.09878044339692
