89718441.44254081
3090502.421441452
3083874.0652083135
3077207.553066911
3070614.676574991
3064118.5842506965
3057728.161802515
3051449.335066786
3045285.700409731
3039241.448735517
3033318.502467587
3027518.319273321
3021841.616820944
3016288.4719943916
3010858.415518551
3005550.5206938987
3000363.4852706557
2995295.705876924
2990345.3447404164
2985510.388713209
2980788.700813945
2976178.0646623657
2971676.2222781614
2967280.9057977702
2962989.8636854035
2958800.882031724
2954711.8015198503
2950720.530614644
2946825.0554966764
2943023.4472206924
2939313.866535738
2935694.566756819
2932163.895035569
2928720.2923332173
2925361.4332651985
2922088.517157478
2918897.6851049745
2915788.591618509
2912760.11750205
2909811.2222113237
2906940.940370257
2904148.378197313
2901432.7099334328
2898793.174337916
2896229.0712895105
2893739.7585204053
2891324.64850269
2888983.2054999927
2886714.9427930275
2884519.420082809
2882396.2410729043
2880345.0512288865
2878365.5357117513
2876457.4174807034
2874620.4555589333
2872854.4434562083
2871159.2077415534
2869534.60675799
2867980.529473084
2866496.894457443
2865083.6489845603
2863740.7682452393
2862468.2546699937
2861266.1373538957
2860134.471577968
2859073.3384217713
2858082.8444628855
2857163.121558682
2856314.326706277
2855536.6419776683
2854830.2745267344
2854195.4566651857
2853632.446005888
2853141.525670638
2852723.0045622084
2852377.2176982523
2852104.5266072233
2851905.3197852806
2851780.0132147903
2851729.0509437104
2851752.905727763
2851852.0797349545
2852027.228465702
2852278.6661963947
2852607.1141653243
2853013.1967348703
2853497.583883861
2854060.968639641
2854704.0845987787
2855427.702647833
2856232.6363367774
2857119.7290979107
2858089.7809075424
2859143.9220451103
2860283.035438931
2861508.149871943
2862820.3435087204
2864220.746073491
2865710.541171628
2867290.968769053
2868963.3278420386
2870728.9792105397
2872589.3485694053
2874545.929734048
2876600.2881178474
2878754.064460725
2881008.9788309964
2883366.8349237954
2885829.5246827365
2888399.0332740746
2891077.4444457088
2893866.9463075264
2896769.837573014
2899788.5343072573
2902925.5772316526
2906183.639641431
2909565.535999303
2913074.2312761936
2916712.851119077
2920484.692936343
2924393.2380029587
2928442.1647012285
2932635.3630298628
2936976.950530714
2941471.289806434
2946123.007825451
2950937.017241623
2955918.539989808
2961073.1334604262
2966406.719604224
2971925.6173767042
2977636.579000739
2983546.830609506
2989664.1179315867
2995996.7578018913
3002553.6964299195
3009344.575537758
3016379.807703686
3023670.6625223914
3031229.3655377785
3039069.2123350124
3047204.700724348
3055651.6846426674
3064427.5542897996
3073551.448169002
3083044.504206846
3092930.1591147417
3103234.5078033656
3113986.738235324
3125219.661984195
3136970.3675285843
3149281.032813997
3162199.947193899
3175782.8126156433
3190094.4232360483
3205210.8671452655
3221222.463112143
3238237.756080961
3256389.078332282
3275840.4974697535
3296799.535289632
3319535.1026721797
3344406.222274819
3371915.945392784
3402782.0543528907
3438140.779164723
3479944.836500312
3532162.1711231945
3605964.385238568
3040478.9074681704
3043839.7171975975
3047233.7536020484
3050662.7735035736
3054126.518137063
3057624.890978234
3061157.8199397963
3064725.237650206
3068327.0786499586
3071963.279012331
3075633.776310825
3079338.5096345735
3083077.4196096566
3086850.448420106
3090657.5398275526
3094498.639190159
3098373.693480032
3102282.6512999637
3106225.4628990972
3110202.080187744
3114212.456751659
3118256.5478652124
3122334.3105043187
3126445.7033585273
3130590.6868427354
3134769.223108259
3138981.276053627
3143226.811334893
3147505.796375607
3151818.200376499
3156163.9943248876
