28.039943014294558
22.27813802561638
22.280142495921453
22.28208930154421
22.284188320141492
22.286578848911216
22.289360938891125
22.292607299461075
22.296370215624798
22.30068632937047
22.3055801971658
22.31106701300364
22.31715471753635
22.323845641913675
22.331137794362245
22.33902587042768
22.347502048303664
22.356556616239832
22.366178468196104
22.376355495726802
22.387074897851083
22.3983234259025
22.4100875766865
22.42235374444354
22.435108339916543
22.44833788310634
22.46202907495532
22.47616885214382
22.49074442834753
22.505743324645685
22.521153391242144
22.536962822243332
22.553160164901005
22.569734324458576
22.58667456552355
22.603970510713356
22.621612137180858
22.63958977151136
22.657894083390353
22.676516078365005
22.695447089961757
22.7146787713718
22.734203086875056
22.754012303141025
22.774098980515934
22.794455964384756
22.815076376677702
22.835953607576172
22.857081307460827
22.878453379135
22.90006397034802
22.9219074666372
22.94397848450129
22.96627186491476
22.98878266718827
23.011506163178204
23.034437831846443
23.05757335416944
23.08090860839479
23.1044396656425
23.128162785847415
23.15207441403932
23.176171176956494
23.200449879988774
23.224907504446044
23.249541205148493
23.274348308334954
23.29932630988611
23.324472873859406
23.34978583133386
23.37526317956163
23.40090308142574
23.426703865202374
23.45266402462709
23.478782219264975
23.505057275185333
23.531488185941555
23.55807411385805
23.584814391625947
23.611708524210744
23.638756191074496
23.66595724871681
23.693311733538774
23.720819865034738
23.748482049317712
23.776298882984108
23.804271157324823
23.832399862889933
23.86068619441463
23.88913155611526
23.91773756736452
23.9465060687553
23.975439128563877
24.00453904962339
24.033808376619227
24.06324990381876
24.092866683248285
24.122662033331306
24.152639548001737
24.182803106308008
24.213156882523553
24.24370535677972
24.274453326239456
24.30540591682884
24.336568595545664
24.36794718336482
24.39954786876062
24.431377221867358
24.463442209300084
24.495750209658574
24.52830902973804
24.56112692147124
24.594212599627525
24.627575260294773
24.661224600172037
24.695170836700374
24.72942472906129
24.76399760007283
24.79890135901371
24.834148525407908
24.869752253801888
24.905726359568593
24.942085345772558
24.978844431131524
25.01601957911157
25.05362752819213
25.091685823340264
25.130212848732153
25.169227861762607
25.208751028382814
25.248803459807586
25.289407250635357
25.330585518422247
25.372362444754927
25.41476331786563
25.457814576833794
25.501543857419033
25.545980039570935
25.59115329665955
25.637095146473357
25.68383850402773
25.731417736229794
25.779868718442575
25.829228892992226
25.87953732965964
25.930834788197586
25.983163782911966
26.036568649344538
26.09109561309048
26.14679286078395
26.2037106132783
26.261901201046125
26.32141914181828
26.382321220476626
26.44466657120919
26.508516761928696
26.573935880949165
26.640990625905783
26.709750394893213
26.780287379786646
26.85267666169829
26.926996308506762
27.003327474382218
27.08175450121297
27.16236502181891
27.245250064817704
27.33050416098385
27.41822545091597
27.508515793798505
27.60148087701083
27.697230326303377
27.79587781621986
27.89754118040283
28.002342521372874
28.1104083193198
28.221869539388848
28.336861736882387
28.455525159732126
28.578004847521576
28.70445072626115
28.835017698031084
28.96986572451356
29.10915990333511
29.25307053603046
29.40177318632165
29.555448727279714
29.71428337580037
29.87846871268019
30.048201686423884
30.22368459875013
30.405125069586322
30.592735979159034
30.78673466850522
30.987346558843253
31.194797096583642
31.409320234465945
31.631153143079366
31.860537412923858
32.097718603926324
32.34294589282919
28.039943014294558
22.27813802561638
22.280142495921453
22.28208930154421
22.284188320141492
22.286578848911216
22.289360938891125
22.292607299461075
22.296370215624798
22.30068632937047
22.3055801971658
22.31106701300364
22.31715471753635
22.323845641913675
22.331137794362245
22.33902587042768
22.347502048303664
22.356556616239832
22.366178468196104
22.376355495726802
22.387074897851083
22.3983234259025
22.4100875766865
22.42235374444354
22.435108339916543
22.44833788310634
22.46202907495532
22.47616885214382
22.49074442834753
22.505743324645685
22.521153391242144
22.536962822243332
22.553160164901005
22.569734324458576
22.58667456552355
22.603970510713356
22.621612137180858
22.63958977151136
22.657894083390353
22.676516078365005
22.695447089961757
22.7146787713718
22.734203086875056
22.754012303141025
22.774098980515934
22.794455964384756
22.815076376677702
22.835953607576172
22.857081307460827
22.878453379135
22.90006397034802
22.9219074666372
22.94397848450129
22.96627186491476
22.98878266718827
23.011506163178204
23.034437831846443
23.05757335416944
23.08090860839479
23.1044396656425
23.128162785847415
23.15207441403932
23.176171176956494
23.200449879988774
23.224907504446044
23.249541205148493
23.274348308334954
23.29932630988611
23.324472873859406
23.34978583133386
23.37526317956163
23.40090308142574
23.426703865202374
23.45266402462709
23.478782219264975
23.505057275185333
23.531488185941555
23.55807411385805
23.584814391625947
23.611708524210744
23.638756191074496
23.66595724871681
23.693311733538774
23.720819865034738
23.748482049317712
23.776298882984108
23.804271157324823
23.832399862889933
23.86068619441463
23.88913155611526
23.91773756736452
23.9465060687553
23.975439128563877
24.00453904962339
24.033808376619227
24.06324990381876
24.092866683248285
24.122662033331306
24.152639548001737
24.182803106308008
24.213156882523553
24.24370535677972
24.274453326239456
24.30540591682884
24.336568595545664
24.36794718336482
24.39954786876062
24.431377221867358
24.463442209300084
24.495750209658574
24.52830902973804
24.56112692147124
24.594212599627525
24.627575260294773
24.661224600172037
24.695170836700374
24.72942472906129
24.76399760007283
24.79890135901371
24.834148525407908
24.869752253801888
24.905726359568593
24.942085345772558
24.978844431131524
25.01601957911157
25.05362752819213
25.091685823340264
25.130212848732153
25.169227861762607
25.208751028382814
25.248803459807586
25.289407250635357
25.330585518422247
25.372362444754927
25.41476331786563
25.457814576833794
25.501543857419033
25.545980039570935
25.59115329665955
25.637095146473357
25.68383850402773
25.731417736229794
25.779868718442575
25.829228892992226
25.87953732965964
25.930834788197586
25.983163782911966
26.036568649344538
26.09109561309048
26.14679286078395
26.2037106132783
26.261901201046125
26.32141914181828
26.382321220476626
26.44466657120919
26.508516761928696
26.573935880949165
26.640990625905783
26.709750394893213
26.780287379786646
26.85267666169829
26.926996308506762
27.003327474382218
27.08175450121297
27.16236502181891
27.245250064817704
27.33050416098385
27.41822545091597
27.508515793798505
27.60148087701083
27.697230326303377
27.79587781621986
27.89754118040283
28.002342521372874
28.1104083193198
28.221869539388848
28.336861736882387
28.455525159732126
28.578004847521576
28.70445072626115
28.835017698031084
28.96986572451356
29.10915990333511
29.25307053603046
29.40177318632165
29.555448727279714
29.71428337580037
29.87846871268019
30.048201686423884
30.22368459875013
30.405125069586322
30.592735979159034
30.78673466850522
30.987346558843253
31.194797096583642
31.409320234465945
31.631153143079366
31.860537412923858
32.097718603926324
32.34294589282919
