0.025581994768964274
0.025830600532433887
0.025868120344433393
0.025865386766303983
0.02585421469277114
0.025841422427377726
0.025828475802521057
0.02581568036246897
0.025803090634310227
0.025790707630737566
0.025778521703892193
0.025766521771036284
0.025754697229754535
0.025743038290852675
0.025731535976025035
0.025720182051160004
0.02570896895335874
0.025697889723400653
0.025686937945373266
0.025676107693096622
0.025665393482608587
0.025654790229981773
0.025644293213816987
0.025633898041839544
0.02562360062109808
0.025613397131331393
0.025603284001124733
0.025593257886526093
0.02558331565183604
0.025573454352320193
0.025563671218626148
0.025553963642713406
0.025544329165128915
0.025534765463481175
0.025525270341983885
0.02551584172195548
0.025506477633174245
0.02549717620600087
0.02548793566418995
0.025478754318321303
0.025469630559789708
0.02546056285529826
0.025451549741806925
0.025442589821893135
0.025433681759485252
0.02542482427593492
0.025416016146397012
0.025407256196489637
0.02539854329920905
0.025389876372077458
0.025381254374503188
0.02537267630533531
0.02536414120059619
0.02535564813137721
0.025347196201884227
0.025338784547620622
0.025330412333696883
0.02532207875325684
0.025313783026011345
0.025305524396871035
0.0252973021346709
0.025289115530979497
0.02528096389898675
0.025272846572464397
0.025264762904793972
0.02525671226805745
0.025248694052186167
0.025240707664163992
0.025232752527280914
0.025224828080433807
0.02521693377747113
0.025209069086578665
0.02520123348970359
0.02519342648201465
0.02518564757139579
0.0251778962779715
0.025170172133661774
0.025162474681764843
0.02515480347656615
0.025147158082971924
0.025139538076166052
0.02513194304128877
0.02512437257313606
0.02511682627587854
0.025109303762798924
0.02510180465604684
0.025094328586410277
0.02508687519310274
0.025079444123565334
0.025072035033282897
0.025064647585613765
0.025057281451632243
0.025049936309983267
0.025042611846748827
0.025035307755325305
0.025028023736311574
0.025020759497407116
0.025013514753319862
0.025006289225683265
0.024999082642982274
0.024991894740487755
0.024984725260199073
0.024977573950794456
0.02497044056758884
0.02496332487249895
0.024956226634015134
0.024949145627179942
0.024942081633573004
0.02493503444130197
0.024928003844999297
0.02492098964582472
0.024913991651472987
0.02490700967618682
0.02490004354077482
0.024893093072634064
0.024886158105777226
0.024879238480863992
0.024872334045236713
0.024865444652959756
0.024858570164862776
0.02485171044858741
0.024844865378637306
0.024838034836431287
0.024831218710359544
0.02482441689584242
0.024817629295391875
0.024810855818675266
0.024804096382581256
0.024797350911287756
0.024790619336331525
0.02478390159667948
0.024777197638801148
0.024770507416742478
0.024763830892200436
0.02475716803459841
0.02475051882116209
0.024743883236995633
0.024737261275157907
0.02473065293673861
0.02472405823093397
0.0247174771751219
0.02471090979493625
0.024704356124340066
0.024697816205697515
0.024691290089844272
0.024684777836156187
0.02467827951261593
0.024671795195877387
0.024665324971327566
0.024658868933145863
0.024652427184360278
0.02464599983690056
0.02463958701164781
0.024633188838480567
0.02462680545631688
0.024620437013152408
0.02461408366609405
0.024607745581389173
0.024601422934449908
0.02459511590987265
0.02458882470145221
0.024582549512190733
0.0245762905543009
0.02457004804920347
0.024563822227518847
0.02455761332905259
0.0245514216027745
0.024545247306791463
0.024539090708313605
0.024532952083613727
0.024526831717980004
0.02452072990566157
0.02451464694980719
0.024508583162396638
0.02450253886416489
0.024496514384518955
0.02449051006144728
0.024484526241421743
0.02447856327929202
0.02447262153817247
0.024466701389321444
0.024460803212012824
0.024454927393400095
0.02444907432837261
0.024443244419404313
0.024437438076394716
0.02443165571650233
0.024425897763970365
0.024420164649944863
0.024414456812285306
0.02440877469536765
0.02440311874987974
0.024397489476321057
0.02439188721203278
0.02438631249569927
0.024380765897068776
0.024375247781113395
0.024369758655697692
0.02436429901354318
0.024358869348387848
