3.5331748845131887
12.969700047005293
8.56545162268075
6.001333511694955
4.767396231828476
4.240697020405539
4.060873089799921
4.041216149364573
4.09003673966235
4.163635555797589
4.241653823608593
4.314870734582085
4.379323347568147
4.433513048684023
4.477089447716086
4.510233895476717
4.533372012200024
4.547040105201204
4.55182319396915
4.5483261580746355
4.5371600841479225
4.518935500994998
4.494258669019349
4.463729167624376
4.427937984962193
3.5331748845131887
12.969700047005293
8.56545162268075
6.001333511694955
4.767396231828476
4.240697020405539
4.060873089799921
4.041216149364573
4.09003673966235
4.163635555797589
4.241653823608593
4.314870734582085
4.379323347568147
4.433513048684023
4.477089447716086
4.510233895476717
4.533372012200024
4.547040105201204
4.55182319396915
4.5483261580746355
4.5371600841479225
4.518935500994998
4.494258669019349
4.463729167624376
4.427937984962193
