388248.807
265297.79325010476
262526.0276746265
259977.1513964607
257607.97172551625
255390.61562566189
253305.05168702413
251335.73553125953
249470.01589268382
247697.30532590387
246008.59630194184
244396.14408546087
242853.23843200738
241374.02850550847
239953.3834962671
238586.7793549581
237270.20572640514
236000.0890135099
234773.2285425914
233586.74346524672
232438.02850024318
231324.71697337352
230244.64989237796
229195.85001823195
228176.50007613347
227184.9243994985
226219.57342099785
225278.94875440135
224361.84050270115
223466.94275375298
222593.09687282523
221739.22112348373
220904.30450377607
220087.40134676205
219287.6265569359
218504.15137319983
217736.19956837795
216983.04401212998
216244.00353596167
215518.4400521805
214805.75588634374
214105.39129176305
213416.8221204476
212739.5576306592
212073.13841493952
211417.13443707564
210771.14316806706
210134.78781420377
209507.7156317945
208889.59632468925
208280.12052089343
207678.99832639465
207085.95795381986
206500.74442433813
205923.11834114604
205352.85473295068
204789.74196596316
204233.58072263544
203684.18304506285
203141.37144153495
202604.97805392914
202074.8438833556
201550.81807239543
201032.75724079262
200520.52487233683
200013.99075053984
199513.0304397676
199017.52481012716
198527.35960248113
198042.42503179898
197562.615425541
197087.82889529792
196617.9670385055
196152.93466855696
195692.6395706481
195236.9922813001
194785.905889795
194339.29585912242
193897.07986524154
193459.17765250988
193025.51090389388
192596.00312462295
192170.5795377889
191749.16699076508
191331.69387126665
190918.0900320381
190508.28672338958
190102.21653228803
189699.8133279628
189301.01221250094
188905.74947652273
188513.96255889596
188125.59001033392
187740.5714601035
187358.84758575956
186980.3600854092
186605.05165202744
186232.86595001738
185863.74759322076
185497.642124576
185134.49599707322
184774.2565558033
184416.8720211155
184062.31906761558
183710.46483709215
183361.34286150025
183014.87711684656
182671.019974944
182329.72459616433
181990.94491783448
181654.6356421299
181320.75222448763
180989.2508620732
180660.0884828521
180333.22273465694
180008.6119746394
179686.2152589398
179365.9923325257
179047.90361926422
178731.91021215759
178417.97386375384
178106.05697678478
177796.1225948448
177488.1343933761
177182.05667061868
176877.85433888598
176575.49291586233
176274.93851604755
175976.15784231108
175679.11817767035
175383.78737709744
175090.1338593956
174798.12659931398
174507.73511971865
174218.92948383212
173931.68028765032
173645.95865237512
173361.73621702992
173078.98513111335
172797.67804740285
172517.7881147824
172239.28897124136
171962.15473688155
171686.36000705368
171411.87984561783
171138.68977819267
170866.7657855754
170596.08429716923
170326.6221845617
170058.35675513785
169791.26574576032
169525.32731652758
169260.52004465408
168996.82291836827
168734.21533084742
168472.67707435915
168212.18833431168
167952.72968343904
167694.28207612268
167436.82684261954
167180.3456834988
166924.82066405946
166670.2342088635
166416.56909624249
166163.80845298673
165911.93574899234
165660.93479200022
165410.78972243526
165161.48500819376
164913.00543960222
164665.33612442674
164418.46248277483
164172.3702422887
163927.04543322176
163682.4743836343
163438.64371461514
163195.54033560623
162953.15143968276
162711.46449904385
162470.4672603144
162230.14774018025
161990.4942208354
161751.49524561735
161513.1396146291
161275.4163804559
161038.31484385437
160801.82454960834
160565.93528228113
160330.63706218998
160095.92014124047
159861.77499898794
159628.19233860355
159395.163082951
159162.67837074722
158930.72955264593
158699.3081874941
158468.40603859528
158238.01506996402
158008.12744269878
157778.73551134812
