185301.03792
557519.6486582324
554734.1719660176
552176.6853716254
549811.5061694931
547614.214819079
545566.2975831558
543652.7002430074
541860.650511252
540179.0410791638
538598.0696749808
537109.0043728786
535704.0155942292
534376.0476343862
533118.7162158873
531926.2246942747
530793.2944298615
529715.1063101516
528687.2512361082
527705.6879053465
526766.7065827312
525866.8978117077
525003.1252212425
524172.5017416545
523372.368668558
522600.2771167789
521853.97148707276
521131.2369147096
520430.4390631985
519749.67865323776
519087.3384142104
518441.9327574835
517812.0984230224
517196.5858209679
516594.25099336705
516004.04812780104
515425.0225663716
514856.3042636709
514297.10165376746
513746.69589422486
513204.4354589262
512669.7310566824
512142.05085543875
511620.91599500173
511105.8963727349
510596.6066893153
510092.7027418496
509593.877953354
509099.86012806336
508610.4084228802
508125.31052490993
507644.38002635515
507167.4539873792
506694.39067818684
506225.067491483
505759.3790166139
505297.2352669588
504838.5600520428
504383.28948583634
503931.3706234599
503482.76021814527
503037.4235903011
502595.33360176685
502156.46972730284
501720.8172164838
501288.3663394251
500859.1117091708
500433.0516754532
500010.1877830334
499590.5242898219
499174.06773886917
498760.82657998416
498350.8108356825
497944.0318078041
497540.50182040804
497140.2339953534
496743.2420574044
496349.54016526346
495959.14276625094
495572.06447155663
495188.31994984765
494807.9238371821
494430.8906611256
494057.2347773887
493686.97031735687
493320.11114513676
492956.6708229501
492596.6625833715
492240.09930807614
491886.99351142487
491537.35732878925
491191.2025084672
490848.5404069176
490509.38198646647
490173.7378153487
489841.61806952616
489513.0325357903
489187.9906163134
488866.5013338488
488548.57333777106
488234.21491062624
487923.4339749642
487616.23810052697
487312.7059718057
487012.63009396644
486716.2314045507
486423.4446700856
486134.27580782084
485848.73042260454
485566.8138163205
485288.5309943773
485013.88667213055
484742.8852808298
484475.530973633
484211.8276311219
483951.77886671695
483695.38803186564
483442.6582209455
483193.5922759979
482948.19279121206
482706.4621172214
482468.40236524714
482234.01541094016
482003.30289820884
481776.2662426717
481552.90663516376
481333.22504494677
481117.2222228138
480904.8987040203
480696.25481120625
480491.2906570934
480290.0061470218
480092.40098151076
479898.47465866344
479708.2264764318
479521.65553488076
479338.76073826227
479159.54079710826
478983.99423019483
478812.11936648225
478643.91434693313
478479.3771263375
478318.50547502324
478161.2969805349
478007.74904932594
477857.85890828725
477711.62360634643
477569.0400159389
477430.1048345296
477294.81458605087
477163.16562230245
477035.1541243295
476910.7761038283
476790.027404462
476672.9037031375
476559.4005113865
476449.5131765799
476343.2368831824
476240.5666540788
476141.4973517114
476046.0236793617
475954.1401823361
475865.8412491991
475781.1211128978
475699.9738520214
475622.3933919383
475548.3735059558
475477.9078165492
475410.989796426
475347.61276975094
475287.7699133455
475231.4542577029
475178.65868827404
475129.3759465589
475083.5986312674
475041.319199452
475002.5299677113
474967.22311325656
474935.39067519095
474907.0245555002
474882.1165203704
474860.65820123884
474842.64109600673
474828.0565701805
474816.8958580718
474809.1500638968
474804.8101630505
474803.8670031725
474806.3113054404
474812.13366564026
474821.3245554579
474833.8743235981
474849.7731969948
474869.0112820587
474891.57856579096
474917.464917047
474946.6600877669
474979.15371413063
475014.93531782576
475053.99430723366
