-125.12450032046954
-135.57054191401448
-132.85846196922003
-130.18108383387184
-127.53973343530213
-124.93584307539801
-122.37074965418492
-119.84566936519255
-117.36169844060518
-114.91981732435048
-112.52089464575302
-110.16569032187711
-107.8548576935602
-105.5889447952283
-103.3683949551419
-101.19354697187374
-99.06463512351344
-96.9817892524195
-94.94503513518964
-92.95429530628282
-91.00939045832163
-89.11004149766073
-87.25587229356863
-85.44641312429953
-83.68110479439648
-81.95930337477986
-80.28028550034922
-78.64325414751038
-77.04734480728844
-75.49163189266865
-73.97513573704889
-72.49682897258474
-71.05564370366749
-69.65047831271742
-68.28020424426158
-66.94367238241126
-65.63971978301078
-64.36717554983063
-63.12486670856965
-61.91162368560932
-60.72628542675645
-59.5677041375907
-58.43474963349758
-57.32631329265788
-56.24131161040636
-55.17868935755766
-54.13742231441599
-53.116519800235025
-52.115026480174485
-51.132024177754616
-50.16663319469393
-49.21801320847119
-48.2853641546737
-47.36792653478967
-46.46498231161387
-45.57585196562311
-44.69989857229366
-43.83652431614096
-42.98517055895451
-42.14531698305134
-41.31648058779912
-40.498214557531924
-39.690107018340456
-38.89177970060442
-38.10288652347308
-37.323112116762374
-36.55217029496736
-35.78980249735897
-35.035776207276044
-34.28988336291066
-33.551938771051326
-32.82177853436252
-32.09925850191309
-31.384252751818266
-30.67665211394911
-29.97636273982977
-29.283304725976965
-28.597410796095417
-27.918625046779905
-27.24690176053215
-26.582204289226464
-25.924504010422073
-25.27377935827658
-24.630014930226743
-23.9932006700392
-23.36333112735184
-22.740404793952052
-22.124423512208065
-21.515391966102484
-20.913317235111496
-20.318205677960723
-19.730076226071443
-19.148933273777967
-18.574793087877694
-18.007670574918045
-17.447581844122993
-16.894544234927178
-16.431818916718335
-16.43942326671635
-16.44690449592546
-16.45426456827227
-16.46150483375048
-16.46862772676825
-16.475634494550306
-16.482526877638367
-16.489306324460415
-16.495975493693244
-16.50253533184838
-16.508987912247143
-16.515335025976142
-16.521578462097303
-16.527720004306516
-16.533761427925377
-16.53970449721096
-16.545550962948994
-16.55130256031888
-16.55696100699954
-16.562528001505388
-16.56800522172735
-16.57339432366575
-16.578696940340727
-16.583914680860502
-16.589049129639104
-16.594101845749677
-16.59907436239764
-16.603968186512777
-16.608784798437412
-16.613525651708315
-16.618192172928325
-16.622785761709075
-16.6273077906812
-16.631759605571897
-16.63614252533303
-16.64045784231994
-16.644706822515392
-16.64889070579095
-16.653010706201954
-16.657068012313683
-16.661063787553022
-16.66499917058188
-16.668875275689924
-16.672693193203514
-16.676453989908346
-16.680158709479468
-16.6838083729245
-16.687403979030996
-16.690946504817244
-16.69443690598532
-16.697876117381504
-16.701265053445805
-16.704604608671694
-16.707895658055328
-16.711139057542702
-16.714335644478773
-16.717486238041293
-16.720591639679625
-16.723652633537473
-16.726669986878765
-16.729644450497663
-16.732576759126967
-16.735467631837
-16.73831777242577
-16.74112786980113
-16.7438985983574
-16.746630618340706
-16.74932457620434
-16.751981104962226
-16.754600824527422
-16.757184342043995
-16.75973225221217
-16.762245137605085
-16.764723568973803
-16.767168105548727
-16.769579295331088
-16.7719576753748
-16.774303772064354
-16.77661810137997
-16.77890116916226
-16.781153471362106
-16.783375494288432
-16.785567714847538
-16.787730600774566
-16.789864610859397
-16.791970195166616
-16.794047795247668
-16.796097844347447
-16.79812076760509
-16.800116982249026
-16.802086897786534
-16.80403091618489
-16.805949432055154
-16.8078428328166
-16.809711498875334
-16.8115558037781
-16.813376114376993
-16.81517279097943
-16.816946187498896
-16.818696651601854
-16.820424524844807
-16.82213014281511
