31589.999999999996
30318.667443897746
30244.29445013639
30173.77330365233
30107.130212143635
30044.374034179127
29985.493379525335
29930.45660946564
29879.212698261064
29831.69250175945
29787.810302178088
29747.46555605908
29710.544782029603
29676.92352786968
29646.46836009834
29619.038824806525
29594.489335476086
29572.67095146621
29553.43301915642
29536.624655918797
29522.096064759753
29509.699674335458
29499.291104932283
29490.729965827097
29483.88049319549
29478.612040476943
29474.799434923116
29472.323215075387
29471.069764266485
29470.93135505468
29471.806118899396
29473.59795448968
29476.216387037955
29479.57638963485
29483.59817649121
29488.20697662541
29493.33279532487
29498.910169547187
29504.87792235228
29511.17892047693
29517.759838285147
29524.570930557726
29531.56581590885
29538.70127204176
29545.937043569385
29553.235662719628
29560.56228291601
29567.88452496092
29575.172335343723
29582.397856045223
29589.53530510014
29596.5608671109
29603.452592868118
29610.190307221495
29616.75552435636
29623.131369657694
29629.30250738527
29635.255278180382
29640.976832772598
29646.456208711963
29651.683639519608
29656.650554928092
29661.349575073502
29665.774461963094
29669.920072580146
29673.7823134367
29677.3580963704
29680.645295425013
29683.642704682185
29686.349996976503
29688.76768338342
29690.897073489956
29692.740236391903
29694.300353373543
29695.580160101556
29696.584125216097
29697.31698052077
29697.784033474734
29697.991132788193
29697.94463485056
29697.65137101622
29697.118615809475
29696.354055948646
29695.36576040115
29694.162151283952
29692.751975734318
29691.144278714444
29689.348376784154
29687.373832630234
29685.23043096449
29682.928154745492
29680.477162742696
29677.88776780641
29675.17041603119
29672.335666761745
29669.394173419318
29666.356665124284
29663.233929090875
29660.03679376837
29656.776112703086
29653.462749095877
29650.107561028482
29646.721387334117
29643.31503408642
29639.899261682316
29636.484772494678
29633.082199071214
29629.70209285725
29626.354913419593
29623.05101815167
29619.800652438433
29616.613940262618
29613.50087523321
29610.471312018817
29607.534958169195
29604.701366308713
29601.979926687116
29599.37986007316
29596.910151610075
29594.579781142656
29592.39736299344
29590.371375311533
29588.510095959846
29586.821597189577
29585.313538420363
29583.99397915221
29582.87013039954
29581.949197082522
29581.238153291513
29580.743740620666
29580.472464877854
29580.430592753695
29580.62414867153
29581.05891184715
29581.740624094502
29582.674136978123
29583.86470096894
29585.31708655349
29587.0358097561
29589.025128497997
29591.28904084526
29593.8312837069
29596.655331779464
29599.764396710754
29603.161426480845
29606.849105002664
29610.829851944567
29615.105822778245
29619.678909055292
29624.550738915637
29629.72267783144
29635.19582958986
29640.97103751828
29647.048885955108
29653.429701969475
29660.11355733282
29667.100270744864
29674.38941031658
29681.980296311885
29689.872004149653
29698.063367666946
29706.552982644178
29715.33921059166
29724.420182796912
29733.793804631205
29743.45776011304
29753.409516725565
29763.646330484047
29774.165251248836
29784.963128278323
29796.03661601561
29807.38218010157
29818.996103606645
29830.874493472074
29843.013287151356
29855.40825944107
29868.05502949019
29880.949068502785
29894.08570443007
29907.460134717356
29921.05259558332
29934.90070356184
29948.95862036464
29963.23391368733
29977.721231276744
29992.415131493304
30007.310093533764
30022.40052580814
30037.6807740484
30053.145129362012
30068.78783624706
30084.603100557444
30100.585097403156
30116.727978969593
30133.02588224105
30149.472936613143
30166.063271379917
30182.7910230819
30199.650342700985
30216.635402690627
