149.94625
105.27899494679144
105.85069804527137
106.41221183180133
106.96545753925304
107.51189274021475
108.05266575702542
108.58870261483766
109.12076018322065
109.64946188090401
110.17532361577373
110.69877366984883
111.22016844191383
111.73980513422508
112.25793207292607
112.77475714565472
113.29045472000232
113.805171327743
114.31903034291817
114.83213583806018
115.34457576805255
115.85642460306613
116.36774550928111
116.87859215770483
117.38901022657613
117.8990386505981
118.40871066077418
118.91805414984901
119.427094385905
119.93585164423847
120.44434367693724
120.95258564318753
121.46059045878226
121.9683690879599
122.47593078719643
122.98328330916628
123.49043307373064
123.99738531155546
124.50414418534515
125.01071289252913
125.51709375290288
126.02328828393354
126.52929726608369
127.03512080000925
127.5407583572794
128.04620882574855
128.551470550714
129.05654137261809
129.56141866194207
130.06609935172784
130.57057996822357
131.07485665981073
131.57892522449828
132.08278113609822
132.5864195691987
133.08983542301243
133.59302334410924
134.09597774808262
134.59869284021983
135.1011626350886
135.60338097508674
136.10534154805163
136.6070379037706
137.10846346956149
137.60961156487912
138.11047541490817
138.61104816334284
139.1113228841469
139.61129259256225
140.11095025520487
140.61028879946178
141.10930112204966
141.6079800969657
142.10631858270102
142.60430942887533
143.10194548230615
143.59921959249272
144.09612461668488
144.59265342441452
145.08879890165832
145.58455395462036
146.07991151313908
146.5748645337938
147.06940600271668
147.56352893815364
148.05722639278667
148.55049145581225
149.04331725490925
149.5356969579194
150.0276237744902
150.51909095749454
151.01009180438047
151.50061965836412
151.99066790957662
152.48022999607653
152.96929940479015
153.45786967243032
153.9459343862654
154.43348718491026
154.9205217590216
155.40703185195008
155.89301126037589
156.37845383486817
156.8633540903595
157.34770415702468
157.83149988012514
158.31473472086083
158.79740280687773
159.2794983224641
159.7610155089946
160.2419486653047
160.7222921479929
161.20204037178746
161.6811878097915
162.1597289937997
162.6376585145536
163.1149710219776
163.591661225419
164.0677238938557
164.54315385610062
165.01794600098566
165.49209527751532
165.965596695046
166.43844532339298
166.91063629299572
167.38216479499374
167.85302608133924
168.3232154648827
168.7927283194593
169.26156007991904
169.72970624218124
170.19716236329398
170.6639240614346
171.1299870159167
171.59534696720272
172.05999971687328
172.5239411276243
172.98716712321723
173.44967368843962
173.9114568690379
174.3725127716631
174.83283756377966
175.29242747358765
175.75127878992802
176.20938786215427
176.66675110003973
177.12336497363378
177.5792260131439
178.03433080877303
178.48867601057094
178.94225832827917
179.39507453116482
179.84712144782534
180.29839596601238
180.74889503245416
181.19861565262084
181.64755489054252
182.09570986859714
182.54307776725597
182.98965582489473
183.43544133753264
183.88043165860216
184.32462419868682
184.7680164252963
185.21060586257525
185.65239009105576
186.09336674739168
186.53353352405784
186.97288816910964
187.41142848587222
187.8491523326305
188.28605762239516
188.72214232254774
189.1574044545629
189.59184209369903
190.02545336869522
190.4582364614366
190.89018960667295
191.3213110916449
191.7515992558326
192.1810524905579
192.6096692387052
193.0374479943656
193.46438730251327
193.89048575865561
194.3157420085257
194.7401547476967
195.16372272128953
195.58644472357804
196.00831959769414
196.42934623523405
196.84952357594216
197.26885060735444
197.6873263644262
198.10494992921986
198.52172043052713
198.93763704350565
199.35269898935366
199.7669055349309
200.18025599242145
