-0.06710745359911895
-0.04676881044360629
-0.04671100293948643
-0.04665070661500146
-0.04658815583182089
-0.04652346623244846
-0.04645679579988716
-0.04638835055369716
-0.04631837071454395
-0.04624711674562922
-0.04617485768439878
-0.046101861828603354
-0.04602838954888335
-0.04595468796883789
-0.045880987262075894
-0.04580749830185136
-0.04573441141529847
-0.04566189601023737
-0.04559010086142478
-0.04551915487847189
-0.045449168201380466
-0.04538023350420383
-0.04531242741022097
-0.04524581194859381
-0.04518043599840072
-0.04511633668692426
-0.04505354071488357
-0.04499206559772992
-0.044931920813182834
-0.04487310885129243
-0.04481562617824572
-0.044759464096344834
-0.04470460953305055
-0.04465104573407924
-0.0445987529034836
-0.04454770874144163
-0.044497888966704396
-0.04444926773569804
-0.04440181803753078
-0.044355512033047356
-0.044310321353521094
-0.04426621735865699
-0.044223171362246426
-0.044181154823729425
-0.04414013951373678
-0.04410009765236397
-0.0440610020243586
-0.04402282607530492
-0.043985543987200865
-0.04394913073807571
-0.04391356214631189
-0.04387881490407489
-0.04384486659365577
-0.0438116956988955
-0.043779281547476685
-0.04374760453264297
-0.04371664575167902
-0.043686387217553725
-0.043656811774380896
-0.04362790306737877
-0.0435996455096617
-0.04357202424538567
-0.043545025112048406
-0.043518634600188115
-0.04349283981263575
-0.04346762842321515
-0.04344298863541848
-0.04341890914077484
-0.04339537907897042
-0.04337238799758281
-0.0433499258142427
-0.0433279827790796
-0.043306549439366085
-0.04328561660553936
-0.0432651753194447
-0.04324521682366111
-0.043225732533427916
-0.04320671401036263
-0.043188152937805514
-0.04317004109827424
-0.04315237035280937
-0.04313513262198418
-0.04311831986874643
-0.04310192408271263
-0.043085937266187924
-0.0430703514214435
-0.043055158538732284
-0.04304035058739826
-0.04302591950540554
-0.043011851432376215
-0.04299815549483754
-0.04298480621892766
-0.04297180109823402
-0.04295913180419959
-0.042946789935724226
-0.04293476701333065
-0.04292305447328908
-0.042911643661587354
-0.04290052582716715
-0.042900539918623984
-0.04290373059554209
-0.04290701252037068
-0.042910381113627494
-0.04291383198857963
-0.04291736096163482
-0.04292096396331255
-0.042924637053272596
-0.042928376430737464
-0.04293217836238832
-0.04293603930188393
-0.0429399557775267
-0.042943924436519114
-0.042947942034315255
-0.042952005431659765
-0.04295611159239072
-0.04296025758049003
-0.042964440558516684
-0.04296865778485001
-0.042972906611382
-0.042977184481704914
-0.0429814889287835
-0.042985817572792025
-0.04299016811919637
-0.04299453835635295
-0.042998926153854845
-0.04300332946016133
-0.043007746300699826
-0.04301217477575366
-0.04301661305859733
-0.04302105939360382
-0.04302551209367611
-0.04302996953922707
-0.043034430175421017
-0.04303889251078599
-0.04304335511519955
-0.04304781661794804
-0.043052275706096266
-0.04305673112232295
-0.04306118166368157
-0.04306562617954598
-0.04307006357006386
-0.04307449278430682
-0.04307891281884174
-0.04308332271604959
-0.04308772156262542
-0.04309210848816172
-0.043096482663287854
-0.04310084329876336
-0.04310518964374098
-0.04310952098454667
-0.0431138366431119
-0.043118135975925516
-0.04312241837293283
-0.04312668325582583
-0.0431309300772567
-0.043135158319645164
-0.04313936749392004
-0.043143557138491176
-0.0431477268184104
-0.04315187612411213
-0.043156004670335146
-0.04316011209573381
-0.043164198061308445
-0.0431682622499783
-0.04317230436537218
-0.04317632413151526
-0.04318032129136856
-0.04318429560662212
-0.043188246856647815
-0.043192174837936394
-0.043196079363304184
-0.04319996026133084
-0.04320381737550884
-0.04320765056383011
-0.04321145969824598
-0.043215244663879354
-0.04321900535857612
-0.04322274169231776
-0.04322645358681308
-0.0432301409748438
-0.04323380380005098
-0.04323744201626742
-0.04324105558691057
-0.043244644485039126
-0.0432482086924092
-0.04325174819956078
-0.04325526300511763
-0.04325875311552814
-0.04326221854471617
-0.043265659313686554
-0.04326907545031038
-0.04327246698884854
-0.04327583396997842
-0.043279176440068796
-0.04328249445106311
-0.043285788060489445
-0.04328905733070701
-0.04329230232921201
-0.04329552312795688
-0.043298719803233535
-0.06710745359911895
-0.04676881044360629
-0.04671100293948643
-0.04665070661500146
-0.04658815583182089
-0.04652346623244846
-0.04645679579988716
-0.04638835055369716
-0.04631837071454395
-0.04624711674562922
-0.04617485768439878
-0.046101861828603354
-0.04602838954888335
-0.04595468796883789
-0.045880987262075894
-0.04580749830185136
-0.04573441141529847
-0.04566189601023737
-0.04559010086142478
-0.04551915487847189
-0.045449168201380466
-0.04538023350420383
-0.04531242741022097
-0.04524581194859381
-0.04518043599840072
-0.04511633668692426
-0.04505354071488357
-0.04499206559772992
-0.044931920813182834
-0.04487310885129243
-0.04481562617824572
-0.044759464096344834
-0.04470460953305055
-0.04465104573407924
-0.0445987529034836
-0.04454770874144163
-0.044497888966704396
-0.04444926773569804
-0.04440181803753078
-0.044355512033047356
-0.044310321353521094
-0.04426621735865699
-0.044223171362246426
-0.044181154823729425
-0.04414013951373678
-0.04410009765236397
-0.0440610020243586
-0.04402282607530492
-0.043985543987200865
-0.04394913073807571
-0.04391356214631189
-0.04387881490407489
-0.04384486659365577
-0.0438116956988955
-0.043779281547476685
-0.04374760453264297
-0.04371664575167902
-0.043686387217553725
-0.043656811774380896
-0.04362790306737877
-0.0435996455096617
-0.04357202424538567
-0.043545025112048406
-0.043518634600188115
-0.04349283981263575
-0.04346762842321515
-0.04344298863541848
-0.04341890914077484
-0.04339537907897042
-0.04337238799758281
-0.0433499258142427
-0.0433279827790796
-0.043306549439366085
-0.04328561660553936
-0.0432651753194447
-0.04324521682366111
-0.043225732533427916
-0.04320671401036263
-0.043188152937805514
-0.04317004109827424
-0.04315237035280937
-0.04313513262198418
-0.04311831986874643
-0.04310192408271263
-0.043085937266187924
-0.0430703514214435
-0.043055158538732284
-0.04304035058739826
-0.04302591950540554
-0.043011851432376215
-0.04299815549483754
-0.04298480621892766
-0.04297180109823402
-0.04295913180419959
-0.042946789935724226
-0.04293476701333065
-0.04292305447328908
-0.042911643661587354
-0.04290052582716715
-0.042900539918623984
-0.04290373059554209
-0.04290701252037068
-0.042910381113627494
-0.04291383198857963
-0.04291736096163482
-0.04292096396331255
-0.042924637053272596
-0.042928376430737464
-0.04293217836238832
-0.04293603930188393
-0.0429399557775267
-0.042943924436519114
-0.042947942034315255
-0.042952005431659765
-0.04295611159239072
-0.04296025758049003
-0.042964440558516684
-0.04296865778485001
-0.042972906611382
-0.042977184481704914
-0.0429814889287835
-0.042985817572792025
-0.04299016811919637
-0.04299453835635295
-0.042998926153854845
-0.04300332946016133
-0.043007746300699826
-0.04301217477575366
-0.04301661305859733
-0.04302105939360382
-0.04302551209367611
-0.04302996953922707
-0.043034430175421017
-0.04303889251078599
-0.04304335511519955
-0.04304781661794804
-0.043052275706096266
-0.04305673112232295
-0.04306118166368157
-0.04306562617954598
-0.04307006357006386
-0.04307449278430682
-0.04307891281884174
-0.04308332271604959
-0.04308772156262542
-0.04309210848816172
-0.043096482663287854
-0.04310084329876336
-0.04310518964374098
-0.04310952098454667
-0.0431138366431119
-0.043118135975925516
-0.04312241837293283
-0.04312668325582583
-0.0431309300772567
-0.043135158319645164
-0.04313936749392004
-0.043143557138491176
-0.0431477268184104
-0.04315187612411213
-0.043156004670335146
-0.04316011209573381
-0.043164198061308445
-0.0431682622499783
-0.04317230436537218
-0.04317632413151526
-0.04318032129136856
-0.04318429560662212
-0.043188246856647815
-0.043192174837936394
-0.043196079363304184
-0.04319996026133084
-0.04320381737550884
-0.04320765056383011
-0.04321145969824598
-0.043215244663879354
-0.04321900535857612
-0.04322274169231776
-0.04322645358681308
-0.0432301409748438
-0.04323380380005098
-0.04323744201626742
-0.04324105558691057
-0.043244644485039126
-0.0432482086924092
-0.04325174819956078
-0.04325526300511763
-0.04325875311552814
-0.04326221854471617
-0.043265659313686554
-0.04326907545031038
-0.04327246698884854
-0.04327583396997842
-0.043279176440068796
-0.04328249445106311
-0.043285788060489445
-0.04328905733070701
-0.04329230232921201
-0.04329552312795688
-0.043298719803233535
