4.045551968383953
4.105949825177113
4.167314479740443
4.229659055872068
4.292996218005002
4.357337733703879
4.422694265992396
4.489075231123978
4.5564886974824885
4.624941320198036
4.694438306502881
4.764983405392222
4.836578914367149
4.909225696165084
4.982923199222817
5.057669476877457
5.133461201724086
5.210293672910447
5.2881608153289275
5.3670551706033445
5.446967880451949
5.527888663462065
5.609805786575476
5.692706032702361
5.776574665897311
5.861395395479972
5.947150340392532
6.033819994977324
6.121383197243192
6.2098171005835905
6.299097149769962
6.3891970620510135
6.480088813938429
6.571742634340564
6.664127004535879
6.757208665477759
6.850952632753859
6.9453222196127
7.040279068267687
7.135783189700422
7.231793012096976
7.328265437985064
7.425155910069865
7.522418485692959
7.620005919764458
7.717869755944874
7.815960425755581
7.914227355278365
8.01261907893706
8.111083359864894
8.209567316240731
8.308017552943141
8.406380297756185
8.504601541385602
8.602627180507195
8.700403162477736
8.797875632071142
8.894991077619615
8.991696476902723
9.087939441332118
9.183668357592396
9.278832525831984
9.373382293528838
9.467269184196228
9.560446020143518
9.65286703856532
9.744488000297995
9.835266290654726
9.925161011828283
10.01413306643212
10.102145231835529
10.189162225034758
10.27515075788901
10.360079582636148
10.443919527687116
10.526643523778846
10.608226620642588
10.688645994416502
10.767880946097707
10.845912891389183
10.922725342350258
10.998303881305683
11.072636127507524
11.145711697075654
11.217522156767263
11.288060972142771
11.35732345070856
11.425306680613806
11.492009465488579
11.55743227270642
11.621577095181914
11.684447478776498
11.746048379925496
11.806386106323384
11.865468240033616
11.923303560348351
11.979901966807525
12.035274402756086
12.089432779785676
12.142387668732644
12.194153586431797
12.244746806074295
12.294184238854937
12.342483364354557
12.389662163119427
12.43573905192741
12.480732821915723
12.524662579640962
12.567547691107478
12.609407728805534
12.650262421739113
12.690131608437492
12.729035192913123
12.7669931035173
12.804025254632384
12.840151511128406
12.87539165550316
12.909765357617026
12.943292146928066
12.975991387128197
13.007882253077703
13.038983709933087
13.069314494361889
13.098893097737498
13.127737751207478
13.155866412529603
13.183296754571616
13.210046155372563
13.236131689666136
13.261570121769267
13.286377899742178
13.310571150729713
13.334165677396943
13.357176955375952
13.37962013164421
13.401510023758858
13.422861119874923
13.443687579479215
13.464003234775484
13.483821592659963
13.503155837230038
13.522018832772309
13.540423127179643
13.558380955750131
13.575904245323951
13.593004618717261
13.60969339941497
13.62598161648726
13.641880009697033
13.657399034768268
13.672548868787391
13.687339415712167
13.701780311964638
13.715880932086645
13.72965039443832
13.743097566921772
13.756231072713637
13.769059295991934
13.781590387643908
13.793832270942982
13.805792647184077
13.81747900126787
13.828898607225423
13.840058533675762
13.850965649209812
13.861626627694967
13.872047953495347
13.882235926603464
13.892196667679743
13.901936122996892
13.911460069286619
13.920774118486818
13.929883722387688
13.938794177175682
13.947510627874609
13.956038072683482
13.96438136721107
13.972545228607286
13.98053423959198
13.988352852381663
13.996005392515118
14.003496062578911
14.010828945833918
14.01800800974431
14.025037109410299
14.031919990906255
14.038660294525789
14.045261557935477
14.051727219239002
14.058060619953462
14.064265007899753
14.070343540008807
14.076299285045657
14.082135226253152
14.087854263917293
14.093459217856083
14.09895282983375
14.104337765902347
14.109616618672508
14.114791909515297
