10.30128
18.88126145177281
18.861595574410703
18.851388822380247
18.849810686789915
18.8562093842343
18.870026772762152
18.890761600012087
18.917952952893636
18.95117219941484
18.990018561723318
19.03411629298756
19.083112606634334
19.136675996210666
19.19449478870345
19.256275859851755
19.321743476014213
19.390638242371022
19.462716143814202
19.537747667855733
19.615517000411064
19.69582128626571
19.778469946771967
19.863284047989097
19.950095713134075
20.038747573800727
20.129092255057238
20.22099188288928
20.314317654049006
20.408949353779292
20.50477496934689
20.601690282237072
20.699598483749376
20.798409804519753
20.89804115669739
20.998415787806366
21.099462945551018
21.20111755300123
21.303319893810258
21.406015307197098
21.50915389258659
21.612690223848006
21.716583073153732
21.82079514450768
21.925292817037462
22.030045898120683
22.13502738644996
22.240213245103956
22.345582184678147
22.451115456493554
22.556796655894573
22.662611535576456
22.768547828877047
22.874595082913714
22.98074450141679
23.086988797076216
23.193322053177603
23.299739594283615
23.406237865692834
23.51281432136297
23.619467319985358
23.72619602888683
23.83300033538617
23.93988076526831
24.046838408002465
24.15387484832775
24.2609921038613
24.368192568331562
24.47547896010659
24.582854275638184
24.69032174749947
24.797884806658786
24.905547048692426
25.013312203604844
25.12118410897715
25.229166686159193
25.337263919233223
25.445479836515393
25.553818494340344
25.66228396292665
25.77088031411314
25.87961161077279
25.98848189773536
26.097495194053877
26.206655486469938
26.31596672393975
26.42543281309476
26.535057614538474
26.644844939853048
26.75479854925323
26.86492214978001
26.97521939397707
27.0856938789713
27.19634914591157
27.307188679700044
27.418215908977704
27.529434206326993
27.64084688864048
27.752457217643872
27.864268400530662
27.97628359069141
28.088505888519222
28.200938342266134
28.313583909830328
28.426445655940082
28.539526359060353
28.652828908085944
28.766356104451674
28.880110703084405
28.994095413328854
29.108312899870317
29.22276578363245
29.33745664266432
29.45238801299251
29.567562389459226
29.682982226530626
29.79864993907844
29.914567903138572
30.030738456641245
30.14716390011677
30.26384649737526
30.380788476159385
30.497992028777006
30.615459312703617
30.733192451169632
30.851193533716543
30.969464616737426
31.088007723994615
31.206824847119066
31.325917946085333
31.445288949672484
31.564939755908597
31.684872232493586
31.805088217207448
31.925589518304687
32.04637791489067
32.16745515728781
32.28882296738384
32.41048303896995
32.53243703806425
32.654686603225635
32.77723334585396
32.90007885048104
33.02322467505136
33.14667235118956
33.27042338446361
33.39447925463414
33.51884141589916
33.64351129712625
33.76849030207957
33.89377980963915
34.0193811740128
34.14529572493879
34.271524767884884
34.39806958424101
34.524931431501685
34.65211154344789
34.779611130321484
34.907431378990566
35.03557345311686
35.164038493311914
35.29282761729206
35.42194192002648
35.551382473885035
35.68115032877623
35.81124651228619
35.941672029812175
36.07242786468994
36.20351497832401
36.334934310307794
36.46668677854206
36.59877327935697
36.731194687620984
36.86395185685404
36.99704561933609
37.13047678621362
37.26424614760127
37.39835447268636
37.53280250982323
37.66759098663671
37.802720610110384
37.93819206668441
38.0740060223445
38.210163122712125
38.34666399313134
38.4835092387577
38.620699444639044
38.758235175802824
38.89611697733403
39.03434537446
39.172920872625745
39.31184395757498
39.45111509542649
39.59073473274854
39.73070329663699
39.871021194787524
40.01168881556762
40.15270652809175
40.29407468229029
40.435793608982245
