50623.18344
42417.89948847885
42795.412236141536
43187.92940604902
43588.37004691049
43995.73420183167
44409.92278104674
44830.96736111954
45258.915804293225
45693.814779544926
46135.7065515152
46584.62796654888
47040.6099370989
47503.677220598656
47973.8484836716
48451.13665263291
48935.54953808998
49427.090710024786
49925.76059280171
50431.55774597293
50944.48029660054
51464.52749009
51991.70132923072
52526.00827401589
53067.46097801885
53616.08003974888
54171.89575031664
54734.949820753056
55305.297075054965
55883.00700599437
56468.16571499594
57060.876897559196
57661.263676124625
58269.46981137593
58885.66117550981
59510.026460912566
60142.77896045204
60784.157177362584
61434.42588763647
62093.87702726136
62762.830517114904
63441.63503560018
64130.66875033883
64830.3400224579
65541.08809778506
66263.3836282761
66997.73007773719
67744.66342900714
68504.75371507615
69278.60569456563
70066.86011501134
70870.19389190112
71689.32269594607
72525.00152192805
73378.01568243289
74249.22560285621
75139.50509773959
76049.78592803203
76981.05005276087
77934.33268741882
78910.7257560669
79911.38178076601
80937.5182561979
81990.42256268849
83071.45747736392
84182.06734976686
85323.78501757671
86498.23954765261
87707.16489933254
88952.40962114197
90235.94770762495
91559.89076273779
92926.50163813034
94338.2097415273
95797.62824152416
97307.57343265525
98871.08656839469
100491.45852298608
102172.25770602687
103917.36172960475
105730.993419387
107617.76187174616
109582.7093935112
111631.365325031
113769.80794829899
116004.735945334
118343.5510069187
120794.45437406655
123366.55843028585
126069.84663943302
128916.18883655927
131917.80115222713
135089.18719259286
138446.53490087413
142008.20015865713
145795.08255197882
149831.081722809
154143.6553560086
158764.50622735996
159634.9237445778
159387.48263779626
159135.97910968124
158880.53532153304
158621.77629561335
158359.72188295258
158094.61356311606
157826.68701729577
157556.17786136898
157283.27822989403
157008.24917872014
156731.28802189126
156452.59892736006
156172.37987371456
155890.8226134285
155608.1126505171
155324.42923379573
155039.9453643948
154754.8278181644
154469.23718152783
154183.32790009255
153897.24833958715
153611.1408579614
153325.14188771782
153039.38202789845
152753.98614424892
152469.07347730934
152184.75775702522
151901.14732333244
151618.34525168044
151336.44948284555
151055.55295651223
150775.74374706674
150497.10520224544
150219.71608274663
149943.650703104
149668.97907294545
149395.76703810392
149124.07642146022
148853.96516254175
148585.4874562196
148318.69388962802
148053.63157737447
147790.3442944733
147528.87260706304
147269.25400054414
147011.52300500433
146755.7113179927
146501.8479240104
146249.95921128418
146000.06908524028
145752.19907896803
145506.36846029
145262.59433563313
145020.89175091518
144781.27378885343
144543.75166321528
144308.3348099268
144075.03097491377
143843.84629879135
143614.7853986224
143387.8514465981
143163.04624551247
142940.3703017846
142719.82289520183
142501.40214621747
142285.105080212
142070.9276895579
141858.86499266565
141648.9110908852
141441.05922281
141235.30181634374
141031.6305384526
140830.03634280743
140630.50951519777
140433.03971694602
140237.6160264609
140044.2269787646
139852.860603272
139663.50445972945
139476.1456725821
139290.7709635505
139107.36668281755
138925.91883867915
138746.41312556042
138568.8349509766
138393.16946082466
138219.40156368524
138047.51595375026
137877.49713262444
137709.32943003112
137542.9970233889
137378.48395645374
137215.77415683153
137054.85145279983
136895.69958903413
136738.3022414477
136582.6430314734
136428.70553921573
136276.47331618483
136125.92989714895
