6.7348675584
9.248095564950788
9.157611244853793
9.073199619846017
8.996225648596685
8.926415228086524
8.863211606043897
8.806056588021262
8.754442678388399
8.707917309631359
8.666077838580282
8.62856545240743
8.595059590858899
8.565273108304932
8.538948121996468
8.515852450608651
8.49577655249481
8.478530886140488
8.463943627915237
8.451858692982078
8.44213401416114
8.434640040921426
8.429258426765454
8.425880878307499
8.424408143520067
8.424749120092722
8.426820067734687
8.430543910668025
8.435849618577471
8.442671655981776
8.45094949141982
8.46062715905169
8.471652866296479
8.483978641995371
8.497560020326388
8.51235575632625
8.528327569413134
8.545439911765092
8.563659758805443
8.582956419387706
8.603301363566933
8.624668066099764
8.647031860987546
8.670369826910115
8.694660638527507
8.719884488533761
8.746022973667799
8.773059007123818
8.80097673550019
8.829761462579569
8.859399579305872
8.88987849939113
8.921186600043452
8.953313167360141
8.98624834597576
9.019983092596604
9.05450913308867
9.089818922819811
9.125905609984454
9.162763001666606
9.200385532418661
9.238768235155336
9.277906714179707
9.31779712017602
9.358436127018043
9.399820910255915
9.441949127156214
9.484818898181286
9.528428789803627
9.572777798560088
9.617865336259154
9.663691216261556
9.71025564076137
9.757559189001077
9.805602806359188
9.854387794254846
9.903915800817266
9.954188812273951
10.00520914501331
10.056979438283037
10.109502647487169
10.16278203804892
10.216821179808633
10.27162394192878
10.3271944882807
10.383537273289397
10.440657038215509
10.498558807854668
10.557247887637041
10.616729861110887
10.677010587795912
10.73809620139365
10.799993108343408
10.86270798671349
10.92624778541923
10.990619723759716
11.055831291267207
11.121890247863558
11.18880462431927
11.256582723012333
11.32523311898401
11.394764661290553
11.465186474650679
11.536507961388816
11.608738803676362
11.681888966072634
11.755968698369482
11.830988538743194
11.906959317219183
11.983892159455204
12.061798490850187
12.140690040986154
12.2205788484119
12.301477265778477
12.383397965335819
12.46635394480303
12.550358533623601
12.635425399619313
12.721568556056287
12.80880236913862
12.89714156594494
12.986601242825133
13.077196874274367
13.168944322303213
13.261859846323281
13.355960113568466
13.451262210073184
13.547783652229286
13.645542398944587
13.7445568644266
13.844845931615541
13.946428966291794
14.049325831883328
14.153556904999107
14.259143091715567
14.366105844642773
14.474467180798111
14.584249700314786
14.695476606013365
14.808171723863671
14.922359524364946
15.038065144871386
15.15531441289016
15.274133870377637
15.394550799059495
15.516593246798434
15.640290055032944
15.765670887307609
15.892766258914794
16.02160756766468
16.152227125797843
16.284658193052923
16.41893501089699
16.55509283792351
16.69316798641949
16.833197860096423
16.975220992977754
17.119277089427513
17.265407065299932
17.413653090183647
17.5640586307053
17.716668494851934
17.871528877260772
18.02868740541794
18.18819318669664
18.350096856155588
18.51445062500734
18.68130832965409
18.850725481176045
19.022759315144604
19.19746884161774
19.374914895160508
19.555160184719004
19.738269343157395
19.924308976253226
20.113347710926675
20.305456242461222
20.500707380454656
20.69917609321828
20.90093955032333
21.106077162970625
21.314670621840115
21.52680393205308
21.742563444859186
21.96203788563718
22.185318377775417
22.412498461977567
22.643674110513263
22.87894373591565
23.11840819360277
23.362170777881214
23.61033721077034
23.86301562306631
24.12031930549081
24.382355339810573
24.64923955075076
24.921094224988828
25.19803637420676
25.48018767889122
25.76767182166094
