19.14518930646576
19.143963326231066
19.143041269571928
19.142409209563798
19.1420531404922
19.141959599920654
19.142115890634564
19.142510136466246
19.14313127123923
19.14396900253242
19.145013767557387
19.14625668813412
19.147689527426568
19.149304649307865
19.151094980502407
19.15305397537677
19.155175583161505
19.15745421737075
19.15988472720005
19.16246237070531
19.165182789590034
19.16804198545127
19.171036297354867
19.174162380629113
19.17741718678126
19.180797944455247
19.184302141360128
19.187927507185055
19.19167199706139
19.195533776315195
19.199511205667548
19.2036028272578
19.207807351375447
19.212123643873383
19.21655071423763
19.221087704290653
19.225733877506922
19.230488608920478
19.23535137560507
19.24032174770794
19.24539938001877
19.25058400405539
19.255875420647985
19.261273493003507
19.26677814023194
19.272389331316056
19.278107079506157
19.283931437121268
19.289862490738273
19.29590035675043
19.30204517727691
19.308297116404994
19.314656356746866
19.321123096293114
19.3276975455455
19.33437992491171
19.341170462345524
19.348069391216022
19.35507694839013
19.362193372513413
19.369418902474404
19.37675377603866
19.384198228639118
19.3917524923101
19.399416794753026
19.40719135852244
19.415076400321674
19.42307213039819
19.431178752029183
19.43939646108873
19.44772544568834
19.456165885883493
19.464717953439024
19.473381811647176
19.482157615192307
19.4910455100569
19.50004563346402
19.509158113851754
19.518383070875508
19.527720615434607
19.537170849719832
19.546733867279006
19.556409753097867
19.566198583693993
19.576100427221572
19.586115343585202
19.59624338456107
19.606484593924034
19.616839007579355
19.627306653697982
19.637887552854412
19.648581718166273
19.659389155434948
19.67030986328659
19.68134383331307
19.6924910502123
19.703751491927722
19.715125129786486
19.7266119286362
19.738211846979993
19.74992483710972
19.76175084523719
19.773689811623377
19.78574167067348
19.79790635118839
19.81018377629959
19.822573863713135
19.835076525797515
19.847691669699625
19.860419197458654
19.87325900611775
19.88621098783362
19.899275029984032
19.912451015273255
19.925738821835573
19.939138323336795
19.952649389073922
19.966271884072903
19.980005669184674
19.993850601179382
20.007806532838927
20.021873313047855
20.036050786882633
20.05033879569937
20.064737177219996
20.07924576561697
20.093864391596576
20.10859288248076
20.123431062287665
20.13837875181078
20.153435768696895
20.168601927522666
20.183877039870087
20.199260914400682
20.214753356928576
20.230354170492426
20.246063155426253
20.261880109429164
20.27780482763407
20.29383710267537
20.309976724755572
20.32622348171101
20.34257715907659
20.35903754014953
20.375604406052283
20.392277535794488
20.40905670633408
20.425941692637522
20.442932267739224
20.460028202800085
20.477229267165296
20.49453522842126
20.51194585245185
20.52946090349377
20.547080144191277
20.564803335650115
20.582630237490726
20.60056060790077
20.618594203686936
20.63673078032604
20.654970092015528
20.67331189172322
20.69175593123646
20.71030196121061
20.728949731216897
20.74769898978964
20.766549484472904
20.78550096186648
20.80455316767132
20.823705846734367
20.842958743092826
20.862311600017808
20.881764160057493
20.90131616507963
20.920967356313625
20.94071747439195
20.960566259391125
20.98051345087208
21.000558787920088
21.02070200918408
21.04094285291558
21.061281057006997
21.081716359029514
21.102248496270438
21.1228772057701
21.143602224358236
21.164423288689935
21.185340135281056
21.206352500543215
21.227460120818343
21.24866273241272
21.269960071630578
21.29135187480729
21.31283787834209
21.334417818730316
21.356091432595292
21.377858456719718
21.399718628076656
21.421671683860104
21.4437173615151
