0.0047122559739661675
0.004791882408400677
0.00483543799277078
0.004872058898004577
0.004907233995368354
0.004942165956706843
0.004977129214903595
0.0050121941070556016
0.005047385706731098
0.005082718762165796
0.0051182054180434105
0.0051538569493446
0.005189684174026667
0.005225697571757246
0.005261907335273971
0.005298323404605781
0.0053349554954912155
0.005371813124718011
0.005408905633180964
0.00544624220700636
0.0054838318969727285
0.005521683636413779
0.005559806257764842
0.005598208507894964
0.005636899062351111
0.00567588653862701
0.005715179508556922
0.005754786509923903
0.005794716057362783
0.005834976652629448
0.005875576794301035
0.005916524986964636
0.005957829749946727
0.00599949962563013
0.006041543187400986
0.006083969047263917
0.006126785863160195
0.006170002346020458
0.006213627266580519
0.0062576694619865154
0.006302137842213227
0.00634704139631727
0.006392389198544193
0.006438190414313627
0.006484454306088156
0.006531190239148859
0.0065784076872976785
0.006626116238486838
0.006674325600396621
0.006723045605970738
0.006772286218920099
0.006822057539205027
0.006872369808505575
0.00692323341568872
0.006974658902280924
0.0070266569679538335
0.007079238476030996
0.007132414459022262
0.007186196124193027
0.007240594859174751
0.0072956222376227816
0.007351290024927706
0.007407610183985693
0.007464594881033651
0.007522256491554147
0.007580607606255612
0.007639661037132604
0.007699429823611048
0.007759927238783153
0.007821166795736552
0.00788316225398235
0.007945927625986074
0.008009477183806265
0.008073825465844411
0.00813898728371069
0.008204977729209405
0.0082718121814478
0.00833950631407258
0.00840807610263739
0.008477537832105277
0.008547908104489499
0.00861920384663639
0.008691442318153575
0.00876464111948683
0.008838818200149014
0.008913991867103956
0.008990180793308468
0.009067404026415473
0.009145680997640819
0.009225031530796558
0.009305475851493175
0.009387034596513215
0.009469728823358213
0.009553580019971173
0.00963861011463633
0.009724841486057704
0.009812296973617657
0.009900999887816977
0.009990974020896668
0.010082243657642376
0.010174833586371453
0.010268769110102384
0.010364076057906178
0.010460780796438415
0.010558910241650796
0.010658491870679986
0.010759553733911286
0.010862124467214213
0.010966233304346016
0.011071910089519096
0.011179185290126766
0.011288090009622059
0.011398656000542256
0.01151091567767206
0.011624902131336348
0.011740649140813257
0.011858191187856639
0.011977563470315956
0.012098801915840444
0.012221943195652845
0.012347024738376745
0.012474084743899685
0.01260316219725275
0.012734296882485605
0.012867529396513628
0.013002901162912152
0.013140454445630577
0.013280232362596346
0.013422278899176873
0.013566638921464652
0.013713358189347526
0.013862483369323898
0.014014062047018739
0.014168142739353394
0.014324774906318097
0.014484008962292993
0.014645896286858485
0.014810489235032587
0.014977841146867406
0.015148006356332726
0.015321040199409738
0.015496999021311925
0.015675940182745592
0.01585792206511549
0.01604300407457613
0.01623124664482143
0.016422711238500025
0.01661746034713526
0.016815557489422137
0.017017067207765687
0.01722205506291673
0.017430587626553265
0.017642732471646085
0.01785855816043929
0.018078134229866066
0.018301531174210763
0.018528820424818727
0.018760074326644584
0.01899536611141965
0.019234769867208356
0.019478360504112873
0.019726213715874137
0.01997840593710633
0.02023501429589165
0.020496116561449916
0.02076179108658802
0.021032116744623172
0.021307172860463075
0.02158703913551779
0.021871795566106668
0.02216152235501718
0.02245629981586358
0.02275620826988694
0.023061327934832225
0.023371738805534576
0.02368752052584409
0.02400875225151762
0.02433551250370788
0.024667879012683715
0.025005928551422193
0.02534973675872276
0.025699377951505877
0.026054924925976233
0.026416448747350284
0.02678401852787274
0.027157701192877647
0.027537561234682924
0.027923660454148843
0.02831605768977745
0.02871480853428196
0.029119965038615914
0.029531575403517623
0.02994968365870019
0.03037432802817365
0.03080554572784234
0.031243366365221615
0.031687811187991397
0.03213889940227109
0.03259664264063532
0.03306104578747682
