219041.90099999998
153346.22954275447
150937.65336621043
148626.94740054678
146414.81362654764
144300.89799337648
142284.23636550788
140363.35760734984
138536.33372362898
136800.825961237
135154.13398771934
133593.24800998394
132114.90248862945
130715.62999301193
129391.81386347061
128139.73853706873
126955.63661020323
125835.7319360081
124776.27827309964
123773.59320468652
122824.08722639563
121924.28805312523
121070.86031816357
120260.62093203545
119490.55043589792
118757.80072765888
118059.6995617648
117393.75222943972
116757.64081861924
116149.2214352508
115566.51974296282
115007.7251488556
114471.18393141843
113955.39157394736
113458.98453459387
112980.73165320717
112519.52536606867
112074.37287282596
111644.38737563216
111228.77948872004
110826.84889737234
110437.97632834307
110061.61587911833
109697.287740754
109344.57133823665
109003.09890314609
108672.54948571046
108352.64340690333
108043.13714595181
107743.81865426796
107454.50308334157
107175.0289113583
106905.2544511722
106645.05472066348
106394.31865537132
106152.94664255908
105920.84963745518
105697.94194508735
105484.147994032
105279.3948997352
105083.61308165624
104896.73518064366
104718.6952566462
104549.42814613985
104388.86896197137
104236.95271937718
104093.61407297288
103958.78715053105
103832.40547047151
103714.40193080231
103604.70885856742
103503.25810954001
103409.98160891635
103324.81005750888
103247.67513361273
103178.50850722817
103117.24233891905
103063.80951802248
103018.14390428294
102980.18056906335
102949.85603241426
102927.10849385822
102911.87805395048
102904.10692507155
102903.73962980592
102910.72318573562
102925.00727574862
102946.54440322424
102975.29003168322
103011.20270868715
103054.24417393509
103104.3794516505
103161.5769274687
103225.80841012872
103297.049178359
103375.27801340194
103460.47721767271
103552.63262008167
103651.73356857405
103757.77291045025
103870.74696104269
103990.65546131362
104117.50152494166
104251.29157544357
104392.03527386667
104539.74543756667
104694.43795056689
104856.13166596423
105024.84830083583
105200.61232406365
105383.45083747983
105573.39345070191
105770.47215001701
105974.72116163562
106186.17680962975
106404.8773688421
106630.86310340092
106864.17535961229
107104.8575145745
107352.95408512242
107608.51073582552
107871.57410791061
108142.18281799414
108420.40232768969
108706.27271645603
108999.8426173259
109301.16084548541
109610.27611247555
109927.23682088911
110252.0908689819
110584.88545529192
110925.66688206447
111274.4803575418
111631.37914295947
111996.38724217874
112369.55430423481
112750.91931317125
113140.51904065943
113538.38795272709
113944.55802777718
114359.05856318942
114781.91598203502
115213.15364195043
115652.79164686351
116100.84666208494
116557.33173326247
117022.25610970742
117495.62507261863
117977.43976872569
118467.69704989842
118966.38931926139
119473.5043843617
119989.02531793469
120512.93032681345
121045.19262951233
121585.78034301676
122134.65637928752
122691.77835197526
123257.09849382288
123830.56358519976
124412.11489419888
125001.68812867953
125599.2134006169
126204.61520307265
126817.81240006887
127438.71822958939
128067.2403199016
128703.28071933101
129346.73593957373
129997.49701257705
130655.44956097021
131320.47388195852
131992.44504455174
132671.23299993327
133356.7027047205
134048.71425681273
134747.12304853785
135451.7799011703
136162.53128701786
136879.21946058163
137601.6826764355
138329.75538615938
139063.26844941665
139802.04935338377
140545.92243981516
141294.7091390052
142048.22820987305
142806.29598538755
143568.72662252365
144335.33235593562
145105.9237545263
145880.30998008506
146658.29904717224
147439.6980834332
148224.31358953944
149011.95169796748
149802.4184298294
150595.5199490389
151391.0628130502
152188.85421950676
