-1006.068326975353
-656.3157762838147
-655.4241943451783
-654.5253823194791
-653.6185424577916
-652.703417673422
-651.7798123717599
-650.8475384063637
-649.9064089792247
-648.9562378948492
-647.9968394162884
-647.0280281934806
-646.049619204963
-645.0614277064361
-644.063269185516
-643.0549593226567
-642.0363139583064
-641.0071490663698
-639.9672807340585
-638.9165251482314
-637.8546985883003
-636.7816174258287
-635.6970981309171
-634.600957285501
-633.4930116036803
-632.3730779592166
-631.240973420329
-630.0965152919409
-628.9395211655172
-627.7698089766582
-626.5871970705999
-625.3915042757944
-624.1825499857374
-622.9601542492173
-621.7241378691597
-620.4743225102538
-619.2105308155362
-617.9325865321185
-616.6403146462332
-615.3335415277975
-614.012095084651
-612.6758049266673
-611.3245025398925
-609.9580214708944
-608.5761975214721
-607.1788689538749
-605.7658767066899
-604.3370646215068
-602.8922796804906
-601.4313722549645
-599.9541963650742
-598.4606099506184
-596.950475153074
-595.4236586088424
-593.8800317537178
-592.3194711385364
-590.741858755943
-589.1470823781891
-587.5350359058181
-585.9056197270784
-584.2587410878459
-582.5943144718055
-580.9122619905976
-579.2125137835659
-577.4950084267272
-575.7596933504898
-574.0065252656271
-572.2354705969167
-570.4465059238506
-568.6396184276705
-566.8148063440158
-564.9720794203259
-563.11145937712
-561.2329803721597
-559.3366894664812
-557.4226470911605
-555.4909275136307
-553.541619302284
-551.5748257880188
-549.5906655213155
-547.5892727233539
-545.5707977296105
-543.5354074242967
-541.4832856639457
-539.4146336883671
-537.3296705171498
-535.2286333298089
-533.1117778276417
-530.9793785752844
-528.8317293199449
-526.6691432862137
-524.4919534443563
-522.300512749954
-520.0951943527342
-517.8763917724492
-515.6445190396431
-513.4000107991751
-511.1433223743807
-508.8749297898048
-506.59532975046574
-504.30503957569226
-502.00459708563415
-499.6945604386466
-497.37550791783156
-495.0480376651603
-492.712767361707
-490.37033385268353
-488.02139271611946
-485.6666177742072
-483.3067005465169
-480.94234964450567
-478.57429010693494
-476.20326267607857
-473.8300230148096
-471.4553408649629
-469.07999914757
-466.70479300592626
-464.3305287926819
-461.95802300244895
-459.5881011517715
-457.2215995618237
-454.8593524748847
-452.50220805878166
-450.15101574503103
-447.80662768249204
-445.46989735706677
-443.1416781801822
-440.822822050339
-438.51417789227526
-436.2165901785545
-433.93089743861367
-431.6579307605256
-429.3985122909286
-427.1534537387173
-424.92355488823375
-443.48913690434597
-446.9459175621654
-450.1101749217612
-453.01932340899447
-455.704380994667
-458.19141524055965
-460.5025573744522
-462.65676095328496
-464.670381739939
-466.55762747262554
-468.3309112376288
-470.001132409623
-471.57790247254684
-473.06972840228326
-474.48416301704657
-475.82792935303536
-477.1070244175979
-478.32680641893825
-479.49206864008954
-480.60710242555587
-481.6757512186927
-482.701457181938
-483.68730161845417
-484.6360401695121
-485.55013356995556
-486.43177459197784
-487.2829116856122
-488.1052697259106
-488.900368196194
-489.66953706975664
-490.41393059578974
-491.1345391461574
-491.83219923586535
-492.50760178955653
-493.14008333375176
-493.74815916530673
-494.3379907751012
-494.90980326493667
-495.4636936002278
-495.9996102886021
-496.5173580942274
-497.01658912200446
-497.4967920022769
-497.9572773879492
-498.3971587541223
-498.8153274387745
-499.21042052947064
-499.5807797519796
-499.92439890462424
-500.23885653858986
-500.52122940686263
-500.7679805391809
-500.97481341132567
-501.1364801962355
-501.24652692621265
-501.2969506076154
-501.27773132552306
-501.1761834416641
-500.9760393375353
-500.6561280522923
-500.188423042814
-499.5350752765736
-498.64375121639176
-497.44000702165835
-495.8141836588984
