-13.519759883724966
-10.782061457661136
-10.809192723811753
-10.834744732617292
-10.858612266517392
-10.880873265091246
-10.90166629058449
-10.921140986128286
-10.939439214299654
-10.956688919790926
-10.9730031203241
-10.988480834487488
-11.003208624060028
-11.0172622181735
-11.030708019658487
-11.043604432132275
-11.056003001802486
-11.067949388962148
-11.079484190217688
-11.090643632889623
-11.101460161163358
-11.111962931100404
-11.122178229168435
-11.132129826673323
-11.141839280264234
-11.151326187631621
-11.16060840530378
-11.16970232665584
-11.178622669666714
-11.187383180927416
-11.195996371018634
-11.204473715558647
-11.212825745626414
-11.221062127168835
-11.22919173141708
-11.237222697569186
-11.245162488871916
-11.253017943503043
-11.260795320556712
-11.268500342364181
-11.276138233290043
-11.283713755702449
-11.291231243370072
-11.298694632723635
-11.306107491957098
-11.313473048546086
-11.320794214999252
-11.328073613102775
-11.335313596729698
-11.342516273449627
-11.349683524667354
-11.356817024702108
-11.363918258628411
-11.37098853902169
-11.37802902161368
-11.385040719869036
-11.392024518629624
-11.398981186793419
-11.405911388938199
-11.41281569618437
-11.419694596245375
-11.426548502462559
-11.433377762326817
-11.440182665112427
-11.446963448828397
-11.453720306698497
-11.460453392743846
-11.467162827138141
-11.473848700754344
-11.48051107946251
-11.48715000775791
-11.493765512221833
-11.500357604364785
-11.50692628332364
-11.513471538147888
-11.519993349775595
-11.526491692886683
-11.532966537320043
-11.539417849496969
-11.54584559353328
-11.552249732177415
-11.55863022767165
-11.564987042438553
-11.57132013966945
-11.577629483784587
-11.58391504081456
-11.590176778782341
-11.596414667815578
-11.60262868049211
-11.608818791843847
-11.614984979529929
-11.621127223841107
-11.627245507787846
-11.633339817030938
-11.639410139904786
-11.64545646740567
-11.651478793042594
-11.657477112887811
-11.663451425424975
-11.66940173149586
-11.675328034233551
-11.681230338930288
-11.687108652991204
-11.692962928624565
-11.698793348691856
-11.704599754837188
-11.710382219090496
-11.716140757940375
-11.721875389464225
-11.727586133221802
-11.733273010131269
-11.73893604247719
-11.744575253714322
-11.750190668524665
-11.75578231266157
-11.761350212900568
-11.766894397001794
-11.772414893623685
-11.777911732282329
-11.783384943279701
-11.788834557651684
-11.794260607152951
-11.799663124150268
-11.8050421416557
-11.810397693190145
-11.815729812830151
-11.821038535136024
-11.826323895117172
-11.831585928164857
-11.836824670089744
-11.842040157075692
-11.847232425592827
-11.852401512423413
-11.857547454646395
-11.86267028958124
-11.867770054809764
-11.872846788105832
-11.87790052745145
-11.88293131100344
-11.887939177103215
-11.89292416422912
-11.897886311016821
-11.90282565622258
-11.907742238703559
-11.912636097458547
-11.917507271560035
-11.922355800188052
-11.927181722580901
-11.931985078070777
-11.936765906069366
-11.941524246045946
-11.946260137515019
-11.950973620073901
-11.955664733374718
-11.960333517088431
-11.964980010977595
-11.969604254836623
-11.974206288482387
-11.978786151828016
-11.983343884791744
-11.987879527354723
-11.992393119536835
-11.996884701430467
-12.001354313135655
-12.005801994835545
-12.010227786757325
-12.014631729165279
-12.019013862421177
-12.023374226895568
-12.0277128630285
-12.032029811381085
-12.03632511249902
-12.040598807046822
-12.044850935753807
-12.049081539425275
-12.05329065892966
-12.057478335251231
-12.061644609411575
-12.065789522596015
-12.069913115993872
-12.074015430965266
-12.078096508930951
-12.082156391432775
-12.086195120113329
-12.09021273675188
-12.094209283195356
-12.098184801467358
-12.10213933365852
-12.106072922043444
-12.109985608971156
-12.113877436973794
-12.117748448697384
-12.121598686921672
-12.125428194611588
-12.129237014832457
-12.133025190809178
-12.136792765954056
-12.140539783805124
-12.144266288085905
-12.147972322667792
