0.00027345207613946993
0.00027345207613946993
0.00027490096232661733
0.0002756282809369746
0.000276357523316988
0.00027708869455224134
0.00027782179974174693
0.00027855684399798316
0.00027929383244692623
0.00028003277022808996
0.0002807736624945577
0.0002815165144130198
0.0002822613311638114
0.00028300811794094256
0.00028375687995214194
0.0002845076224188869
0.00028526035057644186
0.00028601506967389624
0.0002867717849741972
0.0002875305017541902
0.0002882912253046529
0.00028905396093033086
0.00028981871394997917
0.00029058548969639373
0.00029135429351645286
