0.08034613915725759
0.08050553994015928
0.08065638288372591
0.08079930026724526
0.08093486752447696
0.08106362117633997
0.08118606256258012
0.08130265973088915
0.08141384852321275
0.08152003494259259
0.08162159627258453
0.0817188828516664
0.0818122196941994
0.08190190807326675
0.08198822705237284
0.08207143495688747
0.0821517707792044
0.08222945551399659
0.08230469342182138
0.08237767322076563
0.08244856920690931
0.08251754230519713
0.0825847410528962
0.08265030251823403
0.0827143531570859
0.08277700961075174
0.08283837944794548
0.08289856185414225
0.08295764827139959
0.08301572299170373
0.08307286370680163
0.08312914201736724
0.0831846239042289
0.08323937016425201
0.08329343683124603
0.08334687547338161
0.08339973365506148
0.08345205517249284
0.08350388036843079
0.08355524640296509
0.08360618750334387
0.0836567351944356
0.08370691851129107
0.08375676419516065
0.08380629687422506
0.08385553923020696
0.08390451215194605
0.08395323487694016
0.08400172512178149
0.08404999920234708
0.08409807214453868
0.08414595778630644
0.0841936688716361
0.08424121713712669
0.08428861339173839
0.08433586759024489
0.08438298890088462
0.08442998576766568
0.08447686596774505
0.08452363666426946
0.08457030445503544
0.0846168754172979
0.08466335514903102
0.08470974880692166
0.08475606114135276
0.08480229652861554
0.08484845900056817
0.08489455227194438
0.08494057976549657
0.08498654463514575
0.08503244978729564
0.0850782979004564
0.0851240914433118
0.0851698326913535
0.08521552374219538
0.08526116652967305
0.08530676283682462
0.08535231430784133
0.08539782245907
0.08544328868914204
0.08548871428829881
0.08553410044697647
0.08557944826370957
0.08562475875240869
0.08567003284905575
0.08571527141787211
0.0857604752569953
0.0858056451037049
0.08585078163923344
0.08589588549319489
0.08594095724766135
0.08598599744091572
0.08603100657090507
0.08607598509842114
0.08612093345002804
0.08616585202075484
0.08621074117657482
0.08625560125668719
0.08630043257561688
0.08634523542514672
0.0863900100760955
0.08643475677995387
0.08647947577038924
0.08652416726463005
0.08656883146473916
0.08661346855878456
0.08665807872191578
0.08670266211735354
0.08674721889729892
0.08679174920376871
0.08683625316936253
0.08688073091796696
0.08692518256540169
0.08696960822001179
0.08701400798321056
0.08705838194997641
0.08710273020930748
0.08714705284463671
0.08719134993421078
0.08723562155143491
0.08727986776518644
0.08732408864009912
0.08736828423681994
0.08741245461224056
0.08745659981970468
0.08750071990919273
0.08754481492748567
0.08758888491830814
0.08763292992245239
0.08767694997788408
0.08772094511982977
0.0877649153808473
0.08780886079087906
0.08785278137728852
0.08789667716487969
0.08794054817589964
0.08798439443002375
0.08802821594432272
0.0880720127332108
0.0881157848083742
0.0881595321786779
0.08820325485004922
0.08824695282533583
0.08829062610413538
0.08833427468259304
0.08837789855316268
0.08842149770432634
0.088465072120265
0.08850862178047232
0.08855214665930053
0.08859564672542518
0.08863912194121101
0.0886825722619565
0.08872599763498736
0.08876939799855948
0.0888127732805173
0.08885612339663349
0.08889944824852516
0.08894274772099427
0.0889860216785654
0.08902926996087086
0.0890724923763193
0.08911568869309412
0.08915885862544772
0.08920200181339008
0.08924511778567608
0.08928820589043952
0.08933126513290394
0.08937429362965518
0.08941736595982318
0.08946041979684281
0.08950345513169072
0.08954647216053
0.08958947107579349
0.0896324520408859
0.08967541519059545
0.08971836063471063
0.08976128846167661
0.0898041987418856
0.08984709153058237
0.08988996687041861
0.08993282479369358
0.08997566532431502
0.09001848847951169
0.09006129427132478
0.0901040827079035
0.09014685379462675
0.09018960753507081
0.09023234393184099
0.09027506298728287
0.09031776470408757
0.09036044908580361
0.09040311613726627
0.09044576586495537
0.09048839827728947
0.09053101338486491
0.09057361120064696
0.09061619174011881
0.09065875502139449
0.09070130106530024
