312.29915
331.43223005648855
331.3805538791842
331.3222278714607
331.25717316002937
331.1853906132093
331.10693006973844
331.02188322779443
330.93038000183105
330.8325849906501
330.72869360917406
330.61892793489244
330.5035324003717
330.3827694668185
330.25691539983876
330.126256248929
329.9910841103349
329.85169373070335
329.7083794878452
329.5614327659263
329.4111397261815
329.2577794610992
329.10162251000503
328.94292970690043
328.78195132697095
328.61892649600196
328.454082826555
328.2876362458005
328.1197909819498
327.95073967896064
327.7806636123266
327.609732982069
327.4381072623531
327.2659355903518
327.0933571799341
326.920501748488
326.7474899475845
326.57443379031986
326.40143706997304
326.228595766161
326.0559984359314
325.8837265882779
325.7118550413671
325.540452262416
325.3695806906257
325.19929704391774
325.0296526104529
324.860693526045
324.6924610386363
324.5249917610174
324.3583179129213
324.1924675535503
324.0274648055
323.86333007093117
323.70008024072155
323.5377288972132
323.376286573449
323.215760262505
323.05615569433
322.89747471219715
322.73971720178423
322.58288084292883
322.4269612760265
322.27195226350744
322.1178458463164
321.9646324952939
321.8123012573513
321.6608398963208
321.5102350283686
321.36047225187053
321.2115362716582
321.0634110175687
320.9160798705256
320.7695253278274
320.6237297500045
320.47867503715537
320.3343428207423
320.1907145477336
320.04777155921147
319.9054951634948
319.76386670408937
319.6228676223184
319.482479515093
319.34268418782426
319.2034637027274
319.06480042270584
318.9266770510185
318.78907666694664
318.6519827576667
318.5153792465492
318.3792505180947
318.2435814397231
318.1083573806241
317.9735642278775
317.8391884000426
317.70521685841567
317.57163711614044
317.4384372453596
317.3056058825753
317.1731322323923
317.04100606979716
316.9092177411265
316.77775816386514
316.64661882540577
316.515791780899
316.3852696503046
316.25504561475447
316.12511341232636
315.9954673333188
315.86610221511177
315.73701343668665
315.6081969128759
315.47964908840083
315.351366931755
315.22334792897607
315.0955900773497
314.9680924390208
314.84085289880227
314.71387150568694
314.5871482386949
314.46068355660753
314.3344783917765
314.20853545918663
314.08285397216025
313.9574375786267
313.8322890463749
313.7074115850568
313.5828088416547
313.4584848947449
313.3344442485755
313.21069182707316
313.08723296777384
312.9640734156506
312.84121798458204
312.71867589609326
312.5964527322997
312.47455580088524
312.3529927854896
312.23177173659377
312.110901063541
311.9903895264021
311.8702462274868
311.7504806024426
311.63110241091425
311.51212172673485
311.393548927621
311.2753946843552
311.1576699494306
311.0403859451449
310.923554151126
310.80718629128285
310.6912943201702
310.5758904087662
310.46098692966166
310.3465964416677
310.2327316738445
310.11940550897066
310.0066309664626
309.8944211847689
309.7827894032637
309.6717489436651
309.56131319101473
309.45149557425276
309.34230954642885
309.23376856459436
309.12588606942023
309.0186754645924
308.9121500960371
308.8063232310307
308.7012080372535
308.5968175618418
308.49316471050554
308.39026222676637
308.28812267138386
308.18675840202803
308.0861815532631
307.98640401685196
307.8874374227961
307.7892931201129
307.6919821591685
307.5955152738613
307.49990286476526
307.4051549829321
307.31128131445064
307.21829116580346
307.1261934500675
307.03499667398967
306.94470892597377
306.85533786500554
306.766890710542
306.6793742333826
306.5927947475427
306.5071581031346
306.4224696802701
306.3387343839832
306.2559566401681
306.1741403925471
306.0932891006197
306.0134057386284
305.9344927954866
