18228.993714
21137.634110783598
21217.726800531334
21293.766681638837
21370.95498460552
21443.630443233353
21511.438883821873
21573.926771805167
21630.980446620015
21682.68497519347
21729.241558331236
21770.916574019382
21808.00960104542
21840.832986527756
21869.698957050576
21894.911461933927
21916.7613700221
21935.523582126112
21951.455748416534
21964.79773267387
21975.77177730781
21984.583061901216
21991.420477065643
21996.45750529236
21999.85320853963
22001.753265717343
22002.29092879177
22001.588021148218
21999.755809816652
21996.895920636525
21993.101103468063
21988.45604713186
21983.038036736263
21976.917639625364
21970.159263986607
21962.821704702492
21954.958685007
21946.619296173216
21937.8484060569
21928.687014848496
21919.172671470496
21909.339723484773
21899.2196590717
21888.841321479445
21878.23116844372
21867.41349489038
21856.410614746736
21845.24304833532
21833.929691931753
21822.487927846054
21810.933812319996
21799.282160886498
21787.546669583688
21775.74001381184
21763.87393737935
21751.95933859518
21740.006338983945
21728.024380731866
21716.02223962864
21704.00811963524
21691.989689019694
21679.974135663073
21667.96820450228
21655.97823557546
21644.010206721694
21632.069758550093
21620.162228951416
21608.292674525837
21596.46591378287
21584.68650479334
21572.958825681188
21561.287054087923
21549.675189650894
21538.127097462027
21526.64648252707
21515.236896423557
21503.9018402535
21492.644630993076
21481.4685663697
21470.376804001855
21459.372440786658
21448.458526808394
21437.638027006262
21426.913864104466
21416.288910491912
21405.7660055349
21395.347929878753
21385.037458672676
21374.83733218588
21364.750272775334
21354.77898116631
21344.926151244425
21335.19445907809
21325.58658222101
21316.105192079296
21306.752962389113
21297.53256670156
21288.446686194206
21279.498009693692
21270.6892368538
21262.02307719203
21253.50225093652
21245.1295198121
21236.90763364937
21228.83937792483
21220.92755414072
21213.174993868754
21205.584549275023
21198.15910090425
21190.901559353973
21183.814863110587
21176.901981693416
21170.16592076354
21163.609713204958
21157.236435761235
21151.049200680765
21145.051139727035
21139.245445767876
21133.635341008587
21128.22409246527
21123.015005132627
21118.011433636824
21113.216766512083
21108.6344464169
21104.267959952063
21100.120835864247
21096.196659416768
21092.49905495125
21089.031703718407
21085.7983365251
21082.802737259117
21080.04873778046
21077.540226700818
33823.32088820488
33596.35025011666
33376.03874427545
33162.414588359396
32955.42186060236
32754.953121859056
32560.870011633604
32373.016323169213
32191.226345082894
32015.330274231692
31845.157618883837
31680.539480790074
31521.30985346212
31367.30665974359
31218.37220333054
31074.35348852759
30935.10239800741
30800.475715265726
30670.33514383637
30544.547219622727
30422.983218273
30305.519057863126
30192.035159496925
30082.416311493875
29976.551532925514
29874.33392879634
29775.66056615571
29680.432301999954
29588.553676178533
29499.93277711612
29414.481073186707
29332.113338321793
29252.74748980634
29176.30449123928
29102.708217392246
29031.88536189242
28963.76531910501
28898.28007951426
28835.364142193175
28774.954389989332
28716.990063611935
28661.41259010013
28608.16554578212
28557.1945613389
28508.44725535933
28461.873156472295
28417.423618997873
28375.051777126955
28334.712477682227
28296.322675852178
28259.91943418172
28225.42290677568
28192.83428368884
28162.036128119173
28133.032439745155
28105.78863270769
28080.271532488707
28056.449351122577
28034.291736066643
28013.769803080093
27994.85625093321
27977.5254894062
27961.753902523506
27947.520229180387
27934.80619558512
27923.59754579974
27913.885847409892
