26.820260774928553
60.5332535501677
60.547214062996524
60.56540875863509
60.58732444186669
60.612511579097735
60.640576088861934
60.67117115610847
60.703990218997816
60.73876115290978
60.77524146332949
60.81321429660497
60.85248511291745
60.89287889875686
60.93423782141405
60.97641924691817
61.01929405743815
61.0627452158289
61.10666653443498
61.15096161300714
61.195542916938194
61.24033097223753
61.28525365793656
61.33024558010795
61.375247514517085
61.420205907302645
61.46507242492396
61.50980374002037
61.55436038194752
61.598707566843906
61.64281410155326
61.68665229097846
61.73019767026005
61.77342875593342
61.816326814190504
61.85887564464869
61.90106137829722
61.94287228853205
61.9842986142909
62.02533239451621
62.06596731321076
62.106198554487484
62.14602266705651
62.18543743766641
62.224441773029746
62.26303558984312
62.30121971248432
62.338995778025144
62.376366148199864
62.41333382799547
62.44990239050438
62.48607590773739
62.52185888706067
62.55725621295036
62.59227309375609
62.6269150131711
62.661187686124215
62.69509701880441
62.72864907253124
62.76185003122309
62.79470617219716
62.827223840036694
62.85940942332049
62.891269333957325
62.92280998892264
62.95403779420336
62.984959130726295
63.01558034213172
63.045907724179195
63.07594751566214
63.10570589065202
63.135188951966434
63.16440272570134
63.19335315674005
63.222046105111346
63.25048734310355
63.27868255305536
63.30663732571927
63.334357159151494
63.36184745803893
63.38911353341106
63.41616060268793
63.44299379000824
63.46961812679883
63.49603855254411
63.522259915724796
63.54828697489967
63.57412439988669
63.59977677305247
63.62524859065232
63.65054426423619
63.67566812208377
63.7006244106713
63.72541729614414
63.75005086580065
63.77452912957255
63.79885602148693
63.82303540112773
63.84707105506475
63.87096669826728
63.89472597549119
63.91835246263458
63.94184966806991
63.96522091561065
63.988469937478264
64.01159969203468
64.03461354861484
64.0575146968111
64.08030626601301
64.10299132651721
64.12557289060574
64.14805391360203
64.17043729488644
64.19272587889769
64.21492245609491
64.23702976389887
64.25905048760865
64.28098726128991
64.30284266864223
64.32461924384131
64.34631947236012
64.36794579177017
64.38950059251736
64.41098621868561
64.4324049687315
64.45375909621129
64.47505081048301
64.49628227739392
64.51745561994943
64.53857291897275
64.55963621374377
64.58064750262203
64.60160874366125
64.62252185520863
64.64338871648853
64.6642111681784
64.68499101296702
64.70573001610683
64.72642990595173
64.74709237448684
64.76771907784494
64.78831163681646
64.80887163734691
64.8294006310263
64.84990013557274
64.87037163530137
64.89081658159128
64.9112363933393
64.93163245741113
64.95200612908205
64.97235873247058
64.99269156096543
65.01300587764834
65.03330291570742
65.05358387884353
65.07384994167653
65.09410225013879
65.11434192186574
65.13457004658517
65.15478768649281
65.17499587663077
65.19519562525612
65.21538791420876
65.23557369926841
65.25575391051527
65.27592945267988
65.29610120549052
65.31627002402018
65.33643673902152
65.35660215726601
65.37676706187843
65.39693221265836
65.41709834641179
65.43726617726978
65.45743639700673
65.4776096753546
65.49778666031672
65.51796797847231
65.53815423528758
65.55834601541032
65.57854388297694
65.59874838190383
65.61896003618327
65.63917935017352
65.65940680888839
65.67964287827942
65.69988800552363
65.72014261929857
65.7404071300656
65.76068193033969
65.78096739496743
65.80126388139404
65.8215717299322
65.84189126403018
65.86222279053115
65.88256659993704
65.90292296666847
65.92329214931871
65.94367439091062
65.96406991914719
