5.250623455517231
5.650617644162164
6.051399608483506
6.452848257851315
6.854846713433665
7.257279261275266
7.660031154829308
8.06298878222309
8.466039829829661
8.86907338966609
9.27198000507458
9.674651656453198
10.076981690347793
10.478864695958613
10.880196333602878
11.280873120056624
11.68079217592046
12.079850940311035
12.477946858229778
12.874977045980222
13.270837939989754
13.66542493434959
14.058632012337634
14.45035137712394
14.840473086774049
15.228884698560034
15.615470927466225
16.00011332360242
16.38268997306069
16.76307522624173
17.14113945901696
17.516748867825925
17.88976530467061
18.260046153899
18.627444253635492
18.9918078634365
19.352980681390875
19.71080191060795
20.065106376549686
20.415724695498376
20.762483494044144
21.10520567898378
21.443710756556854
21.777815199460125
22.10733285962543
22.432075424294982
22.751852912420304
23.066474208521484
23.375747629469604
23.679481521071853
23.97748487975579
24.26956799457973
24.5555431053814
24.835225071481382
25.10843204718491
25.374986153621148
25.6347141526026
25.887448106132595
26.133026022334242
26.37129248170213
26.60209923897568
26.825305796184338
27.040779942705214
27.248398258511653
27.44804657716416
27.639620405504026
27.82302529744057
27.99817717967907
28.165002627705842
28.32343909082224
28.473435065498133
28.61495021678982
28.747955448025234
28.87243291940936
28.988376016620737
29.095789270867947
29.19468823223926
29.28509929850372
29.367059501821608
29.440616256067145
29.50582706768372
29.562759213160163
29.611489386346243
29.652103318916836
29.68469537734356
29.7093681397473
29.726231955981714
29.73540449425115
29.737010277478237
29.73118021252236
29.718051120439945
29.69776523770553
29.670469777679394
29.63631643343838
29.595460919776848
29.54806251643623
29.494283621490883
29.434778526554116
29.372427992164006
29.307345044159984
29.239641953266634
29.169430037821048
29.09681947552245
29.02191912713684
28.944836376589056
28.86567698640038
28.78454496083792
28.70154243474878
28.616769564337933
28.530324435867016
28.44230298550984
28.35279893075814
28.26190371278595
28.169706449172285
28.076293896371617
27.981750421327177
27.886157981621036
27.7895961135676
27.692141927665602
27.593870110839156
27.49485293491665
27.395160270812017
27.29485960789642
27.194016078068792
27.092692484054904
26.990949331492573
26.888844864377642
26.786435103473313
26.683773887310448
26.580912915425536
26.47790179350741
26.374788080150005
26.27161733492499
26.168433167512493
26.065277287648094
25.962189555663223
25.859208033414163
25.756369035414885
25.65370718000343
25.551255440388996
25.44904519544116
25.347106280097297
25.24546703527763
25.144154357207924
25.043193746065107
24.94260935386843
24.842424031549704
24.742659375145568
24.643335771065313
24.54447244038976
24.4460874821718
24.348197915708816
24.250819721766415
24.153967882740282
24.05765642174173
23.96189844060489
23.866706156809645
23.77209093932561
23.678063343378636
23.584633144149457
23.49180936941448
23.399600331140118
23.308013656045823
23.217056315152448
23.126734652332477
23.037054411880572
22.948020765126476
22.859638336108652
22.771911226330833
22.68484303862413
22.59843690013686
22.512695484473802
22.427621033009448
22.343215375397374
22.259479949298388
22.17641581935174
22.09402369541039
22.012303950065462
21.931256635479784
21.850881499554244
21.771178001448398
21.69214532647637
21.61378240039939
21.536087903135822
21.45906028190842
21.382697763848604
21.30699836807722
21.2319599172804
21.157580048798977
21.083856225248454
21.01078574468881
20.93836575035738
20.866593239986106
20.795465074713654
20.724977987611894
20.655128591839002
20.585913388434694
20.517328773771894
20.449371046676564
20.38203641523084
