19924.5
15143.542421374443
15021.968868251664
14903.206845285096
14786.699934601727
14672.171222746492
14559.46807559475
14448.495636371546
14339.187827906331
14231.494226096296
14125.373751011064
14020.791369044979
13917.716190075991
13816.12026044342
13715.977738489213
13617.26430383559
13519.956723317928
13424.032529181379
13329.469781136397
13236.246892486899
13144.342505735607
13053.735406525053
12964.404467248753
12876.328613523627
12789.486808148067
12703.858048282164
12619.421372471925
12536.152418862412
12454.037344526907
12373.051879331966
12293.17541173576
12214.387477248109
12136.667784113955
12059.996238272734
11984.352967254226
11909.718342637903
11836.073000803726
11763.397861784952
11691.67414610733
11620.883389551844
11551.007455830018
11482.028547196389
11413.92921305557
11346.692356644926
11280.301239894465
11214.739486577359
11149.991083876788
11086.040382499556
11022.872095470282
10960.471295740117
10898.823412743179
10837.914228028469
10777.729870091427
10718.256808522108
10659.4818475801
10601.392119298856
10543.97507621325
10487.218483796907
10431.110412687256
10375.63923076772
10320.793595169236
10266.562444245948
10212.934989571884
10159.900708000023
10107.449333818246
10055.570851031074
10004.255485791602
9953.493699002462
9903.276179101365
9853.593835042613
9804.437789482969
9755.799372177227
9707.670113586808
9660.041738702008
9612.906161077595
9566.2554770791
9520.081960336654
9474.378056401982
9429.13637760317
9384.349698091826
9340.01094907618
9296.113214233841
9252.649725297477
9209.613857806742
9166.999127019833
9124.79918397769
9083.0078117147
9041.618921609135
9000.626549867387
8960.024854135736
8919.808110234124
8879.970709006166
8840.507153280243
8801.412054936578
8762.68013207539
8724.306206281824
8686.28519998289
8648.612133892797
8611.282124542378
8574.29038188917
8537.632207004572
8501.302989834865
8465.29820703286
8429.614705827958
8394.244272110842
8359.186488314488
8324.435871467205
8289.988301551264
8255.839733532466
8221.986195656598
8188.423787753138
8155.148679588254
8122.157109265021
8089.445381669596
8057.009866961122
8024.84699910433
7992.953274442992
7961.32525031296
7929.959543693379
7898.852829894771
7868.001841282727
7837.403366036125
7807.054246938498
7776.951380201781
7747.091714320998
7717.472248959283
7688.090033861987
7658.942167798988
7630.025797534387
7601.338116822754
7572.876365431001
7544.637828184985
7516.619834040444
7488.819755177187
7461.235006115894
7433.863042857009
7406.701362040796
7379.747500128231
7352.999032601815
7326.45357318599
7300.108773086331
7273.962320247246
7248.011938627271
7222.255387491893
7196.690460723087
7171.314986145154
7146.126824866487
7121.123870636704
7096.304049218827
7071.665317775996
7047.205664272366
7022.923106887704
6998.815693445524
6974.881500854183
6951.118634560503
6927.525228016078
6904.099442155221
6880.839464884753
6857.7435105852865
6834.809819623264
6812.036657874081
6789.422316255521
6766.965110271505
6744.663379565678
6722.515487484856
6700.519820651792
6678.674788547183
6656.978823100705
6635.43037829065
6614.027929752236
6592.76997439425
6571.6550300235
6550.681634977572
6529.8483477650025
6509.153746713078
6488.59642962292
6468.175013431787
6447.888133882224
6427.734445198273
6407.712619767893
6387.8213478324005
6368.059337181783
6348.425312856458
6328.91801685493
6309.536207847451
6290.278660895275
6271.144167175745
6252.131533712567
6233.239583111841
6214.46715330288
6195.813097284556
6177.276282876327
6158.855592474307
6140.549922812157
6122.35818472641
6104.279302926608
6086.312215769802
6068.455875039345
6050.7092457280305
6033.071305825357
