7066577.5803864
6319107.266943042
6320343.937707706
6321550.449107477
6322715.835421272
6323833.93876784
6324901.821963634
6325918.429111895
6326883.825920711
6327798.759370084
6328664.399372148
6329482.187004355
6330253.7462743325
6330980.834233115
6331665.314487826
6332309.145179807
6332914.376086453
6333483.151671325
6334017.71822416
6334520.434039288
6334993.782081779
6335440.384906678
6335863.021805402
6336264.648297667
6336648.418198509
6337017.708583055
6337376.148061544
6337727.648868987
6338076.443375269
6338427.125741404
6338784.699579759
6339154.632645217
6339542.919773878
6339956.155523009
6340401.618245931
6340887.367674344
6341422.358488104
6342016.572842023
6342681.17540564
6343428.695170578
6344273.239107034
6345230.743716187
6346319.271633231
6347559.361670324
6348974.441998951
6350591.317445237
6352440.742885452
6354558.095036127
6356984.153912076
6359766.001300653
6362958.035010332
6366623.080320051
6370833.497440604
6375672.488758421
6381234.622802046
6387626.2704134695
6394964.565974483
6403374.254987887
6412980.931150261
6423898.655521103
6436209.536693003
6449933.1522527905
6464985.777281946
6481134.657736035
6497961.554230334
6514859.367180295
6531086.581460095
6545885.235809036
6558630.786826492
6568952.722243581
6576774.389802818
6582266.429359523
6585751.918389634
6587609.1321055135
6588202.584064189
6587846.156964017
6586791.521987723
6585231.124883409
6583307.484312053
6581123.87857595
6578754.0637870915
6576250.204703806
6573648.967860886
6570976.035502811
6568249.369855261
6565481.539255361
6562681.357152471
6559855.030585574
6557006.960227074
6554140.2963074865
6551257.324036662
6548359.7304253
6545448.758285319
6542525.465443898
6539590.5998002365
6536644.814808564
6533688.703381737
6530722.675026562
6527747.21792623
6524762.741335956
6521769.562043507
6518768.190869859
6515758.915540075
6512742.084425802
6509718.038115977
6506687.110848209
6503649.631397134
6500605.923638702
6497556.306893412
6494501.096119517
6491440.602005286
6488375.130993772
6485304.985263388
6482230.462680414
6479151.85673412
6476069.456462437
6472983.546372935
6469894.406363089
6466802.311641749
6463707.5326539045
6460610.33500919
6457510.979415501
6454409.721618138
6451306.812342837
6448202.497246562
6445097.016872216
6441990.606609303
6438883.4966604635
6435775.912012731
6432668.072414298
6429560.192355765
6426452.481059239
6423345.142466009
6420238.375235193
6417132.372743411
6414027.323089602
6410923.40910372
6407820.808359605
6404719.693191384
6401620.230713703
6398522.582845279
6395426.906335797
6392333.352795964
6389242.068730679
6386153.195574856
6383066.8697321275
6379983.22261609
6376902.380694009
6373824.465532826
6370749.593847298
6367677.877550305
6364609.423805047
6361544.335079021
6358482.709199752
6355424.639412128
6352370.214437171
6349319.518532182
6346272.631552262
6343229.629012882
6340190.582153634
6337155.558002906
6334124.6194435
6331097.825279066
6328075.230301249
6325056.8853575
6322042.837419513
6319033.129652011
6316027.801482227
6313026.888669439
6310030.4233751185
6307038.434233016
6304050.946419691
6301067.981724941
6298089.558622471
6295117.499796531
6292148.217987025
