4.5031e-05
5.093603393107781e-05
5.093567385759897e-05
5.095329315932133e-05
5.098174197702822e-05
5.1016792889648985e-05
5.1055915557992517e-05
5.109759295555488e-05
5.114091302972654e-05
5.1185324774394246e-05
5.123049254021819e-05
5.1276209021537195e-05
5.132234328174998e-05
5.136880969789691e-05
5.1415549392485716e-05
5.146251911749846e-05
5.1509684583955175e-05
5.155701644150938e-05
5.160448783557365e-05
5.165207290102204e-05
5.1699745809060974e-05
5.174748013749011e-05
5.179524842612852e-05
5.184302183368618e-05
5.1890769844661265e-05
5.193845999391887e-05
5.1986057587657435e-05
5.20335254057516e-05
5.2080823373768766e-05
5.212790819441977e-05
5.2174732928501594e-05
5.2221246514779435e-05
5.2267393217067386e-05
5.231311198493094e-05
5.235833571208642e-05
5.2402990373586604e-05
5.24469940192213e-05
5.2490255596103175e-05
5.253267356802351e-05
5.257413429269824e-05
5.261451011031946e-05
5.2653657087765416e-05
5.2691412352304795e-05
5.272759093675587e-05
5.27619820451836e-05
5.279434463521339e-05
5.282440220175723e-05
5.285183664116287e-05
5.287628107972528e-05
5.289731157995212e-05
5.291443770731325e-05
5.292709208537354e-05
5.2934620925867775e-05
5.293626710459352e-05
5.293117028356845e-05
5.291835743068901e-05
5.2896750836902956e-05
5.286519360580918e-05
5.282250705514912e-05
5.27675984083193e-05
5.269964137958765e-05
5.261835033768325e-05
5.25243509196389e-05
5.241960305747402e-05
5.2307750377224027e-05
5.219417949265029e-05
5.2085557532321214e-05
5.1988782557368025e-05
5.1909621369197185e-05
5.185158848661302e-05
5.181554675319718e-05
5.180009704627972e-05
5.180242461967982e-05
5.181917464092499e-05
5.184708768989555e-05
5.188334181251396e-05
5.1925665405428845e-05
5.1972315915885076e-05
5.202199930164623e-05
5.207377541803886e-05
5.2126971200625505e-05
5.2181109425959275e-05
5.2235853768014826e-05
5.2290967989757905e-05
5.234628635525635e-05
5.240169250954989e-05
5.245710456055536e-05
5.251246461335052e-05
5.256773146300036e-05
5.262287550821444e-05
5.267787521818553e-05
5.2732714681596146e-05
5.2787399203858495e-05
5.28418901607454e-05
5.28961903388195e-05
5.2950294568415626e-05
5.300418082040026e-05
5.3057874834213396e-05
5.3111362794582204e-05
5.3164640615188515e-05
5.3217707927545885e-05
5.3270556207588955e-05
5.332318452151273e-05
5.3375590379105334e-05
5.342777139979296e-05
5.3479725304576254e-05
5.3531449909253095e-05
5.358294311877229e-05
5.3634202922552834e-05
5.368522739058285e-05
5.373601467012651e-05
5.378656298289347e-05
5.3836870622557884e-05
5.388693595253814e-05
5.393675740397095e-05
5.398633347383397e-05
5.4035662723180214e-05
5.4084743775458845e-05
5.413357531490927e-05
5.418215608501231e-05
5.423048488699365e-05
5.4278560578374015e-05
5.4326382071547985e-05
5.43739483324411e-05
5.4421258379154545e-05
5.446831128068749e-05
5.4515106155683774e-05
5.456164217121532e-05
5.460791854160785e-05
5.4653934527306234e-05
5.469968943377423e-05
5.474518261043147e-05
5.479041344964055e-05
5.4835381385717745e-05
5.488008589399194e-05
5.49245264898977e-05
5.496870272810715e-05
5.501261420169821e-05
5.5056260541360536e-05
5.509964141463685e-05
5.51427565251993e-05
5.518560561216111e-05
5.522818844942212e-05
5.5270504845045506e-05
5.5312554640668966e-05
5.5354337710944454e-05
5.539585396301002e-05
5.5437103335988236e-05
5.54780858005142e-05
5.5518801358289926e-05
5.5559250041663204e-05
5.559943191323232e-05
5.563934706547245e-05
5.5678995620385673e-05
5.5718377729170714e-05
5.575749357191347e-05
5.579634335729468e-05
5.5834927322316965e-05
5.587324573204565e-05
5.591129887936771e-05
5.5949087084761815e-05
5.598661069608397e-05
5.6023870088363245e-05
5.6060865663608425e-05
5.609759785062666e-05
5.613406710484724e-05
5.617027390815814e-05
5.6206218768743515e-05
5.624190222093373e-05
5.627732482505579e-05
5.6312487167290435e-05
5.634738985953219e-05
5.638203353925283e-05
5.64164188693666e-05
5.645054368091962e-05
5.6484414279510595e-05
