0.005298534938189536
0.0053155420780887416
0.0053319794091712894
0.0053479230076779695
0.005363403393995882
0.005378431861041294
0.005393011656212385
0.00540714272367152
0.00542082371320003
0.005434052830949884
0.0054468282007657624
0.005459148019296665
0.005471010624452129
0.005482414527422094
0.005493358429201689
0.005503841230266525
0.0055138620369256895
0.005523420165774442
0.005532515146823253
0.005541146725550857
0.005549314864008778
0.005557019741065037
0.005564261751863554
0.005571041506573639
0.005577359828505281
0.005583217751660504
0.005588616517791921
0.00559355757080996
0.005598042561935956
0.005602073332346443
0.005605651917686119
0.0056087805413483965
0.005611461609764486
0.0056136977075489525
0.005615491592529704
0.005616846190689134
0.00561776459104011
0.0056182500404532475
0.0056183059384548335
0.005617935832006476
0.00561714341027993
0.005615932499436187
0.0056143070574177865
0.005612271168760341
0.005609829039431361
0.005606984991699176
0.005603743459037945
0.005600108981072518
0.00559608619856689
0.005591679848457906
0.005586894758939187
0.005581735844596328
0.005576208101596509
0.0055703166029346515
0.005564066493738339
0.005557462986634028
0.00555051135717583
0.005543216939338738
0.005535585121079683
0.0055276213399666424
0.005519331078877439
0.005510719861771958
0.005501793249536709
0.005492556835905031
0.005483016243454525
0.005473177119681012
0.00546304513315375
0.005452625969749459
0.005441925328969421
0.005430948920338151
0.0054197024598870635
0.0054081916667214945
0.005396422259674237
0.005384399954044424
0.005372130458423283
0.005359619471607575
0.005346872679599742
0.005333895752697215
0.0053206943426689374
0.005307274080020448
0.005293640571347733
0.005279799396779079
0.00526575610750517
0.005251516223397065
0.005237085230712075
0.0052224685798869346
0.00520767168341704
0.005192699913823318
0.005177558601702942
0.005162253033866342
0.005146788451557359
0.005131170048757252
0.005115402970570197
0.005099492311690803
0.005083443114951333
0.00506726036994771
0.005050949011744363
0.005034513919654515
0.0050179599160966384
0.005001291765524603
0.004984514173430287
0.004967631785417831
0.00495064918634715
0.004933570899294336
0.004916401386166563
0.004899145044215951
0.004881806208436997
0.004864389149460312
0.004846898073414221
0.004829337121513549
0.004811710369706009
0.004794021828373428
0.0047762754420879626
0.004758475089419449
0.0047406245827941885
0.0047227276684026044
0.0047047880261540855
0.004686809269677742
0.0046687949463672515
0.00465074853746837
0.004632673458207437
0.004614573057958881
0.0045964506204512375
0.004578309364008633
0.004560152441828034
0.004541982942288878
0.004523803889294962
0.004505618242646591
0.00448742889844206
0.004469238689506052
0.0044510503858442895
0.004432866695123707
0.0044146902631755445
0.004396523674520686
0.004378369452916219
0.004360230061921398
0.00434210790548262
0.004324005328535428
0.004305924617622996
0.0042878680015294175
0.004269837651927457
0.004251835684038932
0.004233864157307405
0.004215925076081893
0.004198020390310211
0.004180151996242002
0.004162321737139609
0.004144531403996701
0.004126782736263078
0.004109077422575275
0.004091417101492327
0.0040738033622356945
0.0040562377454324726
0.004038721743861495
0.004021256803201926
0.004003844322782647
0.003986485656333073
0.0039691821127342715
0.003951934956769242
0.003934745409873097
0.003917614650881465
0.0039005438167772615
0.003883534003434923
0.0038665862663624525
0.0038497016214396936
0.0038328810456534097
0.0038161254778284496
0.00379943581935421
0.003782812934907148
0.0037662576531678903
0.003749770767532651
0.003733353036820268
0.003717005185972314
0.003700727906747636
0.003684521858410514
0.003668387668412381
0.00365232593306649
0.003636337218216253
0.0036204220598955324
0.003604580964982967
0.0035888144118475895
0.0035731228509878117
0.003557506705662277
0.0035419663725131368
0.003526502222181194
0.0035111145999136267
0.0034958038261628794
0.0034805701971782573
0.0034654139855885015
0.003450335440977044
0.003435334790448082
0.00342041223918501
0.003405567971000338
0.0033908021488769174
0.0033761149155014645
0.003361506393789314
0.0033469766874006245
0.0033325258812487322
0.00331815404199972
0.0033038612185640236
