8.750677308581487
8.807050713518901
8.818120598279554
8.817201884087034
8.813708308842191
8.80971054450743
8.805655237995662
8.80163620626154
8.797670865163234
8.793760282389316
8.789902212754162
8.786093910186946
8.782332716875407
8.778616170713361
8.774942010133351
8.77130815872011
8.76771270733109
8.764153897361926
8.76063010574311
8.757139831612168
8.753681684487841
8.750254373767634
8.746856699386942
8.743487543497826
8.740145863043374
8.73683068311994
8.733541091033384
8.730276230967485
8.72703529919339
8.723817539757851
8.720622240595928
8.717448730020656
8.714296373548015
8.711164571020612
8.708052753998032
8.704960383385508
8.701886947276018
8.698831958983781
8.6957949552497
8.692775494601413
8.689773155852825
8.686787536729275
8.683818252606438
8.680864935352073
8.677927232260993
8.6750048050746
8.672097329077388
8.669204492263363
8.666325994566252
8.663461547147891
8.660610871739765
8.657773700033161
8.65494977311386
8.652138840937646
8.649340661843315
8.646555002100113
8.643781635486874
8.64102034290039
8.638270911990677
8.635533136821108
8.63280681755154
8.630091760142681
8.627387776080175
8.624694682116909
8.622012300032296
8.619340456407281
8.616678982414003
8.614027713619077
8.611386489799594
8.608755154770947
8.606133556225764
8.603521545583135
8.600918977847558
8.598325711476933
8.595741608259056
8.593166533196078
8.590600354396484
8.58804294297409
8.585494172953661
8.582953921182822
8.580422067249806
8.577898493406803
8.575383084498531
8.572875727895806
8.570376313433801
8.567884733354758
8.565400882254947
8.562924657035621
8.560455956857812
8.557994683100715
8.555540739323574
8.553094031230833
8.550654466640426
8.548221955455073
8.54579640963645
8.543377743182058
8.540965872104739
8.538560714414709
8.536162190103951
8.533770221132944
8.53138473141958
8.5290056468302
8.52663289517267
8.524266406191384
8.521906111564173
8.519551944900975
8.517203841744251
8.514861739571062
8.512525577796719
8.510195297779983
8.5078708428297
8.505552158212865
8.503239191164019
8.500931890895934
8.498630208611528
8.496334097516945
8.49404351283575
8.491758411824213
8.489478753787548
8.487204500097157
8.484935614208727
8.482672061681194
8.480413810196469
8.478160829579931
8.47591309182154
8.473670571097607
8.471433243793111
8.469201088524507
8.466974086162983
8.464752219858095
8.462535475061715
8.460323839552245
8.458117303459026
8.45591585928686
8.453719501940602
8.451528228749773
8.449342039493056
8.447160936422696
8.444984924288669
8.442814010362564
8.440648204461128
8.438487518969387
8.43633196886324
8.434181571731504
8.432036347797299
8.429896319938704
8.427761513708615
8.425631957353701
8.423507681832413
8.421388720831962
8.41927511078415
8.417166890880031
8.415064103083271
8.41296679214217
8.410875005600232
8.408788793805247
8.406708209916758
8.40463330991187
8.402564152589326
8.40050079957175
8.398443315306025
8.396391767061697
8.394346224927334
8.392306761804836
8.390273453401528
8.38824637822008
8.386225617546101
8.384211255433426
8.38220337868699
8.380202076843254
8.37820744214816
8.376219569532513
8.374238556584823
8.372264503521505
8.370297513154455
8.368337690855931
8.366385144520752
8.364439984525776
8.362502323686655
8.360572277211839
8.35864996265385
8.356735499857805
8.354829010907217
8.352930620067056
8.35104045372412
8.349158640324733
8.34728531030977
8.345420596047077
8.343564631761344
8.341717553461402
8.339879498865102
8.33805060732176
8.336231031701004
8.334420880396447
8.332620315529567
8.330829508853387
8.329048576146517
8.327277670648574
8.325516942042103
8.323766539919246
