2853398.4000000004
108301.196831961
108570.422438279
108804.75638979967
109008.55530389286
109184.09417572255
109333.31836709882
109457.97218195701
109560.19254099314
109641.3725951417
109703.27438324716
109747.46800007843
109775.43861743252
109788.58516187193
109788.22053033534
109775.57300292574
109751.78856866425
109717.93392397647
109674.99994388074
109623.90546189428
109565.50122671576
109500.5739298915
109429.8502246315
109354.00067232139
109273.643572035
109189.34864036723
109101.64051988281
109011.00210287387
108917.87766371478
108822.67579812412
108725.77217146014
108627.51208089099
108528.21283828217
108428.16598191428
108327.57846363024
108226.87899283148
108126.11060988554
108025.54178310002
107925.36301052642
107825.74920762243
107726.86097842008
107628.84578768171
107531.8390406816
107435.9650780667
107341.3380924043
107248.06297257022
107156.23608165527
107065.94597364917
106977.27405378314
106890.29518701359
106805.07825880739
106721.6866920481
106640.17892359
106560.6088437173
106483.02620148678
106407.47697871499
106334.00373516374
106262.64592722883
106193.44020231864
106126.42067088242
106061.61915792634
105999.06543570291
105938.78743911379
105880.81146527594
105825.16235856232
105771.86368232947
105720.93787847858
105672.4064158726
105626.28992857695
105582.60834482248
105541.38100750385
105502.62678698845
105466.36418694191
105432.61144382112
105401.38662067227
105372.70769578233
105346.59264672922
105323.05953033645
105302.12655899274
105283.81217378104
105268.13511484282
105255.11448935464
105244.7741723128
105237.12542229755
105232.19328165827
105229.99882409441
105230.56425513951
105233.91206503825
105240.06571426442
105249.04952063566
105260.88887559237
105275.60975527565
105293.23634241962
105313.80366993239
105337.33798966897
105363.87017170328
105393.43241642052
105426.05832946261
105461.78299973934
105500.64308102569
105542.67687757497
105587.92443419156
105636.42763123287
105688.23028505717
105743.37825447306
105801.91955377914
105863.90447306517
105929.38570647684
105998.41848922562
106071.06074421522
106147.37323922181
106227.41975568156
106311.2672702471
106398.98615039862
106490.65036554905
106586.33771525037
106686.1300762825
106790.11367065411
106898.37935676183
107011.02294626995
107128.14554958632
107249.85395319802
107376.26103258827
107507.48620493503
107643.65592644202
107784.90423980831
107931.3733782011
108083.21443303404
108240.58809402621
108403.66547134634
108572.62901127161
108747.67351871279
108929.00730226714
109116.85346024724
109311.45132949443
109513.05812290794
109721.95078662207
109938.42811396293
110162.81316094226
110395.45601759186
110636.73700138254
110887.07035403604
111146.90854227956
111416.74728765193
111697.13148237216
111988.66218984658
112292.00498323183
112607.89994859476
112937.17377777382
113280.7545106424
113639.68967279307
114015.16881640587
114408.55184590175
114821.40505355109
115255.54759662293
115713.11237089065
116196.62713779019
116709.12480632568
117254.296799878
117836.71206161995
118462.1396920713
119138.04230439618
119874.36546512437
120684.98202016155
121589.76223127746
122619.97526056245
123829.30177274582
125326.57485798991
127417.61984677038
116012.13909858158
116176.74617819999
116342.95162750845
116510.84586877297
116680.42553580283
116851.6910495536
117024.6431533328
117199.28244699398
117375.60934828127
117553.6241126136
117733.3268586093
117914.71759203913
118097.79622740483
118282.56260725643
118469.01651943088
118657.15771246435
118846.9859093258
119038.50081967434
119231.70215077951
119426.58961724918
119623.162949693
119821.42190242346
120021.36626031637
120222.99584489812
120426.31051975857
120631.31019536065
120837.99483330453
121046.36445011666
121256.4191206091
121468.15898086129
121681.58423086375
