216.84804522900004
212.8233999590261
212.75317607777902
212.6830148260729
212.61270382385135
212.54219861390803
212.47147411474404
212.4005080901286
212.32927929302775
212.25776723656276
212.18595214634965
212.11381493416582
212.04133717520958
211.96850108697032
211.895289509457
211.82168588673588
211.7476742497412
211.67323920033286
211.59836589657016
211.5230400391773
211.44724785916998
211.37097610662195
211.2942120405413
211.21694341983581
211.13915849534004
211.06084600288256
210.9819951573693
210.90259564786044
210.8226376336173
210.74211174109828
210.6610090618813
210.57932115149038
210.49704002910417
210.4141581781249
210.33066854758482
210.2465645543678
210.16184008622238
210.07648950554386
209.99050765390018
209.90388985727688
209.81663193201538
209.72873019141872
209.64018145299553
209.5509830463143
209.4611328214368
209.37062915789994
209.27947097421324
209.18765773783383
209.09518947558655
209.00206678448902
208.9082908429391
208.8138634222262
208.7187868983182
208.62306426387946
208.52669914046933
208.42969579087082
208.33205913149354
208.23379474479646
208.13490889167076
208.03540852372157
207.9353012953839
207.83459557580684
207.73330046043762
207.63142578223645
207.5289821224358
207.42598082081074
207.32243398528954
207.21835450096293
207.11375603827636
207.0086530604091
206.90306082972037
206.79699541318678
206.69047368674822
206.58351333846932
206.4761328704401
206.36835159932323
206.2601896554694
206.151667980516
206.04280832338816
205.9336332346264
205.82416605896293
205.71443092607723
205.60445273946232
205.49425716333914
205.38387060756122
205.2733202104597
205.16263381958095
205.05183997028175
204.9409678621503
204.83004733323114
204.7191088320435
204.60818338738716
204.4973025759439
204.3864984876925
204.27580368916423
204.1652511845796
204.05487437491774
203.94470701498034
203.8347831685277
203.7251371615734
203.61580353393717
203.50681698917018
203.39821234297486
203.29002447025795
203.1822882509623
203.0750385148374
202.96830998531948
202.8621372226971
202.7565545667547
202.65159607908643
202.54729548528798
202.44368611723425
202.34080085565853
202.2386720732516
202.1373315785035
202.03681056050843
201.93713953495592
201.83834900951186
201.74046657395655
201.6435211192072
201.54753995858002
201.4525494872821
201.35857513997448
201.26564135093085
201.1737715169618
201.08298796325388
200.99331191225997
200.90476345576008
200.8173615301939
200.73112389534796
200.64606711646533
200.56220654982067
200.47955633178776
200.3981293714062
200.31793734643213
200.44713773691512
200.18356972526584
199.92457811177047
199.6704029536705
199.42118780577636
199.17702424793436
198.93796382624376
198.70402582028927
198.4752035536087
198.25146960607634
198.03278009335443
197.8190781611199
197.61029682803218
197.40636129371075
197.20719080967032
197.01270019427315
196.82280105807422
196.63740279357648
196.45641337321607
196.27973999105197
196.1072895768769
195.9389692059917
195.77468642345576
195.61434949805252
195.4578676183069
195.30515104053316
195.15611119696132
195.0106607704227
194.86871374074298
194.73018540692476
194.59499238824702
194.4702091485676
194.35752882471223
194.24817871347128
194.14206635791996
194.03910037432624
193.9391934887636
193.8422603774886
193.74821787238022
193.65698501664983
193.5684829847815
193.48263499715597
193.39936622894206
193.31860371262204
193.2402762333205
193.16431421584585
193.0906496021147
193.01921571734638
192.94994712316682
192.88277945554609
192.81764924539223
192.75449371984288
192.69325058300655
192.63385777679665
192.57625322638714
192.5203745827474
192.46615899013727
192.41354293642556
192.36246230254636
192.3128528428954
192.26465156157693
192.21779993404823
192.17225097006494
192.12798448452523
192.08504065051574
