-5.296825854722036
-1.9084577549220585
-2.013650048953226
-2.1181507421869172
-2.2219892270766173
-2.3251748169323663
-2.4277154229434905
-2.5296185438874033
-2.630901385170493
-2.7315714982899864
-2.8316456415971563
-2.9311401540197064
-3.030072573786423
-3.128461400070981
-3.2263258578655214
-3.3236856732207447
-3.4205608633485665
-3.516971544702227
-3.6129377609721973
-3.708479331931485
-3.8036157232732246
-3.898365936916096
-3.9927484208416533
-4.086780997110408
-4.1804808065541925
-4.27386426848025
-4.366947053694322
-4.459744069162561
-4.552269452692247
-4.644536576108063
-4.7365580555075635
-4.828345767314979
-4.9199108689738855
-5.01126382325694
-5.102442068399703
-5.1933718436341545
-5.2841446020922485
-5.374740683107518
-5.465167511388012
-5.555431996232502
-5.645540562401208
-5.735499180081655
-5.825313393937259
-5.914988351108573
-6.004528828069532
-6.093939256264954
-6.183223746484377
-6.272386111953751
-6.3614298901409745
-6.450358363290663
-6.539174577712171
-6.6278813618574715
-6.716481343229943
-6.80497696417056
-6.893370496574494
-6.981664055588995
-7.06985961234619
-7.157959005788097
-7.245963953633647
-7.333876062543551
-7.421696837532795
-7.509427690680688
-7.597069949187355
-7.684624862819775
-7.77209361079272
-7.859477308125462
-7.946777011511976
-8.033993724741674
-8.121128403706404
-8.208181961023486
-8.295155270306083
-8.382049170110493
-8.468864467583181
-8.55560194183688
-8.64226234707281
-8.728846415475807
-8.815354859897942
-8.901788376351988
-8.988147646328317
-9.074433338956034
-9.160646113017034
-9.24678661883336
-9.332855514973803
-9.418853410369357
-9.504780954895349
-9.590638781881317
-9.676427523589025
-9.76214781354039
-9.847800287168795
-9.933385583228485
-10.018904344760333
-10.10435722105946
-10.189744850025237
-10.27506793023393
-10.360327117064664
-10.445523093334536
-10.530656553098435
-10.615728202753786
-10.700738762158146
-10.785688965766672
-10.870579563793298
-10.955411323403986
-11.04018502994845
-11.12490148823589
-11.209561523863702
-11.294165984606941
-11.378715741874787
-11.463211692244704
-11.547654759082922
-11.632045894261111
-11.71638607998137
-11.800676330719895
-11.884917695304026
-11.969111259136534
-12.05325814658317
-12.137359523541615
-12.221416600211292
-12.30543063408665
-12.389402933198031
-12.473334859628773
-12.557227833338779
-12.641083336332471
-12.724902917207006
-12.808688196132026
-12.892440870307981
-12.976162719965812
-13.059855614975259
-13.14352152214106
-13.227162513277621
-13.310780774167547
-13.394378614527184
-13.477958479122748
-13.56152296020366
-13.645074811452051
-13.72861696368137
-13.812152542561476
-13.895684888702077
-13.979217580489468
-14.06275446015664
-14.146299663664855
-14.229857655105361
-14.313433266485447
-14.397031743974157
-14.480658801936622
-14.564320686430444
-14.648024250277283
-14.731777042402216
-14.815587414913079
-14.899464652434826
-14.983419129638651
-15.067462504882775
-15.151607960649065
-15.235870505417235
-15.320267357366356
-15.404818438815477
-15.489547023242453
-15.574480596802392
-15.659652028393507
-15.745101195357758
-15.830877302801825
-15.917042297174408
-16.00367608097819
-16.09088484857255
-16.178817797719248
-16.267683610171225
-16.357814853497803
-16.449779187597645
-16.544725757933556
-16.645872554376275
-16.363383922218336
-16.441050444285416
-16.51864305046192
-16.59615730800469
-16.673592625331416
-16.750948964336647
-16.82822636809055
-16.905424893102136
-16.982544599573703
-17.05958554995973
-17.13654780870846
-17.21343144216826
-17.29023651851274
-17.36696310766682
-17.44361128122996
-17.520181112398518
-17.596672675887593
-17.67308604785289
-17.749421305813193
-17.82567852857438
-17.901857796154427
-17.977959189710873
-18.053982791469885
-18.129928684657806
-18.205796953434863
-18.281587682831837
-18.357300958688597
-18.4329368675956
-18.508495496837668
-18.583976934340534
-18.659381268619377
