11.3
11.27597789773459
11.251955210344532
11.227932968963312
11.203912186408482
11.179893856193482
11.155878952200313
11.131868428751106
11.107863220905768
11.083864244883264
11.059872398546018
11.035888561911754
11.011913597671874
10.987948351704167
10.963993653572828
10.940050317011748
10.916119140388862
10.892200907150295
10.868296386243673
10.844406332520215
10.820531487115437
10.796672577808248
10.772830319358302
10.749005413821317
10.725198550842066
10.701410407924559
10.67764165067885
10.653892933043718
10.630164897484288
10.606458175163484
10.58277338608588
10.559111139212346
10.535472032543453
10.51185665316929
10.48826557728287
10.464699370153793
10.441158586058185
10.417643768160247
10.394155448339836
10.370694146959499
10.347260372563106
10.323854621496803
10.300477377441183
10.277129110841503
10.25381027822022
10.23052132135309
10.207262666286525
10.184034722169676
10.160837879869797
10.137672510333996
10.114538962654395
10.091437561787714
10.068368605932058
10.045332363198616
10.022329068168167
9.99935891761525
9.97642206573875
9.953518618878078
9.930648629879464
9.907812092465432
9.885008936249031
9.862239023429886
9.839502148662088
9.816798043928367
9.794126390161862
9.771486836405952
9.748879025301846
9.726302621169594
9.703757335259217
9.681242943226156
9.658759292514967
9.636306300778276
9.613883947170386
9.59149226237828
9.56913131729777
9.546801213228736
9.524502073891426
9.502234039277075
9.479997261062143
9.457791899255637
9.435618119790687
9.413476092816678
9.391365991493204
9.36928799113735
9.347242268619508
9.325229001932403
9.303248369881008
9.281300551856175
9.25938572766649
9.237504077410511
9.215655781377084
9.19384101996524
9.172059973595294
9.150312822700002
9.128599747648565
9.106920928701705
9.085276545993123
9.063666779442084
9.042091808743516
9.020551813332183
8.999046972339249
8.977577464578676
8.956143468504411
8.934745162178938
8.913382723242346
8.892056328881994
8.870766155802686
8.849512380197341
8.828295177718113
8.807114723447938
8.785971191872498
8.764864756852555
8.743795591596681
8.722763868634328
8.701769759789247
8.680813436153244
8.65989506806024
8.639014825060663
8.618172875896109
8.597369388474313
8.57660452984439
8.555878466172347
8.535191362716848
8.51454338380525
8.493934692809866
8.47336545212448
8.452835823141085
8.432345966226857
8.411896040701341
8.391486204813857
8.371116615721107
8.350787429464999
8.330498800950666
8.310250883924681
8.290043830953463
8.26987779340188
8.249752921412028
8.229669363882204
8.209627268446052
8.189626781451894
8.169668047942235
8.149751211633442
8.1298764148956
8.110043798732539
8.090253502762032
8.070505665196167
8.050800422821888
8.031137910981704
8.011518263554573
7.991941612936951
7.972408090024018
7.952917824191072
7.933470943275092
7.914067573556479
7.894707839740972
7.875391864941735
7.856119770661619
7.836891676775611
7.8177077015134575
7.798567961442466
7.7794725714504995
7.760421644729148
7.741415292757098
7.722453625283679
7.70353675031262
7.684664774085986
7.665837801068325
7.647055933931007
7.628319273536773
7.60962791892449
7.590981967294114
7.572381513991872
7.55382665249565
7.535317474400616
7.516854071394617
7.498436529286123
