1.4938
1.500685332071093
1.5019636825173868
1.5022114347411484
1.5022341434536017
1.5022092904870399
1.5021753824057047
1.5021407011390422
1.5021069632269588
1.50207446359118
1.5020431942844508
1.5020130875275186
1.5019840680793926
1.5019560641032117
1.501929009035291
1.5019028415442506
1.5018775051221855
1.501852947639458
1.5018291209306174
1.5018059804217077
1.5017834847971534
1.5017615957022517
1.5017402774772388
1.5017194969192724
1.5016992230690793
1.501679427019429
1.5016600817429233
1.501641161936914
1.5016226438836209
1.5016045053237659
1.501586725342234
1.5015692842644621
1.5015521635624045
1.501535345769061
1.5015188144006804
1.5015025538858424
1.501486549500724
1.5014707873099316
1.5014552541123454
1.5014399373914886
1.501424825269992
1.5014099064677575
1.501395170263476
1.5013806064592072
1.5013662053477108
1.501351957682312
1.5013378546490659
1.5013238878410167
1.5013100492343785
1.5012963311664704
1.5012827263152633
1.5012692276803998
1.5012558285655746
1.50124252256216
1.5012293035339825
1.5012161656031597
1.5012031031369129
1.5011901107352896
1.5011771832197198
1.5011643156223464
1.501151503176082
1.5011387413053265
1.5011260256173127
1.5011133518940265
1.5011007160846683
1.501088114298618
1.50107554279887
1.501062997995907
1.5010504764419885
1.501037974825822
1.5010254899676005
1.5010130188143778
1.501000558435765
1.5009881060199315
1.5009756588698866
1.5009632144000329
1.5009507701329745
1.500938323696564
1.5009258728211776
1.5009134153372075
1.5009009491727603
1.5008884723515488
1.5008759829909715
1.5008634793003688
1.5008509595794475
1.5008384222168687
1.5008258656889872
1.5008132885587413
1.500800689474683
1.500788067170143
1.5007754204625265
1.5007627482527346
1.5007500495247028
1.5007373233450594
1.5007245688628899
1.500711785309611
1.5006989719989459
1.500686128326999
1.5006732537724252
1.5006603478966902
1.50064741034442
1.5006344408438328
1.500621439207254
1.5006084053317081
1.5005953391995854
1.5005822408793794
1.5005691105264947
1.5005559483841175
1.5005427547841494
1.5005295301481987
1.5005162749886285
1.5005029899096562
1.5004896756085015
1.5004763328765796
1.5004629626007369
1.500449565764524
1.5004361434495033
1.5004226968365877
1.5004092272074048
1.5003957359456845
1.5003822245386653
1.5003686945785117
1.5003551477637451
1.5003415859006755
1.5003280109048354
1.5003144248024058
1.5003008297316356
1.500287227944239
1.5002736218067765
1.5002600138020048
1.500246406530195
1.500232802710408
1.5002192051817254
1.500205616904427
1.5001920409611056
1.5001784805577156
1.5001649390245466
1.5001514198171124
1.500137926516951
1.5001244628323238
1.5001110325988078
1.5000976397797716
1.500084288466726
1.5000709828795402
1.5000577273665148
1.5000445264043007
1.500031384597656
1.5000183066790291
1.5000052975079592
1.499992362070283
1.4999795054771385
1.4999667329637525
1.4999540498880048
1.499941461728755
1.4999289740839234
1.4999165926683125
1.4999043233111617
1.49989217195342
1.4998801446447287
1.4998682475401024
1.499856486896297
1.4998448690678543
1.4998334005028136
1.4998220877380775
1.4998109373944253
1.4997999561711617
1.4997891508403922
1.4997785282409168
1.4997680952717343
1.4997578588851455
1.4997478260794554
1.49973800389126
1.4997283993873172
1.4997190196559962
1.4997098717982997
1.4997009629184594
1.499692300114099
1.4996838904659677
1.4996757410272479
1.4996678588124297
1.4996602507857697
1.499652923849328
1.4996458848306007
1.4996391404697509
1.4996326974064538
1.4996265621663682
1.4996207411472533
1.4996152406047452
1.4996100666378194
1.499605225173961
1.4996007219540697
1.49959656251713
1.4995927533035067
1.4995892962609771
1.4995861978756948
1.4995834652198545
1.4995810997956054
1.4995791061272192
1.49957748801343
1.4995762488323308
