0.0517649651379142
0.05388557811283609
0.054495942757437625
0.05459785936596345
0.05446599499780615
0.054189615104388494
0.05380869930353471
0.053346679860113246
0.05281943859725089
0.05223849851246106
0.05161257324607084
0.05094847664383218
0.050251709632023585
0.04952685299199223
0.04877783405849476
0.048008108876504293
0.04722078684362125
0.04641871591996108
0.045604540667812186
0.04478074150136494
0.04394966090164755
0.043113520557316515
0.042274432209527014
0.04143440405729025
0.04059534411009619
