-167.51412351214023
-139.03672305782214
-87.663322639467
-72.76055807478676
-89.819081741815
-74.54983813672025
-91.01034758260202
-75.53858878843319
-91.62871511483218
-76.05183384218773
-91.89230516340697
-76.27061358335885
-91.94580929259932
-76.31502201076184
-91.8701002424376
-76.25218349888232
-91.70835354318515
-76.11793373797875
-91.48366940020432
-75.93144589857667
-91.20889287041912
-75.70338137796466
-90.89162852141781
-75.44005196726566
-90.53677301989323
-75.14552189985051
-90.14779218858511
-74.82266780860448
-89.72737423425929
-74.47372090515188
-89.27777219315738
-74.10055120958059
-88.8009894071654
-73.70482149566249
-88.29888383092495
-73.28807386575609
-87.77322894983104
-72.85178031274502
-87.22575049827367
-72.39737319617856
-86.65814898508515
-71.92626393839308
-86.07211342130537
-71.4398544185571
-85.46932927437048
-70.9395435746481
-84.85148241764402
-70.42673068156336
-84.22026015745514
-69.90281620356141
-167.51412351214023
-139.03672305782214
-87.663322639467
-72.76055807478676
-89.819081741815
-74.54983813672025
-91.01034758260202
-75.53858878843319
-91.62871511483218
-76.05183384218773
-91.89230516340697
-76.27061358335885
-91.94580929259932
-76.31502201076184
-91.8701002424376
-76.25218349888232
-91.70835354318515
-76.11793373797875
-91.48366940020432
-75.93144589857667
-91.20889287041912
-75.70338137796466
-90.89162852141781
-75.44005196726566
-90.53677301989323
-75.14552189985051
-90.14779218858511
-74.82266780860448
-89.72737423425929
-74.47372090515188
-89.27777219315738
-74.10055120958059
-88.8009894071654
-73.70482149566249
-88.29888383092495
-73.28807386575609
-87.77322894983104
-72.85178031274502
-87.22575049827367
-72.39737319617856
-86.65814898508515
-71.92626393839308
-86.07211342130537
-71.4398544185571
-85.46932927437048
-70.9395435746481
-84.85148241764402
-70.42673068156336
-84.22026015745514
-69.90281620356141
