310.11821373474686
310.28324553159155
310.6007188630472
311.05572240137946
311.63667054329204
312.3338221253974
313.138601859937
314.04326954311114
315.04074308926414
316.12449210990405
317.2884658363991
318.52703931328955
319.8349704603668
321.2073643849724
322.6396430129871
324.1275188874611
325.66697236684126
327.25423165943573
328.8857552523636
330.55821637385304
332.2684891864417
334.01363645441023
335.79089846612857
337.5976830233654
339.43155633641965
341.2902346871106
343.1715767418331
345.07357641492916
346.9943561942017
348.9321608672595
350.88535157622755
352.85240016021055
354.83188374345815
356.82247953708685
358.8229598289334
360.8321871418675
362.8491095457555
364.8727561123444
366.90223250569545
368.9367167035245
370.9754548469634
373.01775721792336
375.06299434445975
377.1105932353955
379.16003374596994
381.21084507654194
383.26260240639294
385.31492366451033
387.3674664389305
389.41992502579404
391.47202761876827
393.52353363893445
395.5742312046588
397.6239347403657
399.67248272255085
401.7197355608037
403.7655736110808
405.80989531797945
407.85261548231983
409.89366364995664
411.932982617406
413.9705270495992
416.00626220485043
418.0401627619646
420.0722117442929
422.1023995354851
424.13072298166793
426.15718457480097
428.181791712029
430.20455602594393
432.22549278079117
434.2446203298145
436.2619596290951
438.2775338034367
440.2913677600458
442.30348784596936
444.31392154546967
446.3226972137337
448.32984384354785
450.33539086177467
452.3393679526989
454.3418049055167
456.3427314834523
458.3421773121821
460.34017178544127
462.33674398586624
464.33192261930236
466.3257359609649
468.31821181199774
470.30937746511313
472.29925967813125
474.28788465435764
476.27527802885385
478.2614648597554
480.24646962389136
482.2303162160417
484.21302795124996
486.1946275696813
488.17513724357474
490.154578585902
492.1329726603956
494.11033999264856
496.0867005820423
498.06207392666926
500.036478984456
502.00993426797646
503.98245780055584
505.95406714482056
507.9247794160463
509.89461129537676
511.8635790428493
513.8316985101869
515.7989851533122
517.7654540445625
519.7311198845796
521.6959970138638
523.6600994239793
525.6234407684102
527.5860343730615
529.547893246409
531.5090300893014
533.4694573044214
535.4291870054109
537.3882310256702
539.346600926839
541.3043080069724
543.261363308416
545.2177776253961
547.1735615113325
549.1287252858838
551.0832790417397
553.0372326511629
554.9905957722975
556.9433778552508
558.8955881479568
560.8472357018313
562.7983293772281
564.7488778487036
566.6988896100961
568.6483729794322
570.5973361036629
572.5457869632381
574.4937333765274
576.44118300409
578.3881433528059
580.3346217798661
582.2806254966358
584.2261615723884
586.1712369379205
588.1158583890506
590.060032590006
592.0037660767022
593.9470652599207
595.8899364283869
597.8323857517516
599.7744192834824
601.7160429636679
603.6572626217335
605.5980839790791
607.5385126516363
609.4785541523502
611.4182138935861
613.3574971894706
615.2964092581586
617.23495522404
619.1731401198797
621.1109688888974
623.0484463867913
624.9855773836987
626.9223665661077
628.8588185387144
630.7949378262258
632.7307288751165
634.6661960553356
636.6013436619697
638.5361759168565
640.4706969701607
642.4049109019029
644.3388217234531
646.2724333789781
648.2057497468593
650.1387746410651
652.0715118124955
654.0039649502854
655.9361376830798
657.8680335802732
659.799656153219
661.7310088564069
663.6620950886147
665.5929181940263
667.5234814633253
669.4537881347608
671.383841395187
673.3136443810776
675.243200179515
677.1725118291556
679.101582321174
681.0304146001812
682.959011565124
684.887376070161
