0.022012569522984343
0.022012569522984343
0.02276978375745877
0.02314521004612559
0.02351852691678387
0.02388974268517516
0.024258865639109638
0.02462590403854817
0.02499086611568412
0.025353760075024778
0.025714594093472813
0.026073376320407394
0.02643011487776515
0.02678481786012115
0.027137493334769183
0.02748814934180231
0.027836793894193065
0.02818343497787348
0.028528080551814806
0.028870738548107275
0.029211416872039347
0.029550123402177268
0.029886865990443726
0.030221652462196928
0.030554490616309268
