144.72603281670513
143.5625415448785
142.42359490955099
141.30877665524383
140.21720596456643
139.14810601833162
138.1007032132308
137.07425985771818
136.06808023457978
135.08151234366886
134.11394719417135
133.16481676727722
132.2335913138093
131.31977638454893
130.42290982421216
129.5425588628087
128.67831737411942
127.8298033377909
126.996656515152
126.17853633922174
125.37512000925676
124.58610077682116
123.81118640879826
123.05009781219749
122.30256780542997
121.56834002128818
120.84716792882692
120.13881396113526
119.44304873836904
118.75965037516373
118.08840386379775
117.42910052419373
116.78153751398388
116.14551739146756
115.52084772610331
114.90734075102303
114.30481305260587
113.71308529329588
113.13198196395993
112.56133116254671
112.00096439559319
111.45071640072588
110.91042498715186
110.37993089271566
109.85907765522707
109.34771149663946
108.84568121860046
108.35283810809514
107.86903585199569
107.3941304597354
106.92798019277208
106.47044550045615
106.02138896140032
105.58067522975692
105.14817098584372
104.72374489062153
104.30726754362396
103.8986114437483
103.49765095294468
103.10426226212662
102.71832335920517
102.3397139989717
101.96831567461469
101.6040115906799
101.24668663730674
100.89622736559116
100.55252196394447
100.21546023533169
99.8849335752557
99.56083495055437
99.24305887862008
98.93150140727876
98.62606009514734
98.32663399229082
98.03312362141783
97.74543095943837
97.46345941900084
97.18711383079145
96.91630042557733
96.65092681688031
96.39090198363192
96.13613625300366
95.88654128353072
95.6420300483134
95.40251681838535
95.16791714619775
94.93814784933315
94.71312699421406
94.49277388001961
94.27700902270468
94.06575413913798
93.85893213135769
93.65646707094368
93.45828418350588
93.26430983328864
93.0744715078917
92.88869780310827
92.70691840788128
92.52906408937886
92.3550666781906
92.18485905364558
92.01837512927096
91.85554983831064
91.69631911946489
91.54061990269796
91.38839009518978
91.23956856741961
91.09409513938245
90.95191056693996
90.8129565283075
90.67717561067806
90.54451129698491
90.41490795280363
90.288310813395
90.16466597088936
90.04392036160164
89.92602175353618
89.81091873396713
89.69856069720764
89.58889783251358
89.4818811121322
89.37746227949654
89.27559383756565
89.17622903731055
89.07932186634623
88.98482703770925
88.89269997878127
88.80289682035729
88.71537438585987
88.63009018069715
88.54700238176541
88.46606982709517
88.3872520056404
87.05393188836011
85.78443820522145
84.57548187607233
83.42396004150714
82.32694583018606
81.28167846692786
80.28555376696502
79.33611504513414
78.43104445582131
77.56815476956852
76.74538158474276
75.96077596692395
75.21249750574172
74.49880777312407
73.81806416895198
73.16871413584526
72.54928972539372
71.95840249768627
71.3947387360676
70.85705495935447
70.34417371422381
69.85497963108284
69.38841572740711
68.94347994326348
68.51922189449056
68.11473982977446
67.72917777862124
67.36172287797336
67.01160286594956
66.67808373188588
66.36046751253048
66.05809022488872
65.77031992682078
65.49655489707534
65.23622192698456
64.9887747165601
64.75369236821088
64.53047797175537
64.31865727482474
64.11777743320296
63.92740583569265
63.747128999268
63.57655152948575
63.41529514226868
63.26299774311648
63.119312560117066
62.98390732737532
62.856463515702984
62.736675607624555
62.62425040345739
62.518906408895894
62.42037319464764
62.32839084276693
62.242709378742745
62.163088287914725
62.08929602389269
62.02110955303283
61.95831392412357
61.90070186179068
61.84807338222676
61.800235429939775
61.75700153429662
61.71819148471522
61.6836310234268
61.65315155479436
61.62658987022756
61.60378788778022
