6.814144521548175
6.788680156613421
6.775804191977452
6.765353683545233
6.7554270139842485
6.745609356234777
6.73580658724621
6.7259949037654465
6.716166089717498
6.706315513224039
6.696439480093252
6.686534639579045
6.676597841786093
6.666626095486041
6.656616549089374
6.6465664776715885
6.636473272184131
6.626334429903807
6.616147545829404
6.605910304888678
6.595620474861558
6.585275899942506
6.574874494875221
6.56441423960112
6.553893174369704
6.5433093952649015
6.532661050106684
6.521946334691797
6.5111634893413575
6.500310795726745
6.489386573948114
6.47838917984277
6.4673170025029085
6.456168461984501
6.444942007190803
6.433636113915921
6.422249283035034
6.410780038829481
6.399226927435915
6.387588515409912
6.375863388395211
6.364050149890816
6.35214742011049
6.340153834916234
6.328068044854688
6.315888714235556
6.303614520299923
6.291244152444868
6.278776311508989
6.266209709114299
6.253543067061327
6.240775116774363
6.227904598794223
6.214930262316067
6.201850864770105
6.188665171443165
6.175371955139308
6.161969995877903
6.14845808062765
6.134835003075224
6.121099563427365
6.107250568245336
6.09328683031079
6.079207168522192
6.065010407821083
6.050695379147452
6.036260919423701
6.0217058715666845
6.007029084527362
5.992229413357789
5.977305719305012
5.962256869931784
5.947081739263777
5.931779207963265
5.916348163529112
5.900787500523067
5.885096120822373
5.869272933898669
5.85331685712334
5.837226816099362
5.821001745019824
5.8046405870532665
5.78814229475605
5.771505830511991
5.754730166999478
5.737814287686378
5.720757187352997
5.7035578726434
5.686215362645439
5.66872868949981
5.651096899038508
5.633319051453006
5.6153942219926
5.597321501693235
5.579099998137243
5.560728836244367
5.542207159094481
5.523534128782388
5.504708927305094
5.485730757481981
5.466598843908201
5.447312433941752
5.427870798724528
5.408273234237771
5.3885190623922234
5.368607632153315
5.348538320701726
5.328310534629569
5.307923711172496
5.2873773194779226
5.266670861909626
5.245803875388834
5.224775932772006
5.2035866442653385
5.182235658876107
5.160722665900802
5.139047396450083
5.11720962501037
5.095209171042012
5.073045900613755
5.050719728073255
5.028230617753299
5.005578585713288
4.98276370151551
4.959786090035593
4.9366459333065045
4.913343472395291
4.889879009311748
4.866252908948029
4.842465601048119
4.818517582206043
4.794409417891452
4.770141744501213
4.745715271435434
4.7211307831962515
4.696389141507573
4.671491287453791
4.646438243635369
4.621231116339034
4.595871097720156
4.570359467994684
4.544697597637935
4.51888694958723
4.492929081445297
4.466825647681115
4.440578401824699
4.414189198652117
4.387659996356845
4.3609928587033595
4.334189957158635
4.307253572997024
4.280186099373761
4.252990043362136
4.225668027949123
4.198222793984058
4.170657202074721
4.142974234424921
4.115176996607518
4.087268719266508
4.059252759741631
4.031132603608696
4.002911866128611
3.9745942935979075
3.9461837645932305
3.9176842911022294
3.8891000195328997
3.860435231593335
3.831694345033659
3.802881914241657
3.7740026306835657
3.7450613231812477
3.716062958016869
3.6870126388561175
3.657915606480836
3.6287772383219448
3.5996030477834102
3.5703986833480506
3.541169927455949
3.5119226951462617
3.4826630324533485
3.453397114548187
3.4241312436162437
3.394871846463129
3.365625471839623
3.3363987874779633
3.3071985768315937
3.2780317355110005
3.248905267408717
3.2198262805070956
3.1908019823630136
3.161839675264364
3.132946751053909
3.104130685616799
3.075399054177138
3.046759443006067
3.018219539969196
2.9897871354235965
2.9614700145167863
2.9332760212989535
2.905213036806167
