1540.2128354712127
1267.031537303881
1268.7171914819733
1270.3135613944687
1271.8339811228689
1273.292957793404
1274.7030963499953
1276.074858999794
1277.4168562060422
1278.73617391934
1280.0386528050947
1281.3291147833866
1282.6115453269151
1283.8892404189235
1285.1649255104571
1286.4408522489628
1287.7188774830079
1289.0005280661694
1290.2870542278288
1291.579473696178
1292.8786083075158
1294.1851144846087
1295.499508691926
1296.8221887593172
1298.1534517947625
1299.4935092711219
1300.8424997635354
1302.2004997274473
1303.5675326373662
1304.9435767502446
1306.3285717115473
1307.722424184966
1309.125012656301
1310.5361915371748
1311.955794673716
1313.3836383484797
1314.8195238498724
1316.2632396717247
1317.7145633960297
1319.173263303725
1320.6390997517049
1322.111826348545
1323.591190956638
1325.0769365444717
1326.568801909289
1328.0665222875887
1329.5698298683958
1331.078454222196
1332.592122656628
1334.1105605085493
1335.6334913807339
1337.160637330417
1338.6917190158847
1340.2264558065442
1341.764565861144
1343.3057661782616
1344.8497726226021
1346.3962999302232
1347.9450616954127
1349.4957703415555
1351.048137078101
1352.6018718454336
1354.156683249228
1355.7122784857154
1357.2683632590388
1358.8246416918528
1360.3808162300295
1361.9365875423905
1363.491654416137
1365.0457136486914
1366.5984599364826
1368.1495857612151
1369.6987812740845
1371.2457341783236
1372.7901296104678
1374.3316500206636
1375.8699750523085
1377.404781421299
1378.9357427951325
1380.4625296720808
1381.9848092606471
1383.5022453595038
1385.0144982380755
1386.5212245179423
1388.0220770552562
1389.5167048242558
1391.0047528020946
1392.4858618550998
1393.9596686265934
1395.4258054264308
1396.8839001224
1398.3335760335935
1399.7744518259192
1401.206141409886
1402.6282538407743
1404.040393221389
1405.4421586074852
1406.8331439160622
1408.2129378366342
1409.5811237456633
1410.937279624314
1412.280977979654
1413.6117857695106
1414.929264331129
1416.2329693137988
1417.5224506156355
1418.797252324695
1420.0569126645912
1421.3009639448205
1422.5289325159451
1423.740338729873
1424.9346969053663
1426.1115152990292
1427.2702960819197
1428.4105353219966
1429.5317229726056
1430.6333428671599
1431.7148727202493
1432.7757841353314
1433.815542619184
1434.8336076033281
1435.8294324725623
1436.802464600802
1437.7521453943427
1438.6779103427518
1439.5791890774713
1440.4554054383218
1441.3059775479448
1442.130317894384
1442.9278334218056
1443.6979256294671
1444.439990679001
1445.1534195100164
1445.837597964041
1446.4919069167988
1447.115722418779
1447.7084158440389
1448.2693540471516
1448.7978995281592
1449.2934106054322
1449.7552415961852
1450.182743004497
1450.5752617165251
1450.9321412026882
1451.2527217264337
1451.5363405592632
1451.7823322016004
1451.9900286090704
1452.1587594236587
1452.2878522093072
1452.3766326912955
1452.4244249988594
1452.4305519103602
1452.3943351003418
1452.3150953877441
1452.192152984499
1452.0248277437104
1451.812439406621
1451.5543078474616
1451.2497533153248
1450.898096672159
1450.4986596259448
1450.0507649581295
1449.5537367443997
1449.0069005677979
1448.4095837233233
1447.7611154130614
1447.060826930962
1446.3080518364488
1445.5021261160132
1444.6423883320647
1443.7281797584108
1442.758844501695
1441.733729608397
1440.6521851569444
1439.513564334752
1438.317223500051
1437.0625222286226
1435.7488233456777
1434.375492943327
1432.9419003843643
1431.4474182933088
1429.8914225358646
1428.273292188393
1426.5924094991162
1424.8481598433184
1423.0399316749988
1421.1671164779664
1419.2291087196427
1417.2253058114309
1415.1551080798288
1413.017918753061
1410.8131119249447
1408.5402000493762
1406.1984773001448
1403.7874127703085
1401.306417639554
1398.754913857117
1396.1323271259894
1393.438087246034
1540.2128354712127
1267.031537303881
1268.7171914819733
1270.3135613944687
1271.8339811228689
1273.292957793404
1274.7030963499953
1276.074858999794
1277.4168562060422
1278.73617391934
1280.0386528050947
1281.3291147833866
1282.6115453269151
1283.8892404189235
1285.1649255104571
1286.4408522489628
1287.7188774830079
1289.0005280661694
1290.2870542278288
1291.579473696178
1292.8786083075158
1294.1851144846087
1295.499508691926
1296.8221887593172
1298.1534517947625
1299.4935092711219
1300.8424997635354
1302.2004997274473
1303.5675326373662
1304.9435767502446
1306.3285717115473
1307.722424184966
1309.125012656301
1310.5361915371748
1311.955794673716
1313.3836383484797
1314.8195238498724
1316.2632396717247
1317.7145633960297
1319.173263303725
1320.6390997517049
1322.111826348545
1323.591190956638
1325.0769365444717
1326.568801909289
1328.0665222875887
1329.5698298683958
1331.078454222196
1332.592122656628
1334.1105605085493
1335.6334913807339
1337.160637330417
1338.6917190158847
1340.2264558065442
1341.764565861144
1343.3057661782616
1344.8497726226021
1346.3962999302232
1347.9450616954127
1349.4957703415555
1351.048137078101
1352.6018718454336
1354.156683249228
1355.7122784857154
1357.2683632590388
1358.8246416918528
1360.3808162300295
1361.9365875423905
1363.491654416137
1365.0457136486914
1366.5984599364826
1368.1495857612151
1369.6987812740845
1371.2457341783236
1372.7901296104678
1374.3316500206636
1375.8699750523085
1377.404781421299
1378.9357427951325
1380.4625296720808
1381.9848092606471
1383.5022453595038
1385.0144982380755
1386.5212245179423
1388.0220770552562
1389.5167048242558
1391.0047528020946
1392.4858618550998
1393.9596686265934
1395.4258054264308
1396.8839001224
1398.3335760335935
1399.7744518259192
1401.206141409886
1402.6282538407743
1404.040393221389
1405.4421586074852
1406.8331439160622
1408.2129378366342
1409.5811237456633
1410.937279624314
1412.280977979654
1413.6117857695106
1414.929264331129
1416.2329693137988
1417.5224506156355
1418.797252324695
1420.0569126645912
1421.3009639448205
1422.5289325159451
1423.740338729873
1424.9346969053663
1426.1115152990292
1427.2702960819197
1428.4105353219966
1429.5317229726056
1430.6333428671599
1431.7148727202493
1432.7757841353314
1433.815542619184
1434.8336076033281
1435.8294324725623
1436.802464600802
1437.7521453943427
1438.6779103427518
1439.5791890774713
1440.4554054383218
1441.3059775479448
1442.130317894384
1442.9278334218056
1443.6979256294671
1444.439990679001
1445.1534195100164
1445.837597964041
1446.4919069167988
1447.115722418779
1447.7084158440389
1448.2693540471516
1448.7978995281592
1449.2934106054322
1449.7552415961852
1450.182743004497
1450.5752617165251
1450.9321412026882
1451.2527217264337
1451.5363405592632
1451.7823322016004
1451.9900286090704
1452.1587594236587
1452.2878522093072
1452.3766326912955
1452.4244249988594
1452.4305519103602
1452.3943351003418
1452.3150953877441
1452.192152984499
1452.0248277437104
1451.812439406621
1451.5543078474616
1451.2497533153248
1450.898096672159
1450.4986596259448
1450.0507649581295
1449.5537367443997
1449.0069005677979
1448.4095837233233
1447.7611154130614
1447.060826930962
1446.3080518364488
1445.5021261160132
1444.6423883320647
1443.7281797584108
1442.758844501695
1441.733729608397
1440.6521851569444
1439.513564334752
1438.317223500051
1437.0625222286226
1435.7488233456777
1434.375492943327
1432.9419003843643
1431.4474182933088
1429.8914225358646
1428.273292188393
1426.5924094991162
1424.8481598433184
1423.0399316749988
1421.1671164779664
1419.2291087196427
1417.2253058114309
1415.1551080798288
1413.017918753061
1410.8131119249447
1408.5402000493762
1406.1984773001448
1403.7874127703085
1401.306417639554
1398.754913857117
1396.1323271259894
1393.438087246034
