307.5030926039
307.36175433255204
307.23020127328516
307.10717382878573
306.99182643173293
306.8835597961486
306.7819251399659
306.6865669456603
306.59718867707204
306.5135321915016
306.4353653262535
306.36247436736403
306.2946594367644
306.2317316263223
306.1735111796632
306.1198263044684
306.0705123660514
306.02541131329764
305.9843712478938
305.9472460834858
305.9138952627247
305.8841835129058
305.85798062851467
305.83516127356904
305.81560479938327
305.7991950750377
305.78582032885527
305.7753729998036
305.76774959814963
305.7628505749514
305.760580200175
305.76084644935634
305.76356089887634
305.76863863002916
305.7759981421987
305.78556127560967
305.7972531442699
305.81100207992824
305.8267395880939
305.8444003174406
305.8639220442481
305.88524567393625
305.90831526221837
305.9330780589887
305.95948457873254
305.98748870206634
306.01704781392993
306.04812298499354
306.08067920390494
306.114685668986
306.15011614858895
306.18694941907205
306.2251697751344
306.2647676766534
306.3057403932332
306.34809274491545
306.3918378004716
306.43699740626613
306.48360229614576
306.53169136995393
306.5813095122802
306.6325030958323
306.68531220840447
306.7397589358615
306.79583211568826
306.8534710617571
306.91255327132535
306.9728922467828
307.0342492005194
307.09635669808625
307.15894680856354
307.2217750753824
307.2846353138922
307.3473642647482
307.40983938807597
307.47197285211934
307.5337044209749
307.59499477683704
307.6558199371732
307.71616689379164
307.7760303470509
307.83541032747553
307.8943104963838
307.95273694731856
308.01069736831414
308.068200460224
308.12525553501376
308.1818722396172
308.2380603670477
308.29382972794014
308.3491900638487
308.4041509893462
308.4587223897946
308.5129128263573
308.56673146500634
308.6201872139526
308.6732882971972
308.7260438511489
308.77846196669725
308.8305505587722
308.8823173324273
308.9337697987396
308.98491531155133
309.0357610211513
309.0863138797274
309.13658064639407
309.1865678919415
309.236282003386
309.28572918836454
309.33491547939815
309.38384673804245
309.43252865892856
309.4809667737042
309.5291664548754
309.5771329195548
309.6248712331146
309.67238631275154
309.71968293096
309.7667657189206
309.81363916980325
309.86030764198716
309.90677536220005
309.95304642857855
309.99912481365203
310.04501436725
310.09071881933835
310.13624178278275
310.18158675604315
310.2267571258003
310.27175616951666
310.31658705793274
310.3612528575007
310.4057565327572
310.45010094863727
310.4942888727285
310.5383229774716
310.5822058423039
310.62593995574986
310.66952771746105
310.71297144020195
310.75627335179087
310.7994355969888
310.8424602393446
310.8853492629917
310.9281045744034
310.9707280041021
311.0132213083293
311.05558617067237
311.0978242036526
311.13993695027415
311.1819258855362
311.2237924179068
311.26553789076235
311.3071635837922
311.34867071436827
311.39006043888395
311.43133385405963
311.4724919982175
311.51353585252605
311.5544663422164
311.59528433776876
311.6359906560729
311.67658606156056
311.71707126731235
311.7574469361399
311.7977136816437
311.8378720692468
311.87792261720585
311.9178657976013
311.9577020373032
311.9974317189209
312.0370551817289
312.0765727225756
312.11598459677276
312.15528974392026
312.1944897111622
