0.10524167999999999
0.10490434259811962
0.10446863343559011
0.1040925571295575
0.10375100770088648
0.1034285147908798
0.10311595751478461
0.1028079802885695
0.10250145815665529
0.10219458712741845
0.10188634490906912
0.10157617121926818
0.10126377828067047
0.10094903850989936
0.10063191797889424
0.10031243701668706
0.09999064690311792
0.09966661610300352
0.09934042215604491
0.09901214691917407
0.09868187379580647
0.09834968614254114
0.0980156663735828
0.09767989547868307
0.09734245278634121
0.09700341587276802
0.09666286055791348
0.0963208609540758
0.09597748954701323
0.09563281729806078
0.09528691376090911
0.09493984720982415
0.09459168477802818
0.0942424926062163
0.09389233600205389
0.09354127961216747
0.09318938760872479
0.09283672389326447
0.09248335232104288
0.0921293369498495
0.09177474231803923
0.0914196337574722
0.09106407774817102
0.09070814232283145
0.09035189753087694
0.0899954159735199
0.08963877342347507
0.0892820495447077
0.08892532873034714
0.08856870107815029
0.08821226352375676
0.08785612113022727
0.08750038866237991
0.08714519215854337
0.08679067084755583
0.0864369790357857
0.08608428791002806
0.0857327869056085
0.08538268407999537
0.08503420460583813
0.084687586104928
0.08434306921678085
0.08400088185571573
0.08366121661771728
0.0833242033363754
0.08298988272817087
0.08265819053159043
0.08232896101642016
0.0820019520449504
0.08167688406057605
0.08135347955406157
0.08103149189194093
0.08071071883452069
0.08039100515216906
0.08007223645484973
0.07975433115459649
0.07943723224849233
0.07912090039414633
0.07880530857957889
0.07849043824846551
0.07817627659252802
0.07786281469934024
0.07755004629956173
0.07723796692634585
0.07692657335495039
0.07661586322964195
0.0763058348143177
0.07599648682563728
0.07568781832055942
0.07537982861998616
0.07507251725641387
0.07476588393760082
0.07445994771798749
0.07415468160255498
0.07385008880670528
0.07354615236256311
0.07324290054390106
0.07294033133369537
0.07263844373048198
0.07233723742645336
0.07203671580371297
0.07173687472633494
0.07143771534236017
0.07113923874422516
0.07084144600607581
0.07054433821631582
0.07024791649602453
0.06995218200898165
0.06965713596674876
0.06936277963084783
0.06906911431324664
0.06877614137586323
0.06848386222951303
0.0681922783325459
0.06790139118932026
0.06761120234859988
0.06732171340192307
0.06703292598197315
0.06674484176096636
0.06645746244906664
0.06617078979283159
0.06588482557369146
0.06559957160646296
0.06531502973789637
0.0650312018452571
0.06474808983493809
0.06446569564110641
0.06418402122437868
0.06390306857052702
0.06362283968921371
0.06334333661275328
0.06306456139490264
0.06278651610967623
0.06250920285018698
0.062232623727511746
0.06195678086958013
0.06168167642008676
0.06140731253742568
0.06113369139364627
0.060860815173430366
0.060588686073089884
0.06031730629958384
0.06004667806955524
0.059776803608386074
0.05950768514927084
0.05923932493230762
0.0589717252036063
0.058704888214413525
0.05843881622025383
0.05817351148008655
0.05790897625547792
0.05764521280978821
0.05738222340737328
0.057120010312799924
0.05685857579007539
0.05659792210188933
0.056338051508869454
0.056078966268848965
0.05582066863614665
0.05556316086085803
0.05530644518815867
0.0550505238576179
0.054795399102523464
0.0545410731492166
0.05428754821643684
0.05403482651467698
0.053782910245546926
0.05353180160114708
0.05328150276345023
0.05303201590369202
0.052783343181769714
0.05253548674564866
0.05228844873077678
0.052042231211861106
0.05179683633278917
0.05155226619109843
