166.96794340903298
166.33352270741943
166.9237941461711
167.5138087084102
168.10358171111548
168.69311711122592
169.28241980980278
169.8714958070703
170.46035203741965
171.04899619919118
171.63743659920314
172.22568196695374
172.81374136253555
173.40162401557444
173.9893392202295
174.57689623619405
175.16430420393323
175.75157207353325
176.33870854632673
176.92572202827884
177.51262059402234
178.09941196038596
178.6861034682641
179.27270207170812
179.85921433318217
180.44564642399868
181.03200412903624
181.6182928549315
182.20451764102754
182.79068317244784
183.3767937947517
183.96285352970233
184.548866091751
185.13483490490634
185.72076311971412
186.3066536301237
186.89250909006213
187.47833192957592
188.06412437043176
188.6498884410954
189.23562599103465
189.82133870430664
190.40702811241016
190.99269560639513
191.57834244823266
192.1639697814556
192.7495786410901
193.33516996289882
193.9207445919643
194.50630329064123
195.09184674590844
195.67737557615362
196.2628903374224
196.84839152916499
197.43387959951136
198.01935495010653
198.60481794053754
199.1902688923778
199.77570809288062
200.3611357983448
200.94655223717984
201.53195761269222
202.1173521056176
202.70273587641634
203.2881090673552
203.87347180439073
204.45882419887258
205.04416634908245
205.6294983416214
206.21482025266224
206.8001321490752
207.3854340894424
207.97072612496797
208.55600830029567
209.141280654243
209.72654322045713
210.3117960280038
210.89703910189306
211.48227246354892
212.067496131229
212.65271012039787
213.23791444406103
213.82310911306067
214.40829413633944
214.99346952117443
215.5786352733855
216.16379139751876
216.74893789701008
217.33407477432965
217.9192020311092
218.50431966825516
219.08942768604788
219.69130036892437
220.2762010987805
220.86109772034771
221.44598894106875
222.03087384791903
222.61575179458896
223.20062232239354
223.78548510472862
224.37033990802175
224.95518656426012
225.54002495165486
226.12485498102498
226.70967658620788
227.29448971730415
227.87929433591756
228.46409041180127
229.04887792049445
229.63365684165606
230.21842715789057
230.80318885391995
231.38794191600044
231.97268633150975
232.55742208865692
233.14214917627757
233.72686758368775
234.31157730058257
234.89627831696282
235.4809706230837
236.06565420941791
236.65032906662958
237.23499518555508
237.81965255718995
238.4043011726784
238.98894102330613
239.5735721004947
240.15819439579772
240.7428079008965
241.3274126075986
241.91200850783463
242.49659559365705
243.0811738572379
243.6657432908677
244.25030388695419
244.8348556380204
245.4193985367042
246.00393257575683
246.58845774804155
247.17297404653297
247.75748146431528
248.34197999458257
248.92646963063612
249.5109503658845
250.09542219384213
250.67988510812853
251.26433910246703
251.8487841706842
252.43322030670862
253.01764750456974
253.60206575839777
254.1864750624217
254.77087541096896
255.35526679846444
255.93964921942967
256.52402266848196
257.10838714033315
257.69274262978917
258.2770891317487
258.8614266412031
259.44575515323476
260.03007466301665
260.61438516581177
261.1986866569715
261.7829791319356
262.3672625862309
262.95153701547116
263.53580241535536
264.12005878166764
264.7043061102763
265.28854439713297
265.87277363827167
266.4569938298089
267.04120496794195
267.6254070489485
268.2096000691861
268.7937840250911
269.3779589131783
269.9621247300399
270.54628147234496
271.1304291368391
271.71456772034304
272.2986972197524
272.88281763203696
273.46692895424025
274.0510311834783
274.6351243169393
275.21920835188337
275.80328328564127
276.38734911561386
276.97140583927217
277.55545345415555
278.13949195787245
278.72352134809876
279.30754162257773
279.89155277911885
280.47555481559823
281.0595477299569
281.6435315202012
282.2275061844013
