46474.92
42442.03000753499
42474.770911999716
42509.18204579163
42544.11358959392
42578.89846906387
42613.14977854971
42646.647243728745
42679.269689970846
42710.954783651694
42741.67501339059
42771.42335808356
42800.20473834954
42828.03092253983
42854.91749660178
42880.88206691946
42905.94319962729
42930.11979969306
42953.43075248799
42975.89472194221
42997.53004205848
43018.35466406242
43038.386136723144
43057.64160649948
43076.13782963062
43093.89119156525
43110.91773109902
43127.23316778889
43142.85293194485
43157.792196997994
43172.0659143178
43185.68885083915
43198.675630013386
43211.04077680925
43222.79876767752
43233.96408661715
43244.55128874721
43254.57507311156
43264.05036683763
43272.99242325871
43281.416937215916
43289.34018149871
43296.77916929939
43303.75184867376
43310.2773363366
43316.37619969885
43322.0707978517
43327.38569397524
43332.34815380189
43336.98874527187
43341.34205471912
43345.44753068629
43349.34987619121
43353.10237017546
43356.7647122123
43360.40616111812
43364.10561996114
43367.95131316195
43372.03864241858
43376.46482793729
43381.318380351964
43386.66113510084
43392.501247304244
43398.75843139361
43405.229003157874
43411.56702400655
43417.30313518229
43421.914244874715
43424.93083560935
43426.039640860145
43425.13562266145
43422.30676700022
43417.77197983358
43411.80900079755
43404.696905452634
43396.6830818297
43387.97026372835
43378.71624024396
43369.03966097511
43359.02773210929
43348.743618733824
43338.23267533771
43327.52733347728
43316.65079001962
43305.619704866076
43294.446150568714
43283.13899434825
43271.704879493926
43260.14891213579
43248.4751419854
43236.686897400454
43224.78701821151
43212.78159879121
43200.66665516492
43188.44676212267
43176.1241057372
43163.69721412396
43151.174348262124
43138.55511509915
43125.84138969368
43113.03509216281
43100.13831713755
43087.152855901455
43074.080721062885
43060.92393050969
43047.68450788436
43034.3644818031
43020.9658845764
43007.49075063464
42993.94111479182
42980.31901043212
42966.626467673144
42952.865511540746
42939.03816018021
42925.1464231151
42911.19229956646
42897.17777683481
42883.1048287512
42868.97541419635
42854.791475691505
42840.55493805655
42826.26770714107
42811.931668623394
42797.54868687231
42783.12060388381
42768.64923827599
42754.136384348305
42739.583811207536
42724.99326194828
42710.366452895476
42695.7050729004
42681.01078271146
42666.2852143589
42651.5299706341
42636.74662459687
42621.936719138605
42607.10176659159
42592.24324838603
42577.36261475007
42562.461284455
42547.540644600194
42532.602050439265
42517.646825244396
42502.67626020914
42487.69161438471
42472.694114652775
42457.68495573008
42442.665300205335
42427.63627860596
42412.598989493694
42397.554499588536
42382.50384391876
42367.44802599595
42352.38801801437
42337.324761073345
42322.25916542094
42307.19211071813
42292.12444632352
42277.05699159523
42261.99053621121
42246.925840505224
42231.86363581906
42216.80462486881
42201.749482124746
42186.698854204384
42171.653360277145
42156.61359247955
42141.58011634204
42126.55347122357
42111.534170756604
42096.5227032984
42081.51953239146
42066.52509722861
42051.53981312601
42036.57443161635
42021.60879454213
