1.5002
1.499546121790735
1.4994979933072012
1.4994833243664325
1.4994748981623032
1.499467951762823
1.4994616913916141
1.4994560188073445
1.4994509540183378
1.4994465335996456
1.4994427926607485
1.4994397615478174
1.4994374652048394
1.4994359230794618
1.4994351491968616
1.499435152325783
1.4994359362122893
1.4994374998655957
1.4994398378823086
1.4994429407966048
1.4994467954452269
1.499451385337689
1.4994566910237137
1.4994626904515127
1.4994693593120514
1.499476671365803
1.4994845987497063
1.4994931122630455
1.499502181631788
1.4995117757515628
1.499521862909924
1.499532410988881
1.4995433876488833
1.4995547604955557
1.4995664972305112
1.4995785657875447
1.4995909344554388
1.4996035719885195
1.49961644770599
1.4996295315809502
1.4996427943198993
1.4996562074334046
1.4996697432985235
1.499683375213479
1.4996970774450147
1.4997108252687945
1.4997245950031703
1.4997383640366018
1.4997521108489924
1.4997658150271957
1.4997794572749328
1.4997930194173728
1.4998064844006271
1.4998198362864246
1.499833060242239
1.4998461425271619
1.499859070473817
1.499871832558907
1.4998844186629317
1.4998968180227017
1.4999090225957319
1.4999210247220964
1.499932817618499
1.499944395361536
1.4999557528525271
1.4999668857788577
1.4999777905742293
1.4999884643784074
1.49999890499677
1.5000091108599214
1.5000190809835916
1.5000288149290326
1.5000383127641028
1.500047575012633
1.5000566026806752
1.500065397095339
1.500073959989977
1.5000822934177305
1.5000903997260162
1.5000982815270214
1.5001059416687845
1.5001133832077589
1.5001206093826325
1.500127623589989
1.5001344293612453
1.500141030341167
1.5001474302678302
1.5001536329540053
1.5001596422699381
1.50016546212745
1.5001710964653394
1.5001765492360137
1.5001818243932994
1.5001869258813767
1.5001918576247768
1.5001966235193875
1.5002012274244054
1.5002056731551812
1.5002099644769
1.5002141050990394
1.5002180986705564
1.5002219487757484
1.500225658930739
1.500229232580541
1.5002326730966506
1.5002359837751313
1.5002391678351439
1.500242228417884
1.5002451685858924
1.5002479913227018
1.5002506995327876
1.5002532960417938
1.5002557835970047
1.5002581648680366
1.500260442447725
1.500262618853184
1.5002646965270179
1.5002666778386673
1.5002685641277749
1.5002703594710995
1.5002720651910966
1.5002736833333838
1.500275215918596
1.5002766649098414
1.5002781279692305
1.5002794217993045
1.5002806323186848
1.5002817657544139
1.5002828244232753
1.5002838100411455
1.5002847241954584
1.5002855684143312
1.5002863441780456
1.5002870529222654
1.5002875980789516
1.5002881704043913
1.5002886851591222
1.5002891390053705
1.5002895325216634
1.5002898668190123
1.5002901430575768
1.5002903623784378
1.5002905258950596
1.5002906346933162
1.5002906898327089
1.5002906923477206
1.5002906432491467
1.5002905435253844
1.5002903941436758
1.5002901960513018
1.50028995017673
1.500289657430715
1.5002893187073496
1.5002889348850696
1.5002885068276117
1.5002880353849222
1.5002875213940206
1.5002869656798163
1.5002863690558796
1.500285732325165
1.5002850562806924
1.500284341706181
1.5002835893766429
1.5002828000589272
1.5002819745122302
1.500281113488556
1.5002802177331414
1.5002792879848375
1.5002783249764557
1.5002773294350724
1.5002763020822987
1.5002752436345126
1.500274154803058
1.5002730362944092
1.5002718888103024
1.5002707130478365
1.5002695096995442
1.500268279453437
1.500267022993001
1.5002657409972264
1.5002641501761689
1.5002630796900316
1.5002617449064424
1.5002603704369377
1.5002589712462795
1.500257550119361
1.500256108020361
1.5002546456368064
1.5002531636100935
1.5002516625697901
1.5002501431385964
1.5002486059329065
1.500247051562709
1.5002454806313796
1.5002438937354574
1.500242291464414
1.5002406744004222
1.5002390431181238
1.5002373981843977
1.50023574015813
