459.66144803032046
248.90047079991203
242.68539954248766
239.00446115923435
237.2271107592151
236.37904417095638
235.92893812879214
235.61151666668889
235.30238023227722
234.94658424147357
234.52204797552866
234.02175396074398
233.44537184285235
232.7954148648834
232.07552386390608
231.28972983825963
230.44215633037598
229.5369130010016
228.57806772832902
227.56964744757087
226.51564659177575
225.42003477637434
224.28676089780063
223.11975308759745
221.9229148122166
459.66144803032046
248.90047079991203
242.68539954248766
239.00446115923435
237.2271107592151
236.37904417095638
235.92893812879214
235.61151666668889
235.30238023227722
234.94658424147357
234.52204797552866
234.02175396074398
233.44537184285235
232.7954148648834
232.07552386390608
231.28972983825963
230.44215633037598
229.5369130010016
228.57806772832902
227.56964744757087
226.51564659177575
225.42003477637434
224.28676089780063
223.11975308759745
221.9229148122166
