7.9686e-05
0.00022589343917112803
0.00022622056988525526
0.00022651445688455285
0.0002267835958476009
0.00022704606920043334
0.0002273091267047682
0.00022757797952800986
0.00022785569390384728
0.00022814394217664374
0.00022844349609965037
0.00022875454987987317
0.0002290769311302885
0.00022941023999967642
0.00022975394120520608
0.00023010742527400306
0.00023047004937397939
0.00023084116363882988
0.0002312201290413916
0.000231606328225496
0.00023199917233363243
0.00023239810458440137
0.00023280260234613998
0.00023321217690826633
0.00023362637364317306
0.00023404477021419566
0.0002344669756848958
0.00023489262832179425
0.0002353213938647865
0.0002357529642527844
0.0002361870547966909
0.00023662340328022317
0.00023706176802357857
0.00023750192603262866
0.00023794367198650885
0.00023838681649984388
0.00023883118483079794
0.00023927661563435457
0.00023972296032349948
0.00024017008131843115
0.00024061785173500535
0.00024106615427025007
0.00024151488007083095
0.00024196392885835467
0.0002424132070305738
0.0002428626286713372
0.00024331211331623287
0.000243761586465466
0.00024421097901561464
0.0002446602264476157
0.00024510926879617404
0.0002455580500600177
0.0002460065181350495
0.00024645462434519236
0.0002469023229303194
0.00024734957115109707
0.0002477963292504894
0.000248242559685825
0.0002486882271732909
0.0002491332988341516
0.00024957774327991224
0.0002500215313827077
0.0002504646355273198
0.0002509070293694582
0.00025134868851401423
0.00025178958952822716
0.0002522297104174541
0.0002526690298817275
0.0002531075283981987
0.0002535451868189813
0.0002539819871910855
0.00025441791227758616
0.0002548529459561064
0.00025528707226985263
0.000255720276337692
0.000256152544052225
0.0002565838613282145
0.0002570142150412074
0.0002574435924673101
0.0002578719815267838
0.0002582993702527018
0.0002587257472581997
0.0002591511013428289
0.0002595754220914192
0.00025999869902216676
0.0002604209218266252
0.0002608420807821249
0.00026126216630728013
0.0002616811689170742
0.0002620990796684937
0.0002625158892762512
0.00026293158928714143
0.00026334617046818885
0.0002637596245368677
0.0002641719429627599
0.00026458311753361976
0.0002649931397911213
0.0002654020015636055
0.0002658096946902292
0.00026621621109084673
0.00026662154241950626
0.0002670256808221545
0.00026742861837728444
0.00026783034660414533
0.00026823085774373704
0.00026863014332437505
0.00026902819552436654
0.00026942500592809553
0.00026982056623711524
0.00027021486823970627
0.00027060790344984723
0.00027099966326905135
0.00027139013939387686
0.00027177932270424477
0.0002721672049241021
0.00027255377665382397
0.0002729390292066258
0.00027332295338817434
0.00027370553968715674
0.00027408677887116184
0.0002744666611477708
0.0002748451772531988
0.00027522231670397293
0.00027559806980914235
0.000275972426483956
0.00027634537594127664
0.0002767169081231555
0.00027708701173287
0.0002774556760266042
0.00027782288993650204
0.0002781886423297318
0.0002785529213694311
0.0002789157153571886
0.0002460559944080944
0.00024676093116609
0.0002474597539198721
0.0002481526596198469
0.00024883973146667466
0.0002495209843535332
0.00025019639569654546
0.0002508659236612554
0.0002515295175787897
0.00025218712640369775
0.0002528387008943694
0.0002534841974525034
0.0002541235787922991
0.00025475681422651106
0.000255383880481629
0.00025600476087628385
0.0002566194458724874
0.0002572279314941425
0.0002578302203626681
0.0002584263202795297
0.00025901624386383634
0.0002596000088558788
0.0002601776372355319
0.00026074915482080375
0.0002613145910642875
0.00026187397855620523
0.000262427353468422
0.0002629747538476374
0.0002635162206901698
0.00026405179767007106
0.00026458152927250246
0.0002651054629067774
0.0002656236469852661
0.0002661361317485678
0.00026664296821303507
0.0002671442088471818
0.00026763990696486396
0.0002681301165292101
0.0002686148925687022
0.0002690942907558116
0.0002695683662034129
0.00027003717575642226
0.00027050077592370795
0.0002709592231545262
0.0002714125743212954
0.00027186088641025267
0.00027230421580627597
0.00027274261918327114
0.0002731761532464416
0.00027360557212030665
0.0002740295401672409
0.0002744488057325779
0.00027486270921847985
0.0002752727276159973
0.0002756782058699286
0.0002760791961671853
0.00027647575046031985
0.00027686791889754554
0.00027725575076382363
0.0002776392932691995
0.00027801859217944496
0.0002783936901185953
0.00027876462671600773
0.00027913143717140477
0.0002794941508736231
0.00027985278832748557
0.00028020735732970726
