34.01448223985334
34.040726714703325
34.10670598482801
34.19044145588457
34.2907131236647
34.405827484091105
34.53430173806953
34.67477139845126
34.82599299370289
34.98683979971275
35.15629417411567
35.333438482826
35.51744575373988
35.707570634482096
35.903140958322915
36.103550027455434
36.30824965998665
36.516743955025916
36.72858374894135
36.94336168281579
37.16070782883673
37.38028581543875
37.60178939131605
37.8249393743336
38.04948094227998
38.27518122882811
38.50182717980007
38.72922364700441
38.95719168261085
39.185567019524626
39.41419870788016
39.642947898740516
39.871686749033564
40.10029744228876
40.32867130416634
40.556708006462856
40.78431485391956
41.01140613928051
41.23790255958526
41.46373068655459
41.688822493619604
41.91311492132619
42.13654948884972
42.35907193619506
42.580631902171305
42.80118263086565
43.020680704432465
43.23908579960067
43.45636046636313
43.67246992265569
43.88738187140648
44.10106632994704
44.31349547446081
44.52464349726293
44.73448647568709
44.9430022514827
45.150170318967085
45.35597172492037
45.56038897151393
45.763405929602676
45.965007757620036
46.16518082633502
46.36391264892764
46.561191815907634
46.75700793445091
46.95135157174937
47.14421420203395
47.335588156941675
47.525466579627334
47.71384337885249
47.90071319005751
48.086071335715694
48.269913787984684
48.45223713622795
48.633038552360674
48.81231575762585
48.990066998664574
49.16629101264075
49.340987006593615
49.5141546272746
49.685793938197136
49.85590539773942
50.02448983502933
50.19154842908267
50.35708268827441
50.52109443127531
50.68358576626007
50.84455907457026
51.00401699262132
51.16196239507549
51.31839837863082
51.47332824641364
51.626755492921646
51.77868378952123
51.929116970449144
52.07805901931208
52.225514056054465
52.37148632438509
52.51598017963818
52.65900007705625
52.80055056047618
52.94063625092482
53.07926183756402
53.21643206601209
53.352151729040735
53.48642565709972
53.619258709189296
53.75065576404897
53.88062171167074
54.00916144512186
54.136279852667165
54.26198181018749
54.38627217388944
54.509155773287645
54.63063740447519
54.75072182404107
54.86941374167055
54.98671781541924
55.10263864560224
55.2171807693511
55.33034865540773
55.44214669916452
55.552579217926656
55.66165044641854
55.769364532507986
55.87572553315092
55.98073741056442
56.08440402860193
56.18672914935247
56.2877164299428
56.387369419546935
56.485691556594944
56.582686166187095
56.74597818559964
56.91055235542112
57.076047439494566
57.24212881114402
57.4084866599028
57.574834315437144
57.74090668334423
57.90645878665667
58.071264406607106
58.23511481621641
58.39781760038876
58.55919555673327
58.71908567022192
58.87733815872114
59.03381558195225
59.18839201049222
59.340952250269176
59.491391118573866
59.63961276794256
59.78553005452491
59.929063947835836
60.07014297903137
60.20870272506369
60.344685326284385
60.47803903525128
60.6087177946625
60.736680842504214
60.8618923426264
60.98432103911411
61.10393993292071
61.22072597933996
61.334659805013466
61.44572544323058
61.55391008638747
61.6592038545311
61.76159957899817
61.8610926002129
61.957680578774166
62.05136331901817
62.142142604170694
62.23002204297223
62.31500692589887
62.39710409156343
62.476321802091334
62.55266962704089
62.626158335343014
62.6967997947689
62.76460687846713
62.82959337813374
62.89177394554783
62.95116395034971
63.007779479261025
63.06163722957352
63.11275450838539
63.161149118236054
63.206839326755244
63.2498438200949
63.290181660095165
63.32787224495944
63.36293527322508
63.395390710837546
63.42525876115161
63.45255983770749
63.47731453965334
63.499543629721195
63.51926801471176
63.53650872852274
