4.238497333562678
4.369389897090458
4.432603174916728
4.491984001839566
4.549207251328339
4.604330764389265
4.657386633730676
4.708420254921575
4.75748890811946
4.804659478307746
4.8500063509060345
4.893609517084508
4.93555287995761
4.9759227674623165
5.01480663983419
5.052291982842945
5.088465375079918
5.123411715823997
5.157213599192297
5.189950819814766
5.22169999528828
5.25253429103915
5.282523233876615
5.31173260137772
5.340224375237869
5.368056747793223
5.395284172022741
5.42195744643127
5.4481238272718775
5.47382716156496
5.499108035299881
5.524003932053879
5.548549398029279
5.572776210193371
5.596713544808263
5.620388144164577
5.643824479788504
5.667044910782404
5.690069836291147
5.7129178413658765
5.735605835730188
5.758149185146339
5.780561835236529
5.802856427741415
5.825044409299065
5.84713613290667
5.869140952287822
5.891067309433049
5.912922815613433
5.93471432618841
5.956448009541662
5.978129410484608
5.9997635084672
6.021354770931224
6.042907202133709
6.06442438775758
6.0859095356144195
6.107365512730679
6.128794879094103
6.150199918322161
6.171582665499118
6.192944932413151
6.21428833041004
6.235614291065324
6.2569240848627645
6.278218838053372
6.299499547856334
6.320767096150865
6.342022261796425
6.363265731707709
6.384498110800598
6.405719930915609
6.4269316588163905
6.448133703352457
6.469326421867585
6.490510125928127
6.5116850864388
6.53285153820742
6.554009684014399
6.575159698237591
6.596301730078336
6.617435906430198
6.638562334427871
6.659681103710073
6.680792288426953
6.70189594901946
6.7229921337954215
6.744080880324502
6.765162216671999
6.786236162489355
6.807302729977367
6.828361924736452
6.830923706171371
6.83266813488898
6.8338363972289455
6.834598635023952
6.835074731397434
6.835349152315743
6.835481409123985
6.835513430836285
6.835474758631863
6.835386205773688
6.835262436251539
6.83511378157738
6.834947520809012
6.834768782388434
6.834581179530192
6.834387257883487
6.834188810932813
6.8339871022144285
6.833783021880301
6.833577197006627
6.833370069313104
6.833161949921268
6.832953057935548
6.832743547626463
6.8325335275832835
6.832323074208624
6.832112241226521
6.8319010663817386
6.831689576160023
6.831477789113996
6.831265718206571
6.83105337246213
6.830840758129949
6.830627879503984
6.83041473950047
6.830201340064925
6.82998768245894
6.829773767462227
6.829559595515021
6.829345166818392
6.829130481404937
6.828915539188592
6.828700339999728
6.828484883609874
6.828269169749133
6.828053198118473
6.827836968398362
6.827620480254855
6.827403733343898
6.827186727314333
6.826969461810041
6.826751936471425
6.826534150936467
6.826316104841479
6.826097797821608
6.825879229511205
6.825660399544095
6.825441307553732
6.825221953173343
6.82500233603601
6.82478245577472
6.824562312022422
6.824341904412044
6.824121232576516
6.8239002961487785
6.8236790947618
6.823457628048567
6.823235895642106
6.823013897175467
6.822791632281731
6.822569100594013
6.822346301745455
6.822123235369233
6.82189990109855
6.821676298566635
6.821452427406745
6.82122828725217
6.821003877736217
6.82077919849222
6.8205542491535445
6.82032902935357
6.820103538725715
6.819877776903411
6.819651743520118
6.8194254382093265
6.819198860604541
6.818972010339308
6.818744887047191
6.818517490361783
6.818289819916708
6.818061875345623
6.817833656282212
6.817605162360192
6.817376393213323
6.817147348475389
6.816918027780225
6.816688430761692
6.8164585570537035
6.816228406290214
6.815997978105222
6.815767272132778
6.815536288006975
6.815305025361968
6.815073483831963
6.814841663051226
6.814609562654078
6.81437718227491
6.814144521548175
