0.03306104578747682
0.03350826661908694
0.03397435851147958
0.034454530565338676
0.0349478957513593
0.0354542239012199
0.03597337040202729
0.03650517407846285
0.03704943899979456
0.0376059314027846
0.038174379445390094
0.03875447358824725
0.03934586719411973
0.03994817725501316
0.04056098521570779
0.04118383787602323
0.04181624835995141
0.04245769714429603
0.04310763314355342
0.043765474851464335
0.04443061154283071
0.04510240454171848
0.045780188563999784
0.04646327314329082
0.04715094414974032
0.047842465410833895
0.048537080442487716
0.0492340142972495
0.04993247553452421
0.050631658315452355
0.05133074462250458
0.05202890660109467
0.05272530901764671
0.05341911182567216
0.05410947282858577
0.05479555042531063
0.05547650642224111
0.056151508892923946
0.05681973506492947
0.057480374211858046
0.058132630527306675
0.05877572595691591
0.0594089029643588
0.060031427207311076
0.06064259010005499
0.06124171124040316
0.061828140680043824
0.06240126101919169
0.0629604893085089
0.06350527874361417
0.06403512014005659
0.06454954317933585
0.06504811741935934
0.0655304530655578
0.06599620150170173
0.06644505558219575
0.06687674969024829
0.06729105894790974
0.0676878013911755
0.06806683340186663
0.06842805167080418
0.06877139150242788
0.06909682568751521
0.06940436322305359
0.06969404790021018
0.0699659567785224
0.07022019856388936
0.07045691190770514
0.07067626364410183
0.07087844698171432
0.07106367966566139
0.07123220212457855
0.07138427561656602
0.07152018045996741
0.07164021391364159
0.07174468885601518
0.07183393172582897
0.07190828091251575
0.0719680851248854
0.07201370182373976
0.07204549572359978
0.0720638373673997
0.07206910177692519
0.07206166718101738
0.0720419138226012
0.07201022284494851
0.07196697525688671
0.07191255097608024
0.07184732794899522
0.07177168134571653
0.07168598282740284
0.0715905998838598
0.07148589523845379
0.07137222631739208
0.0712499447802461
0.07111939610849513
0.07098091924880243
0.07083484630771343
0.07068150229447161
0.07052120490868054
0.07035426436959921
0.07018098328393485
0.07000165654909135
0.06981657128893812
0.06962600681928148
0.0694302346403472
0.06922951845371199
0.06902411420125763
0.06881427012385637
0.06860022683763567
0.06838221742580185
0.06816046754413917
0.06793519553843122
0.06770661257217628
0.067474922763093
0.06724032332703
0.06700300472800559
0.06676315083321102
0.06652093901402967
0.06627654050147304
0.06603012032069829
0.06578183756318613
0.06553184554110109
0.0652802919511455
0.06502732140836778
0.06477306676520561
0.06451766131710214
0.06426123215891545
0.06400390138587535
0.06374578641393307
0.0634870001557321
0.06322765117319
0.06296784382391045
0.06270767840376251
0.06244724896645529
0.06218665212909012
0.061925975382897146
0.06166530390629679
0.0614047196650243
0.06114430136903618
0.06088412456552863
0.06062426174840768
0.060364782466942185
0.06010575343115981
0.05984723861367998
0.05958929934799142
0.05933199442323292
0.059075380175547455
0.05881951057608462
0.05856443731573343
0.05831020988666668
0.05805687566078367
0.0578044799651394
0.05755306615444933
0.05730267568075963
0.05705334816037409
0.05680512143812913
0.056558031649106624
0.05631211327787629
0.05606739921535557
0.05582392081337778
0.055581707937054345
0.055340789015017426
0.05510119108762878
0.054862939853236925
0.0546260597125635
0.05439057381130025
0.05415650408099116
0.053923871278278385
0.053692695022583496
0.05346299383229577
0.05323478515953813
0.05300808542357577
0.05278291004293459
0.05255927346629027
0.05233718920219058
0.05211666984766788
0.05189772711579508
0.05168037186225877
0.051464614110955355
0.05125042883953759
0.05103789932141233
0.050826988003045366
0.050617705709061676
0.05041005925235801
0.05020405424745944
0.049999695558668
0.049796987383518905
0.04959593328137312
0.04939653619338304
0.0491987984607401
0.04900272184225764
0.04880830753146877
0.04861555617328661
0.04842446788025366
0.04823504224840164
0.048047278372743446
0.04786117486241464
0.04767672985548215
0.04749394103343624
