234.692304967
225.02097231817214
224.97150965396176
224.93249808632706
224.90070128555888
224.874166315717
224.85168610538923
224.83249924584925
224.81611142704733
224.8021890287723
224.79049565101315
224.78085422420438
224.77312436771138
224.7671888416023
224.76294542291205
224.76030201882463
224.7591737121533
224.75948096097326
224.7611484882415
224.76410458449487
224.7682806584069
224.77361093660875
224.78003225391507
224.78748389880755
224.79590749317765
224.80524689378024
224.81544810789788
224.82645921874226
224.83823031794557
224.85071344358624
224.86386252289577
224.87763331920817
224.89198338302384
224.9068720072718
224.9222601870413
224.9381105842371
224.9543874978082
224.97105684043098
224.9880861228199
225.00544444719534
225.02310251191
225.0410326298411
225.05920876393947
225.0776065843629
225.0962035529657
225.11497904267537
225.1339145015918
225.15299367453594
225.17220289877284
225.1915314950107
225.21097228088902
225.23052224048047
225.2501809594937
225.26996102087887
225.28987601993774
225.30995086371516
225.3302217104743
225.35073818260497
225.37156548714674
225.39278582349255
225.41449794115223
225.43681303086422
225.4598445244579
225.48368949281587
225.50840130590734
225.53395807594242
225.5602382121907
225.58701828550224
225.61400241767478
225.64087599835202
225.6673613721366
225.69325439259825
225.71842650718534
225.74282125944788
225.7664257753602
225.78925398471642
225.8113326184417
225.83269257234144
225.85336431158464
225.8733758368695
225.89275206417298
225.9115149048375
225.92968364251644
225.94727539125404
225.96430553152646
225.9807880861332
225.99673602613484
226.01216151180458
226.0270760778219
226.04149077335387
226.0554162666632
226.06886292242112
226.08184925393206
226.09437038366974
226.10644172542112
226.11807314818807
226.12926589629438
226.14004411478774
226.15041140481955
226.1603765833513
226.16994823310807
226.17913579285113
226.1879473544112
226.1963915529718
226.20447690431038
226.21221180734418
226.2196045453294
226.226663286236
226.23339608264214
226.2398108713511
226.24591547286212
226.25171759077247
226.2572248111615
226.26244460198586
226.2673843125068
226.27205117276108
226.27645229308254
226.28059466368137
226.28448515427945
226.28813051380814
226.2915373701667
226.29471223004018
226.2976614787858
226.30039138036557
226.30290807735503
226.30521759100083
226.30732582134257
226.309238547386
226.31096142733705
226.31249999889138
226.31385967957476
226.31504576713505
226.31606343999275
226.316917757732
226.3176136616475
226.31815597533446
226.31854940532608
226.31879854177538
226.31890785917946
226.31888171714493
226.31872436119517
226.31843992361325
226.3180324243251
226.31750577181566
226.31686376408183
226.31611008961508
226.3152483284189
226.31428195305315
226.3132143297094
226.31204871931126
226.31078827864195
226.3094360614959
226.3079950198535
226.30646800507705
226.30485776912812
226.30316696580383
226.30139815199047
226.2995537889358
226.2976362435339
226.29564778962822
226.29359060932495
226.29146679432043
226.28927834723874
226.28702718298072
226.28471513008074
226.28234393207276
226.27991524886366
226.27743065811185
226.2748916566124
226.2722996616878
226.26965601257996
226.26696197184665
226.26421872676195
226.2614273907148
226.25859336855683
226.2557084588699
