44.13143326487156
44.064762948255485
44.003742687365474
43.947703993417164
43.89611005436942
43.84849790977661
43.804461500827536
43.76364236246851
43.72572266576395
43.6904195797916
43.657480609698126
43.626679677144665
43.59781382269042
43.57070040601942
43.54517471585633
43.52108791848989
43.4983052879796
43.47670467212498
43.45617515689951
43.43661589885969
43.41793510045337
43.40004910748561
43.382881611490895
43.366362942590015
43.35042944071522
43.33502289497597
43.32009004249392
43.30558211932201
43.29145445713377
43.27766612026177
43.26417957841437
43.25096041103022
43.237977039764395
43.22520048605194
43.2126040973614
43.20016356298838
43.187856407296266
43.175662041085275
43.163561556270956
43.15153758780621
43.139574187621236
43.12765670937065
43.11577170297063
43.10390681802576
43.09205071533918
43.08019298578178
43.06832407586845
43.05643521945335
43.04451837501264
43.03256616803444
43.02057183807991
43.00852919012036
42.99643254979127
42.98427672223605
42.972056954242255
42.959768899398675
42.94740858602558
42.93497238765194
42.92245699583254
42.909859395116
42.89717683999001
42.88440683364516
42.87154710841171
42.85859560773569
42.84555046957164
42.83241001107955
42.81917271452253
42.80583721426994
42.79240228481895
42.77886682975379
42.76522987156906
42.75149054228889
42.73764807481929
42.723701794976236
42.70965111413621
42.69549552246041
42.68123458264769
42.66686792417434
42.65239523798317
42.63781627158597
42.62313082454738
42.608338744319994
42.59343992235445
42.578434290731394
42.563321818661116
42.54810250960399
42.532776398459966
42.51734354900331
42.501804051513105
42.48615802058736
42.470405593125
42.454546926463536
42.438582196718286
42.42251159696739
42.40633533608568
42.390053637208425
42.37366673651256
42.357174882054174
42.340578332691855
42.32387735708923
42.307072232790084
42.29016324536014
42.27315068758977
42.25603485875254
42.23881606391497
42.22149461329267
42.20407082164912
42.186545007732946
42.16891749375025
42.15118860486859
42.13335866874946
42.115428015106254
42.09739697528501
42.079265881865204
42.06103506827813
42.042704868440445
42.02427561640051
42.005747645995314
41.987121290515894
41.968396882378826
41.94957475280201
41.93065523148217
41.91163864627237
41.89252532285696
41.87331558442175
41.85400975131708
41.83460814071121
41.81511106623134
41.79551883758912
41.77583176018792
41.75605013470783
41.73617425666484
41.7162044159398
41.69614089627205
41.67598397471245
41.65573392102921
41.63539099705915
41.614955455996046
41.59442754160607
41.57380748735834
41.55309551545725
41.5322918357598
41.5113966445581
41.49041012320377
41.469332436544825
41.44816373113969
41.42690413320498
41.40555374624216
41.38411264827468
41.3625808886087
41.34095848400556
41.319245414120765
41.297441616018354
41.275546977505144
41.253561328938034
41.23148443302514
41.20931597194442
41.18705553080397
41.16470257599779
41.142256426247656
41.11971621283304
41.097080823229874
41.07434881810631
41.05151829263171
41.02858669195385
41.00555040719871
40.982404015667136
40.95913838173953
40.93573385300452
40.91346860728237
40.89111542052469
40.86867670259843
40.84615419170839
40.823549458822036
40.800863985063664
40.77809917758482
40.755256376301
40.73233685899116
40.70934184585563
40.68627250371174
40.66312994987449
40.639915255748704
40.61662945015491
40.593273522408715
40.56984842517258
40.54635507709684
40.52279436526581
40.49916714746358
40.4754742542731
40.45171649102076
40.42789463957833
40.40400946003249
40.380061692232275
40.35605205722308
40.33198125857592
40.30784998361963
40.28365890458311
40.25940867965449
40.235099953963044
40.21073336048985
