0.004385067383868799
0.004385315727115199
0.004385346313124517
0.004385340363904574
0.0043853316586546145
0.004385321638831971
0.004385310779046262
0.004385299433246917
0.004385287876051172
0.004385276319160345
0.0043852649419225
0.004385253828711882
0.004385243087619731
0.004385232782032494
0.004385222954837451
0.004385213632618306
0.0043852048290461175
0.004385196547634926
0.004385188783983445
0.004385181527601743
0.004385174763400625
0.004385168472905292
0.004385162635242666
0.004385157227942033
0.004385152227581221
0.0043851476103046625
0.004385143352235093
0.004385139429796847
0.004385135819965791
0.004385132500458475
0.004385129449871103
0.004385126647777186
0.004385124074791454
0.004385121712606336
0.004385119544006371
0.004385117552865043
0.004385115724127803
0.004385114043784489
0.004385112498833699
0.004385111077241312
0.004385109767895038
0.004385108560556308
0.0043851074458108475
0.004385106415018755
0.00438510546026497
0.004385104574310595
0.004385103750545629
0.004385102982943377
0.004385102266016824
0.004385101594777112
0.004385100964694225
0.00438510037165995
0.004385099811953084
0.004385099282206933
0.004385098779378959
0.004385098300722589
0.004385097843761085
0.0043850974062633555
0.004385096986221639
0.0043850965818309495
0.004385096191470205
0.00438509581368486
0.004385095447171063
0.004385095090761126
0.004385094743410262
0.004385094404184516
0.004385094072249743
0.004385093746861632
0.004385093427356588
0.004385093113143524
0.004385092803696391
0.0043850924985474144
0.004385092197281022
0.004385091899528308
0.004385091604962104
0.004385091313292468
0.004385091024262699
0.004385090737645716
0.004385090453240786
0.004385090170870646
0.004385089890378888
0.004385089611627609
0.0043850893344953516
0.004385089058875217
0.004385088784673214
0.004385088511806763
0.004385088240203409
0.004385087969799597
0.004385087700539666
0.004385087432374903
0.004385087165262729
0.004385086899165961
0.0043851732548709724
0.004385137841843698
0.004385112945262624
0.004385095448590036
0.004385083160413322
0.004385074539017255
0.004385068499387275
0.004385064277733061
0.004385061336293979
0.004385059296402268
0.004385057891392483
0.0043850569334612476
0.004385056290338808
0.004385055868864436
0.004385055603421144
0.004385055447791248
0.0043850553694206
0.004385055345378932
0.0043850553595146495
0.004385055400450869
0.0043850554601738995
0.004385055533039054
0.004385055615070337
0.0043850557034671896
0.004385055796257034
0.004385055892050511
0.004385055989869124
0.004385056089023754
0.004385056189029156
0.004385056289543685
0.0043850563903268655
0.004385056491209475
0.0043850565920724865
0.004385056692832242
0.004385056793429991
0.004385056893824533
0.004385056993987036
0.004385057093897357
0.004385057193541514
0.004385057292909822
0.0043850573919956655
0.00438505749079455
0.004385057589303511
0.004385057687520631
0.004385057785444759
0.004385057883075262
0.0043850579804118805
0.004385058077454621
0.004385058174203668
0.004385058270659344
0.004385058366822056
0.004385058462692279
0.004385058558270532
0.004385058653557369
0.004385058748553364
0.004385058843259099
0.004385058937675178
0.004385059031802215
0.004385059125640818
0.004385059219191599
0.004385059312455186
0.004385059405432198
0.004385059498123254
0.004385059590528979
0.004385059682649993
0.004385059774486921
0.004385059866040389
0.0043850599573110145
0.0043850600482994205
0.004385060139006233
0.0043850602294320746
0.004385060319577566
0.004385060409443327
0.004385060499029979
0.004385060588338144
0.004385060677368439
0.004385060766121487
0.00438506085459791
0.004385060942798318
0.004385061030723339
0.00438506111837358
0.0043850612057496725
0.004385061292852222
0.004385061379681848
0.0043850614662391705
0.004385061552524801
0.004385061638539353
0.004385061724283444
0.004385061809757684
0.004385061894962692
0.004385061979899077
0.004385062064567454
0.0043850621489684265
0.004385062233102613
0.004385062316970627
0.00438506240057307
0.004385062483910552
0.004385062566983688
0.004385062649793081
0.004385062732339341
0.0043850628146230725
0.004385062896644883
0.004385062978405381
0.004385063059905163
0.0043850631411448395
0.004385063222125012
0.004385063302846288
0.004385063383309264
