0.9487485058875881
0.9387165819217854
0.9286874928152753
0.9186702411133024
0.9086591087187257
0.8986503622167832
0.888641199806907
0.8786302172834095
0.8686173544394599
0.8586037628677331
0.8485916484050905
0.8385841101033523
0.8285849856528367
0.818598707959927
0.8086301748483485
0.7986846324488808
0.7887675719873034
0.7788846393182138
0.7690415562692262
0.7592440528357488
0.7494978092107824
0.7398084066733943
0.7301812864190129
0.7206217154761022
0.7111347589165674
0.7017252576276649
0.6923978110000881
0.683156763923423
0.6740061975620987
0.6649499234158036
0.6559914802354914
0.647134133393567
0.63838087636723
0.6297344340108507
0.6211972673475422
0.6127715796256702
0.6044593234132718
0.5962622085395782
0.5881817107110521
0.5802190806486955
0.5723753536039751
0.564651359147634
0.5570477311168371
0.5495649176434516
0.5422031911771055
0.5349626584428032
0.5278432702738383
0.520844831274421
0.5139670092714006
0.5072093445258512
0.5005712586715129
0.4940520633652417
0.4876509686307465
0.4813670908839058
0.47519946063116014
0.4691470298363953
0.4632086789548828
0.45738322363054323
0.4516694210651118
0.4460659760579593
0.44057154672375365
0.4351847498951954
0.4299041662178676
0.424728344945729
0.41965580844720896
0.4146850564307466
0.4098145699004772
0.40504281485187527
0.40036824571836804
0.3957893085807605
0.3913044441463224
0.38691209051203945
0.3826106857212243
0.3783986701211922
0.37427448853685213
0.3702365922680621
0.36628344091468285
0.36241350405089595
0.3586252627432552
0.35491721093429085
0.3512878566908048
0.34773572332804004
0.34425935041904265
0.3408572946941774
0.33752813083864364
0.3342704521942951
0.33108287137399767
0.3279640207913
0.3249125531139952
0.32192714164595304
0.31900648064225845
0.3161492855630508
0.31335429327004277
0.31062026217078725
0.30794597231431453
0.30533022544222826
0.3027718449987241
0.30026967610314054
0.29782258548815493
0.2954294614066573
0.2930892135100313
0.29080077270091387
0.2885630909616959
0.28637514116290075
0.2842359168520925
0.28214443202579814
0.28009972088649054
0.27810083758604787
0.2761468559574859
0.2742368692364277
0.27236998977362026
0.27054534873981095
0.26876209582424077
0.26701939892763243
0.2653164438509862
0.2636524339806093
0.2620265899712323
0.2604381494264674
0.2588863665786224
0.25737051196800725
0.2558898721223186
0.2544437492367895
0.2530314608553687
0.2516523395536414
0.25030573262372974
0.24899100176151023
0.247707522756638
0.24645468518544955
0.24523189210720095
0.24403855976377375
0.24287411728307398
0.24173800638624918
0.24062968109895752
0.23954006407517492
0.23847314420990467
0.23742846086184746
0.2364056216109507
0.23540428429479818
0.23442414457654115
0.2334649271009494
0.23252637902486517
0.2316082651553618
0.23071036420503732
0.22983246584531586
0.22897436834669704
0.22813587666328997
0.22731680086248032
0.2265169548297364
0.22573615519694176
0.22497422045559007
0.2242309702247806
0.22350622465024808
0.22279980391497803
0.22211152784534033
0.2214412155992232
0.22078868542458469
0.22015375447847127
0.21953623869787925
0.2189359527149271
0.21835270980978252
0.21778632189552963
0.21723659952996563
0.21670335194987542
0.21618638712385296
0.21568551182032433
0.215200531687739
0.2147312513443589
0.21427747447536108
0.21383900393531186
0.21341564185430623
0.21300718974631733
0.21261344861851886
0.21223421908052525
0.21186930145259572
0.21151849587218907
0.21118160239812436
0.21085842111190609
0.21054875221580874
0.21025239612740385
0.209969153570291
0.2096988256608748
0.20944121399107424
0.20919612068989615
0.20896334854997597
0.2087427010444211
0.20853398242618157
0.20833699774541423
0.20815155295403115
0.2079774549444066
0.20781451160044137
0.20766253184516908
0.20752132568507514
0.20739070425129627
0.20727047983788424
0.207160465937313
0.2070604772734207
0.20697032983197391
0.2068898408890456
0.2068188290373952
0.20675711421103982
