92.62081502187053
93.90257996930876
95.20657840725127
96.53002716124104
97.87266534758459
99.23462195698404
100.61609377882064
102.01729303913892
103.43843478499775
104.8797300874725
106.34138025450412
107.82357150454527
109.32647012896089
110.85021820859785
112.39492991481565
113.96068838835981
115.54754316156192
117.15550807152148
118.78455960283003
120.4346355962449
122.10563426251676
123.79741344655278
125.50979009482346
127.2425398872835
128.99539700331627
130.7680539988428
132.5601617785025
134.37132965256887
136.20112547305894
138.0490758474145
139.91466643052715
141.79734229969844
143.69650841656807
145.61153018266327
147.54173409525742
149.48640851108385
151.44480452312968
153.41613695885317
155.39958550443677
157.39429596033807
159.39938163203888
161.4139248587387
163.43697868147473
165.4675686507631
167.50469477240748
169.5473335886085
171.59444039005484
173.64495155261477
175.69778699200123
177.75185272652195
179.80604353789158
181.85924571851174
183.91033989147698
185.95820388982358
188.00171567414267
190.03975629924994
192.07121285962944
194.09498145025657
196.10997009848174
198.11510165472504
200.10931662461863
202.0915759255351
204.06086355097023
206.0161891269716
207.9565903457166
209.8811352624158
211.7889244429411
213.67909295093534
215.55081216462625
217.4032914151172
219.23577943954407
221.04756564414282
222.83798117393616
224.60639978741526
226.3522385362139
228.07495825135308
229.77406383913663
231.44910439118965
233.09967311444902
234.72540708809902
236.32598685552045
237.9011358602468
239.45061973571808
240.97424545927413
242.47186038134143
243.94335114113997
245.38864248046784
246.80769596728413
248.20050864066027
249.5671115887652
250.90756878548135
252.22197429768286
253.51045266229931
254.77315598476943
256.0102626949304
257.22197594111697
258.4085219929852
259.5698890281697
260.7048997501514
261.81388707086285
262.8971956242839
263.9551849705026
264.988228537953
265.9967121311455
266.98103244984617
267.9415956655111
268.87881605321695
269.79311470562635
270.684918297475
271.55465792414253
272.40276800514533
273.2296852533546
274.0358477090561
274.8216938376772
275.5876616897599
276.33418812155116
277.06170807439554
277.770653910975
278.4614548063148
279.13453619138596
279.7903192470608
280.429220446136
281.0516511411047
281.65801719535705
282.248718655487
282.8241494624134
283.38469719904623
283.93074287227824
284.4626607271372
284.9808180909854
285.4855752457249
285.9772853260381
286.45629424176644
286.9229406226049
287.3775557833773
287.8204637082285
288.25198105215725
288.67241715839225
289.0820740901949
289.4812466757477
289.87022256487205
290.24928229638573
290.61869937499256
290.9787403566595
291.329664941513
291.6717260733459
292.00517004489427
292.330236608098
292.64715908862604
292.9561645039893
293.2574736846297
293.551301397412
293.8378564709954
294.117341922613
294.38995508581013
294.6558877387551
294.9153262327498
295.16845162061793
295.4154397846707
295.656461563984
295.8916828807466
296.121264865466
296.3453639808399
296.56413214412584
296.7777168478626
296.98626127880834
297.18990443499064
297.3887812407674
297.5830226598166
297.77275580599166
297.95810405198125
298.1391871357311
298.31612126459447
298.4890192171838
298.657990442908
298.82314115918655
298.9845744463373
299.14239034014344
299.29668592210606
299.4475554074008
299.5950902305545
299.7393791288658
299.8805082235954
300.01856109895664
300.1536188789354
300.285760301979
300.4150617935819
300.5415975368156
300.6654395408341
300.78665770739946
300.90531989546827
301.02149198387895
301.1352379321858
301.2466198396779
301.3556980026322
301.4625309698365
301.56717559643175
301.6696870961137
301.7701190917347
301.8685236643533
