0.0022513
0.0038241456535483866
0.0038521082712892887
0.003880059390771094
0.00390799587206852
0.0039359132401413565
0.003963806884154733
0.00399167218549933
0.004019504530713402
0.004047299311522296
0.004075051923409025
0.004102757763994294
0.004130412231373815
0.004158010722434605
0.004185548631157898
0.004213021346914203
0.004240424252756212
0.004267752723714503
0.004295002125101232
0.0043221678108268675
0.004349245121734607
0.004376229383957506
0.004403115907302774
0.004429899983668015
0.0044565768854939345
0.004483141864258165
0.004509590149014501
0.0045359169449824465
0.004562117432191252
0.004588186764183147
0.0046141200667803505
0.004639912436920407
0.004665558941564528
0.004691054616683552
0.004716394466326412
0.004741573461775711
0.004766586540795619
0.004791428606976491
0.004816094529181954
0.004840579141102734
0.004864877240923245
0.004888983591105416
0.004912892918295703
0.004936599913360174
0.0049600992315535965
0.004983385492827799
0.0050064532822848016
0.00502929715078074
0.0050519116156858765
0.0050742911618067614
0.005096430242475942
0.005118323280815291
0.005139964671178497
0.005161348780778489
0.005182469951505518
0.005203322501941324
0.0052239007295752145
0.005244198913227076
0.005264211315682878
0.005283932186547639
0.005303355765320766
0.005322476284698287
0.0053412879741068665
0.005359785063472841
0.005377961787230953
0.0053958123885755075
0.005413331123957204
0.005430512267827923
0.005447350117635722
0.005463838999071212
0.0054799732715661445
0.005495747334044493
0.005511155630925367
0.005526192658376505
0.005540852970816183
0.005555131187660563
0.005569022000312744
0.005582520179388376
0.005595620582172291
0.005608318160299104
0.005620607967649625
0.005632485168454288
0.00564394504559264
0.0056549830090779
0.005665594604713351
0.0056757755229063156
0.0056855216076243924
0.005694828865477022
0.005703693474903892
0.005712111795450869
0.005720080377112092
0.005727595969715786
0.0057346555323302805
0.005741256242664333
0.005747395506436098
0.005753070966681796
0.005758280512975886
0.0057630222905315845
0.0057672947091507954
0.005771096451990489
0.00577442648411179
0.00577728406077788
0.005779668735464778
0.0057815803675494255
0.005783019129638461
0.00578398551450094
0.005784480341567778
0.005784504762960924
0.005784060269015015
0.00578314869325503
0.005781772216793555
0.00577993337211213
0.005777635046192251
0.005774880482962322
0.005771673285028761
0.005768017414660522
0.005763917193998672
0.005759377304464235
0.005754402785340247
0.00574899903150641
0.005743171804977199
0.005736927174411714
0.0057302715915764696
0.005723211833534389
0.005715755008354586
0.005707908547478376
0.005699680197176387
0.005691078009102862
0.005682110329957972
0.005672785790273045
0.005663113292338155
0.005653101997295726
0.005642761311428954
0.005632100871677022
0.005621130530415109
0.005623880652794992
0.005622055503323892
0.0056195359627794475
0.005616313259576369
0.005612390373748707
0.005607779052604423
0.0056024977043747995
0.005596569791091029
0.00559002257497002
0.005582886127505799
0.005575192537738777
0.005566975273857857
0.00555826866446943
0.005549107474448628
0.005539526556427069
0.005529560563428448
0.005519243711435785
0.005508609583108637
0.0054976909656958345
0.005486519717575382
0.00547512665891409
0.005463541482756611
0.005451792683489208
0.005439907500118866
0.005427911872198425
0.005415830406534694
0.005403686353058696
0.00539150158842732
0.005379296606074944
0.00536709051154815
0.005354901022042413
0.005342744469120997
0.005330635803633931
0.0053185886018712195
0.005306636377810227
0.005294786566350968
0.005283046435380573
0.005271423712814789
0.005259924787856868
0.0052485547184754275
0.005237317201988417
0.005226214549524107
0.005215247647962814
0.005204415908707309
0.00519371719994744
0.00518314775833032
0.005172702074907373
0.005162372748848572
0.005152150300564353
0.005142022933376461
0.0051319762294670815
0.005121992761125183
0.00511205159172255
0.00510212763151564
0.005092190799926809
0.005082204926273734
0.005072126291533355
0.005061901668926322
0.005051465651131602
0.005040736939611658
0.005029613085449279
0.0050179628513834056
0.005005614791283562
0.004992339560464846
0.00497782129308985
