465.76386527218995
524.5302845629645
523.7930967743316
523.1426882567852
522.5302625181208
521.9278640453215
521.3191255500952
520.6945587703526
520.0487524389678
519.378704466022
518.6828299222932
517.9603711907024
517.2110472456399
516.4348450236615
515.6318951690736
514.8023978358294
513.9465781405082
513.0646591305149
512.1568450445559
511.22331055947603
510.2641934483835
509.2795891003603
508.26954595771383
507.23406128256556
506.17307687092085
505.0864744494171
503.97407055225653
502.835610704814
501.6707627474437
500.4791091252829
499.2601379506469
498.01323261560856
496.737659693859
495.4325548219773
494.09690618975753
492.72953519477477
491.32907372540365
489.89393742555507
488.42229415937345
486.91202673039874
485.36068871189804
483.76545200804725
482.12304448447753
480.42967567904697
478.6809482320484
476.8717522720899
474.9961395917716
473.0471741153254
471.01675502146986
468.895409196042
466.67205085246496
464.3337089418458
461.8652709317101
459.2490155761864
456.4645602081
453.48853018873285
450.29462629416605
446.85408141939837
443.1368706436854
439.11416141988127
434.76264395538163
430.0714102020302
425.0516929623438
419.74863338483715
414.25201792938964
408.70013282440806
403.26974090677305
398.14902923024823
393.49985623359845
389.42462798081704
385.9525238263037
383.04847402110414
380.6363959414622
378.6237294117724
376.9200093026759
375.4467908343697
374.14102073125184
372.95449808613
371.85160304742277
370.8066123259252
369.8012385932867
368.822618431008
367.8617679206575
366.91244191963074
365.97031187542376
365.03238262355734
364.0965830629838
363.16148090101007
362.2260847996753
361.2897075785425
360.3518718292954
359.41224488034584
358.47065443796333
357.5268421875864
356.5807163213991
355.63219870475604
354.68117236683435
353.72769143084116
352.7717017107944
351.8131770755488
350.8521180663653
349.88847741805796
348.9222586449772
347.95345592836304
346.9820654552497
346.00808507522345
345.03151405101414
344.0523528755993
343.0706031362463
342.0862674116995
341.0993491927968
340.10985281972296
339.1177834311336
338.1231469218273
337.12594990663416
336.12619968891556
335.12390423251276
334.11907213637147
333.1117126112693
332.10183545826
331.08945104853814
330.07457030454697
329.05720468206306
328.037366153494
327.0150671917147
325.9903207549743
324.96314027246257
323.93353963058877
322.90153315994905
321.8671356229514
320.83036220201484
319.7912284883721
318.7497504714488
317.7059445287329
316.6598274161944
315.61141625917156
314.56072854373076
313.50778210847454
312.4525951367747
311.3951861494149
310.33557399762543
309.27377785648736
308.20981721869936
307.143711888676
306.07548197697935
305.00514789504894
303.9327303502392
302.858250341124
301.7817291530782
300.7031883541065
299.62264979091646
298.54013558521905
297.45566813024516
296.3692700874708
295.2809643835333
294.19077420733674
293.0987230073241
292.00483448892237
290.9091326121309
289.81164158927237
288.71238588285684
287.61139020359883
286.5086795085347
285.40427899925845
284.2982141202688
283.1905105573944
282.0811942363287
280.9702913212255
279.8578282133861
278.7438315500067
277.62832820298075
276.5113452777681
275.39291011230154
274.27305027594196
273.15179338100836
272.02916597709634
