5.538135010593169
5.537215211023619
5.536272736658922
5.535307733668933
5.534320352011847
5.533310745651689
5.532279072035713
5.5312254914474
5.53015016635388
5.529053260777649
5.527934939705121
5.526795368539829
5.525634712605573
5.524453136702674
5.523250804718677
5.522027879293129
5.520784521534791
5.519520890788442
5.518237144447739
5.516933437809989
5.515609923968422
5.514266753737478
5.512904075606641
5.511522035718614
5.510120777867873
5.508700443515995
5.507261171820545
5.505803099674705
5.5043263617551705
5.502831090576274
5.501317416548576
5.499785468040508
5.498235371441914
5.496667251228588
5.495081230027087
5.493477428679313
5.491855966306455
5.490216960372034
5.488560526743879
5.486886779754925
5.485195832262775
5.483487795708046
5.481762780171493
5.480020894429954
5.478262246011171
5.476486941247536
5.474695085328797
5.4728867823537755
5.471062135381156
5.469221246479323
5.467364216775326
5.4654911465029326
5.463602135049807
5.461697281003791
5.459776682198278
5.457840435756665
5.455888638134925
5.453921385172701
5.451938772114882
5.449940893670111
5.447927844044565
5.445899716980326
5.443856605792631
5.4417986034059895
5.439725802389142
5.437638294988841
5.435536173162448
5.433419528609325
5.431288452801028
5.429143037010279
5.42698337233874
5.424809549743585
5.422621660061232
5.42041979403617
5.418204042339619
5.415974495592779
5.413731244387582
5.411474379306331
5.409203990940274
5.406920169907099
5.404623006867428
5.4023125925403
5.39998901771768
5.397652373278041
5.39530275019903
5.392940239569256
5.390564932599231
5.388176920631487
5.385776295149907
5.383363147788291
5.3809375703381885
5.378499654756018
5.3760494931695115
5.3735871778834925
5.371112801385027
5.36862645634795
5.366128235636815
5.3636182323102535
5.361096539623797
5.358563251032152
5.356018460190955
5.353462260958025
5.350894747394117
5.348316013763199
5.345726154532266
5.3431252643706735
5.340513438149043
5.337890770937712
5.335257358004748
5.332613294813544
5.329958677019966
5.3272936004691065
5.324618161191601
5.321932455399529
5.319236579481929
5.316530629999862
5.313814703673559
5.3110888973992685
5.308353308220557
5.3056080333292615
5.302853170058523
5.300088815875417
5.29731506835733
5.29453202523154
5.291739784318323
5.288938443538479
5.286128100903715
5.283308854506779
5.280480802511192
5.2776440431405724
5.274798674667556
5.271944795402297
5.269082503680565
5.266211897867431
5.263333076296335
5.2604461373047045
5.257551179203771
5.2546483002648605
5.251737598705166
5.248819172673112
5.2458931202333785
5.242959539351547
5.2400185278784255
5.237070183534034
5.234114603891279
5.2311518863593225
5.228182128166674
5.225205426344003
5.222221877706703
5.2192315788372285
5.216234626067206
5.213231115459364
5.210221142789282
5.207204803526998
5.204182192818483
5.201153405467022
5.198118535914512
5.195077678222713
5.192030926054472
5.188978372654954
5.185920110832892
5.18285623294191
5.179786830861916
5.176711995980614
5.17363181917516
5.170546390793983
5.167455800638803
5.164360137946875
5.161259491373483
5.158153948974717
5.155043598190551
5.151928525828254
5.14880881804615
5.145684560337777
5.142555837516426
5.139422733700117
5.136285332297029
5.133143715991382
5.129997966729816
5.126848165708269
5.123694393359379
5.120536729340421
5.117375252521787
5.114210040976034
5.111041171967507
5.107868721942535
5.104692766520226
5.101513380483852
5.098330637772845
5.095144611475387
5.09195537382162
5.08876299617746
5.085567549039018
5.082369102027633
5.0791677238855115
5.075963482471957
5.072756444760212
5.06954667683487
5.066334243889888
5.063119210227157
