2.3647799999999997
2.810162302798444
3.2525672376566455
3.6920666551461934
4.1286550239877675
4.562319896281456
4.993044278367058
5.420808157792833
5.845589428810314
6.267364466406949
6.686108493437998
7.101795825090431
7.514400039793419
7.923894105258357
8.330250476438694
8.733441175268696
9.133437857992812
9.530211873526586
9.92373431489451
10.313976064962063
10.700907837180495
11.084500211755408
11.464723667452287
11.84154860911671
12.214945390884855
12.584884334974669
12.951335745868311
13.314269919615095
13.673657147895955
14.029467716390075
14.381671896868447
14.730239932301943
15.075142014107827
15.41634825046238
15.753828624369712
16.08755293988874
16.417490754569222
16.743611295718917
17.065883357598892
17.384275176000237
17.698754275866083
18.009287286654835
18.31583971895734
18.61837569443974
18.91685761944337
19.2112457904973
19.501497917559618
19.787568548071413
20.069408371922748
20.346963384603313
20.620173883701884
20.888973250206234
21.153286641487227
21.413029238333557
21.668104466055865
21.918402042293458
22.16379608087992
22.40414360640248
22.639284120421657
22.86904128621002
23.093228356167387
23.3116595241763
23.524169555556327
23.73064306508237
23.931051708768766
24.125492066708134
24.314211199291805
24.497605714257315
24.67618803051871
24.850527880187748
25.021188124229596
25.188673562069454
25.353402899674858
25.515700710053842
25.675804739943953
25.83387990230235
25.990033860773323
26.14433128700057
26.296805650649294
26.447468386520576
26.59631574234247
26.743333763747703
26.888501860129452
27.0317953226451
27.173187084589056
27.31264894187585
27.45015239217725
27.58566920669473
27.719171815298473
27.850633561865582
27.980028869612266
28.107333344187857
28.232523969393792
28.355578729552263
28.476477030038872
28.595199420118906
28.711727992512987
28.82604595125072
28.93813772787932
29.047988956288464
29.15558646162978
29.260918186320165
29.363973208823545
29.46474170036795
29.563214897415303
29.659385074463806
29.75324551727083
29.84479049655758
29.934015242231595
30.020915918146205
30.105489597404734
30.187734238208996
30.26764866024707
30.34523252161138
30.42048629623659
30.493411251845238
30.56400942838813
30.63228361696678
30.698237339224438
30.761874827192763
30.823201003581577
30.882221462498777
30.93894245058865
30.993370848576404
31.04551415320782
31.095380459572866
31.14297844380244
31.188317346128176
31.23140695429527
31.272257587319125
31.310880079574556
31.347285765212696
31.381486462892894
31.41349446082334
31.443322502101942
31.470983770349886
31.496491875630035
31.519860840643393
31.541105087196293
31.560239422931854
31.577279028318788
31.59223944389181
31.60513655773719
31.615986593217592
31.624806096930634
31.631611926895687
31.636421240963386
31.639251485443136
31.640120383942943
31.639045926417687
31.63604635842027
31.631140170551795
31.624346088106073
31.615683060904338
31.60517025331624
31.592827034462864
31.578672968598433
31.562727805666277
31.54501147202638
31.52554406135033
31.504345825680808
31.481437166652086
31.4568386268685
31.430570881438108
31.402654729658234
31.373111086850383
31.34196097634159
31.30922552158985
31.2749259384507
31.23908352758298
31.201719666990822
31.16285580470018
31.122513451567304
31.08071049561462
31.037472490309117
30.99282107914497
