0.0
29.29843014382193
0.0
0.0
30.54701879612386
0.0
0.0
31.001846677163172
0.0
0.0
31.435671525398476
0.0
0.0
31.846634026919567
0.0
0.0
32.23521648619094
0.0
0.0
32.602239383299775
0.0
0.0
32.948588549484356
0.0
0.0
33.27518491362163
0.0
0.0
33.582979542699896
0.0
0.0
33.87294591185214
0.0
0.0
34.14606851704092
0.0
0.0
34.403329845790786
0.0
0.0
34.645697576222595
0.0
0.0
34.87411315507032
0.0
0.0
35.08948242471567
0.0
0.0
35.292668537981044
0.0
0.0
35.48448716902829
0.0
0.0
35.66570378747083
0.0
0.0
35.83703273249436
0.0
0.0
35.99913772682024
0.0
0.0
36.15263350234518
0.0
0.0
36.29808823110477
0.0
0.0
36.436026474879895
0.0
0.0
36.56693244343659
0.0
0.0
36.69125336856086
0.0
0.0
36.80940286044881
0.0
0.0
36.92176413960822
0.0
0.0
37.028693097065904
0.0
0.0
37.13052112353464
0.0
0.0
37.22755757432709
0.0
0.0
37.32009220826877
0.0
0.0
37.40839713925584
0.0
0.0
37.492728637976356
0.0
0.0
37.573328691915094
0.0
0.0
37.65042632018673
0.0
0.0
37.72423883631008
0.0
0.0
37.79497270231755
0.0
0.0
37.86282443299312
0.0
0.0
37.92798129227264
0.0
0.0
37.990621896059245
0.0
0.0
38.05091671218168
0.0
0.0
38.109028493269115
0.0
0.0
38.16511262982117
0.0
0.0
38.21931746784601
0.0
0.0
38.271784563984546
0.0
0.0
38.322648931311285
0.0
0.0
38.372039199738445
0.0
0.0
38.42007785287979
0.0
0.0
38.466881356540235
0.0
0.0
38.51256031073367
0.0
0.0
38.557219625200325
0.0
0.0
38.60095861276123
0.0
0.0
38.643871151046845
0.0
0.0
38.686045534985986
0.0
0.0
38.72756573538293
0.0
0.0
38.76850982378151
0.0
0.0
38.808951265259616
0.0
0.0
38.84895876065489
0.0
0.0
38.88859639126209
0.0
0.0
38.927923764180484
0.0
0.0
38.966996155608015
0.0
0.0
39.00586466799871
0.0
0.0
39.04457637530461
0.0
0.0
39.0831744801969
0.0
0.0
39.121698472969776
0.0
0.0
39.16018428535363
0.0
0.0
39.198664451392716
0.0
0.0
39.23716826771088
0.0
0.0
39.27572195020743
0.0
0.0
39.3143487947206
0.0
0.0
39.35306933499216
0.0
0.0
39.39190149825166
0.0
0.0
39.43086076078654
0.0
0.0
39.46996029868475
0.0
0.0
39.50921113958914
0.0
0.0
39.548622307692106
0.0
0.0
39.588200966972835
0.0
0.0
39.62795255958719
0.0
0.0
39.66788094189275
0.0
0.0
39.707988513671715
0.0
0.0
39.74827634571546
0.0
0.0
39.78874429877103
0.0
0.0
39.82939114112545
0.0
0.0
39.8702146591897
0.0
0.0
39.91121176276057
0.0
0.0
39.952378587154286
0.0
0.0
39.99371058620222
0.0
0.0
40.03520262668917
0.0
0.0
40.07684906849057
0.0
0.0
40.11865153167752
0.0
0.0
40.16058058605717
0.0
0.0
40.20265251681331
0.0
0.0
40.24485278663446
0.0
0.0
40.2871743343039
0.0
0.0
40.329610011123286
0.0
0.0
40.37215262708314
0.0
0.0
40.4082320108439
0.0
0.0
40.407809553108045
0.0
0.0
40.407922310131276
0.0
0.0
40.408552964935936
0.0
0.0
40.40967987398177
0.0
0.0
40.41128148201539
0.0
0.0
40.41333691121292
0.0
0.0
40.41582590552737
0.0
0.0
40.41872887527654
0.0
0.0
40.422026649070276
0.0
0.0
40.425700862676415
0.0
0.0
40.42973357563187
0.0
0.0
40.43410741454864
0.0
0.0
40.438805536072415
0.0
0.0
40.44381161057577
0.0
0.0
40.44910980986626
0.0
0.0
40.45468480270347
0.0
0.0
40.46052173728667
0.0
0.0
40.466606241116736
0.0
0.0
40.47292440084425
0.0
0.0
40.47946276489178
0.0
0.0
40.48620832745972
0.0
0.0
40.49314852352734
0.0
0.0
40.500271218548974
0.0
0.0
40.50756470137282
0.0
0.0
40.51501767454867
0.0
0.0
40.522619248536195
0.0
0.0
40.53035892661871
0.0
0.0
40.538226605503134
0.0
0.0
40.54621255827814
0.0
0.0
40.55430742950572
0.0
0.0
40.56250222526129
0.0
0.0
40.570788305110156
0.0
0.0
40.57915737219875
0.0
0.0
40.58760146418656
0.0
0.0
40.59611294517595
0.0
0.0
40.60468449490403
0.0
0.0
40.613309102172494
0.0
0.0
40.62198005387928
0.0
0.0
40.63069092711125
0.0
0.0
40.639435582050375
0.0
0.0
40.64820814854867
0.0
0.0
40.657003022535115
0.0
0.0
40.6658148551951
0.0
0.0
40.67463854437791
0.0
0.0
40.6834692285681
0.0
0.0
40.69230227522346
0.0
0.0
40.701133276466294
0.0
0.0
40.70995803892592
0.0
0.0
40.7187725776957
0.0
0.0
40.7275731064269
0.0
0.0
40.73635603543242
0.0
0.0
40.74511795700375
0.0
0.0
40.75385564607157
0.0
0.0
40.762566046318234
0.0
0.0
40.771246270031305
0.0
0.0
40.77989358876534
0.0
0.0
40.78850542573151
0.0
0.0
40.79707935198533
0.0
0.0
40.8056130811238
0.0
0.0
40.81410446035167
0.0
0.0
40.82255147027935
0.0
0.0
40.830952211959456
0.0
0.0
40.839304912329915
0.0
0.0
40.847607906918874
0.0
0.0
40.85585964392672
0.0
0.0
40.864058678320916
0.0
0.0
40.87220366363389
0.0
0.0
40.88029335171175
0.0
0.0
40.8883265848308
0.0
0.0
40.896302296032424
0.0
0.0
40.904219500097575
0.0
0.0
40.91207729441983
0.0
0.0
40.9198748522925
0.0
0.0
40.92761142214703
0.0
0.0
40.93528631975253
0.0
0.0
40.94289893100342
0.0
0.0
40.950448703544964
0.0
0.0
40.95793514797121
0.0
0.0
40.965357830134366
0.0
0.0
40.9727163738556
0.0
0.0
40.98001045459479
0.0
0.0
40.98723979609473
0.0
0.0
40.99440417352488
0.0
0.0
41.00150340347165
0.0
0.0
41.00853734813508
0.0
0.0
41.01550590911173
0.0
0.0
41.02240902854074
0.0
0.0
41.02924668443877
0.0
0.0
41.03601888790377
0.0
0.0
41.04272568725482
0.0
0.0
41.04936715827007
0.0
0.0
41.05594340682317
0.0
0.0
41.06245457150973
0.0
0.0
41.06890080897353
0.0
0.0
41.07528231023438
0.0
0.0
41.081599282718564
0.0
0.0
41.08785196016275
0.0
0.0
41.094040596269345
0.0
0.0
41.1001654629043
0.0
0.0
41.10622685362765
0.0
0.0
41.11222507651897
0.0
0.0
41.118160457308655
0.0
