85.601952
6.353801348042468
6.379296503326894
6.401330017999758
6.42133393742754
6.439580558423281
6.456173497574639
6.471319138064907
6.484720437025698
6.496833586479381
6.5076122794494005
6.517135126457573
6.525479391414047
6.532720526943153
6.538931808072649
6.544184050862778
6.548545403355446
6.552081197899333
6.554853855369873
6.556922833053287
6.558344609067458
6.559172696996314
6.559457685490265
6.55924729793324
6.558586468223308
6.5575174290830525
6.556079809873719
6.5543107413067725
6.552244964841192
6.549914944886424
6.5473509822422935
6.544581327465685
6.541632293093986
6.53852836384846
6.535281000213555
6.531945270711784
6.528506882415393
6.524995355104183
6.521427579481275
6.517819205287349
6.514184727397173
6.510537565645881
6.506890140037984
6.50325394168418
6.499639599603812
6.496056943532043
6.492515062874602
6.489022361966486
6.4855866118000405
6.482214998391231
6.478914167953783
6.475690269054419
6.472548991917556
6.469495605042747
6.46653498930184
6.463671669665605
6.460909844715932
6.458253414084185
6.455706003955193
6.453270990768107
6.450951523237281
6.448750542813479
6.446670802693346
6.444714885486236
6.4428852196336495
6.44118409467589
6.43961367545358
6.43817601532434
6.4368730684726385
6.435706701383833
6.4346787035492214
6.433790797466956
6.433044647994409
6.43244187110944
6.431984042131707
6.4316727034512615
6.431509371809968
6.431495545179531
6.431632709272583
6.431922343728279
6.432365928004559
6.432964947011702
6.433721166843138
6.4346355520179275
6.435709912484644
6.436945798338248
6.438344817491327
6.439908585543298
6.441638768107614
6.44353707492126
6.445605273607573
6.44784516107091
6.4502584125978775
6.452847377864501
6.455613848357011
6.458559899045112
6.46168768243361
6.464999433657443
6.468497475739209
6.472184225045117
6.476062196966612
6.480134011859262
6.484402401268893
6.4888702144792045
6.493540425417649
6.498416139957267
6.503500603658392
6.508797209994951
6.51430950911573
6.520041217195872
6.52599622643902
6.532178615796149
6.538592662474967
6.545242854321354
6.552133903163688
6.559270759221034
6.566658626687689
6.574302980621926
6.582209585279321
6.590384514053071
6.598834171200248
6.607565315559857
6.616585086496329
6.625901032330579
6.635521141564534
6.645453877242501
6.655708214850191
6.666293684207103
6.67722041588428
6.688499192761842
6.700141507442036
6.712159626352785
6.724566661525674
6.737376651200293
6.750604650623074
6.764266834663415
6.7783806141839875
6.792964768490998
6.808039596665038
6.823627091173859
6.839751137915869
6.856437747778253
6.873715326013684
6.891614987259742
6.910170926031936
6.9294208551228405
6.949406527764296
6.970174363996912
6.99177620784857
7.014270250355669
7.037722165113873
7.062206519426826
7.087808547515079
7.11462640625661
7.142774084390665
7.172385212651033
7.203618141328811
7.236662842192691
7.271750506335386
7.309167248997473
7.3492742983248265
7.392538864897765
7.4395835346698265
7.491276701748539
7.548861815786402
7.614295646823072
7.6909369162119345
7.785594286289674
7.917397445914441
7.202155812174339
7.213356055651817
7.224664981752311
7.236076451427059
7.247588699575407
7.259201639570519
7.270915397710393
7.2827301070637604
7.294645880988675
7.3066628120316555
7.318780974174866
7.33100042531098
7.343321209527874
7.355743359162117
7.368266896637397
7.380891836109413
7.393618184935466
7.406445944987389
7.419375113824148
7.432405685737504
7.445537652683999
7.458771005117205
7.472105732727192
7.485541825100332
7.499079272304305
7.512718065410951
7.526458196957932
7.540299661361626
7.554242455280723
7.5682865779414525
7.58243203142445
