7.089021147712127
7.086867953340117
7.08473694604293
7.082626856692789
7.08053649191832
7.078464732231318
7.076410529807949
7.0743729059831315
7.072350948515284
7.070343808675753
7.068350698213461
7.066370886241007
7.064403696083511
7.062448502126707
7.060504726695714
7.058571836991132
7.056649342104494
7.054736790130842
7.052833765392281
7.0509398857828725
7.049054800242102
7.047178186361471
7.04530974812645
7.043449213794052
7.041596333904685
7.039750879425632
7.037912640022407
7.036081422453507
7.034257049083392
7.032439356508152
7.03062819428803
7.028823423780805
7.027024917070011
7.025232555981999
7.023446231185954
7.021665841371136
7.0198912924958154
7.018122497102607
7.016359373695143
7.014601846171298
7.012849843308451
7.011103298296523
7.009362148314834
7.007626334149038
7.005895799844708
7.004170492394339
7.002450361454825
7.000735359092642
6.999025439554232
6.99732055905924
6.995620675614497
6.993925748846763
6.992235739852458
6.990550611062738
6.988870326122421
6.98719484978141
6.985524147797369
6.983858186848524
6.982196934455582
6.980540358911827
6.978888429220562
6.977241115039144
6.97559838662892
6.973960214810446
6.972326570923442
6.970697426790966
6.969072754687369
6.967452527309622
6.965836717751645
6.964225299481316
6.96261824631987
6.961015532423423
6.959417132266381
6.957823020626534
6.9562331725716415
6.95464756344735
6.9530661688662745
6.951488964698145
6.949915927060861
6.948347032312381
6.9467822570433375
6.945221578070294
6.943664972429584
6.942112417371652
6.940563890355843
6.939019369045602
6.937478831304014
6.935942255189669
6.934409618952807
6.9328809010317
6.93135608004927
6.929835134809896
6.928314189570522
6.926793244331148
6.925272299091774
6.9237513538524
6.922230408613026
6.920709463373652
6.919188518134278
6.917667572894904
6.91614662765553
6.914625682416156
6.9131047371767815
6.9115837919374075
6.910062846698033
6.908541901458659
6.907020956219285
6.905500010979911
6.903979065740537
6.902458120501163
6.900937175261789
6.899416230022415
6.897895284783041
6.896374339543667
6.894853394304293
6.893332449064919
6.8918115038255445
6.8902905585861705
6.888769613346796
6.887248668107422
6.885727722868048
6.884206777628674
6.8826858323893
6.881164887149926
6.879643941910552
6.878122996671178
6.876602051431804
6.87508110619243
6.873560160953056
6.872039215713682
6.8705182704743075
6.8689973252349334
6.867476379995559
6.865955434756185
6.864434489516811
6.862913544277437
6.861392599038063
6.859871653798689
6.858350708559315
6.856829763319941
6.855308818080567
6.853787872841193
6.852266927601819
6.850745982362445
6.8492250371230705
6.847704091883696
6.846183146644322
6.844662201404948
6.843141256165574
6.8416203109262
6.840099365686826
6.838578420447452
6.837057475208078
6.835536529968704
6.83401558472933
6.832494639489956
6.830973694250582
6.829452749011208
6.8279318037718335
6.826410858532459
6.824889913293085
6.823368968053711
6.821848022814337
6.820327077574963
6.818806132335589
6.817285187096215
6.815764241856841
6.814243296617467
6.812722351378093
6.811201406138719
6.809680460899345
6.808159515659971
6.8066385704205965
6.805117625181222
6.803596679941848
6.802075734702474
6.8005547894631
6.799033844223726
6.797512898984352
6.795991953744978
6.794471008505604
6.79295006326623
6.791429118026856
6.789908172787482
6.788387227548108
6.786866282308734
6.7853453370693595
6.783824391829985
6.782303446590611
6.780782501351237
6.779261556111863
6.777740610872489
6.776219665633115
6.774698720393741
6.773177775154367
6.771656829914993
6.770135884675619
6.768614939436245
6.767093994196871
6.765573048957497
