89.06821964786715
593.845720393397
601.1499200124088
608.0832570687455
614.6265699101112
620.7635828699666
626.4813861827862
631.7705790190001
636.6252813812204
641.0430601872389
645.0247849427454
648.5744240880899
651.6987933346617
654.4072678394198
656.7114701062403
658.6249449779172
660.1628320844876
661.3415447735505
662.1784630027253
662.6916460486513
662.8995692865659
662.8208878013642
662.4742282620778
661.8780093606521
661.0502901966885
660.0086452802176
658.7700643109888
657.350874553852
655.7666834400525
654.032338956841
652.1619054163923
650.1686522955291
648.0650539887168
645.862798500266
643.572803302801
641.2052367962533
638.7695440060913
636.2744753549565
633.7281175239194
631.1379255857231
628.5107557412576
625.8528981217717
623.1701092333752
620.4676437181422
617.7502851887222
615.0223759622521
612.2878455759761
609.550238012859
606.8127376019039
604.0781935864236
601.3491433751758
598.6278345073621
595.916245373849
593.2161047446313
590.5289101571586
587.8559452223901
585.1982965445036
582.5568675239579
579.9323920069534
577.3254527544645
574.7364893934291
572.1658118379877
569.6136115223069
567.0799719515506
564.5648786067896
562.0682282380061
559.5898375770537
557.1294515001711
554.6867506677942
552.2613586674302
549.8528486840733
547.460749721137
545.0845566732779
542.7237187130177
540.3776696152058
538.0458156215509
535.727543890007
533.4222264470867
531.1292238278074
528.8478884195641
526.5775675261053
524.317606168282
522.0673496362756
519.8261458090827
517.5933472556313
515.3683131317329
513.1504108865445
510.93901779171995
508.7335223059036
506.53332528671996
504.3378410618582
502.1464983703497
499.9587411845701
497.7740294229703
495.59183956301484
493.4116651632563
491.23301730295344
489.05542494713336
486.87843524446936
484.7016137648652
482.52454468315426
480.3468309148365
478.1680942093485
475.9879752059005
473.8061334565171
471.62224742049796
469.43601443414616
467.2471506592338
465.05539101333636
462.86048908482724
460.662217035016
458.46036548961746
456.25474342145645
454.0451780260491
451.831514591458
449.6136163635808
447.3913628772117
445.16465605515833
442.93341051500533
440.69755992858654
438.45705520637324
436.21186435117085
433.96199303105607
431.70739981152707
429.4481259893795
427.1842060627822
424.915691134733
422.64264849913536
420.365161435126
418.08332902639324
415.797265978477
413.50710242948077
411.212983752747
408.9150493368468
406.61351805350876
404.3085566063081
402.00036946297047
399.68917491361515
397.3752050361062
395.0587054484398
392.7399350169005
390.4191655436905
388.09668143674867
385.77277936156855
383.4477678744688
381.1219670367966
378.7957080096285
376.4693326286259
374.14319295882194
371.8176508292176
369.4930773471843
367.16985239280297
364.84836409338646
362.52900827857036
360.21218791648147
357.89831253164
355.58779760537175
353.28106395964886
350.9785371254051
348.68064669650767
346.387825670667
344.1005097787273
341.8191368038437
339.54414589220016
337.2759768569807
335.01506947742655
332.7618627948673
330.51679440767765
328.28029976718676
326.052811476579
323.8347585948795
321.6265659481103
319.428653449723
317.24143543238677
315.06531999319486
312.9007083543069
310.7479942371193
308.60756327911315
306.4797924130679
304.3650493479427
302.2636920147952
300.1760680626526
298.1025143777919
296.0433566317246
293.998908859029
291.9694730660315
289.9553388712038
287.95678317797643
285.9740698805439
284.00744960306463
282.0571594725162
280.12342292532236
278.2064495477125
276.3064349496356
274.4235606719088
272.5579941261506
270.70988856692736
268.8793830953903
267.06660269362243
265.2716582887558
89.06821964786715
593.845720393397
601.1499200124088
608.0832570687455
614.6265699101112
620.7635828699666
626.4813861827862
631.7705790190001
636.6252813812204
641.0430601872389
645.0247849427454
648.5744240880899
651.6987933346617
654.4072678394198
656.7114701062403
658.6249449779172
660.1628320844876
661.3415447735505
662.1784630027253
662.6916460486513
662.8995692865659
662.8208878013642
662.4742282620778
661.8780093606521
661.0502901966885
660.0086452802176
658.7700643109888
657.350874553852
655.7666834400525
654.032338956841
652.1619054163923
650.1686522955291
648.0650539887168
645.862798500266
643.572803302801
641.2052367962533
638.7695440060913
636.2744753549565
633.7281175239194
631.1379255857231
628.5107557412576
625.8528981217717
623.1701092333752
620.4676437181422
617.7502851887222
615.0223759622521
612.2878455759761
609.550238012859
606.8127376019039
604.0781935864236
601.3491433751758
598.6278345073621
595.916245373849
593.2161047446313
590.5289101571586
587.8559452223901
585.1982965445036
582.5568675239579
579.9323920069534
577.3254527544645
574.7364893934291
572.1658118379877
569.6136115223069
567.0799719515506
564.5648786067896
562.0682282380061
559.5898375770537
557.1294515001711
554.6867506677942
552.2613586674302
549.8528486840733
547.460749721137
545.0845566732779
542.7237187130177
540.3776696152058
538.0458156215509
535.727543890007
533.4222264470867
531.1292238278074
528.8478884195641
526.5775675261053
524.317606168282
522.0673496362756
519.8261458090827
517.5933472556313
515.3683131317329
513.1504108865445
510.93901779171995
508.7335223059036
506.53332528671996
504.3378410618582
502.1464983703497
499.9587411845701
497.7740294229703
495.59183956301484
493.4116651632563
491.23301730295344
489.05542494713336
486.87843524446936
484.7016137648652
482.52454468315426
480.3468309148365
478.1680942093485
475.9879752059005
473.8061334565171
471.62224742049796
469.43601443414616
467.2471506592338
465.05539101333636
462.86048908482724
460.662217035016
458.46036548961746
456.25474342145645
454.0451780260491
451.831514591458
449.6136163635808
447.3913628772117
445.16465605515833
442.93341051500533
440.69755992858654
438.45705520637324
436.21186435117085
433.96199303105607
431.70739981152707
429.4481259893795
427.1842060627822
424.915691134733
422.64264849913536
420.365161435126
418.08332902639324
415.797265978477
413.50710242948077
411.212983752747
408.9150493368468
406.61351805350876
404.3085566063081
402.00036946297047
399.68917491361515
397.3752050361062
395.0587054484398
392.7399350169005
390.4191655436905
388.09668143674867
385.77277936156855
383.4477678744688
381.1219670367966
378.7957080096285
376.4693326286259
374.14319295882194
371.8176508292176
369.4930773471843
367.16985239280297
364.84836409338646
362.52900827857036
360.21218791648147
357.89831253164
355.58779760537175
353.28106395964886
350.9785371254051
348.68064669650767
346.387825670667
344.1005097787273
341.8191368038437
339.54414589220016
337.2759768569807
335.01506947742655
332.7618627948673
330.51679440767765
328.28029976718676
326.052811476579
323.8347585948795
321.6265659481103
319.428653449723
317.24143543238677
315.06531999319486
312.9007083543069
310.7479942371193
308.60756327911315
306.4797924130679
304.3650493479427
302.2636920147952
300.1760680626526
298.1025143777919
296.0433566317246
293.998908859029
291.9694730660315
289.9553388712038
287.95678317797643
285.9740698805439
284.00744960306463
282.0571594725162
280.12342292532236
278.2064495477125
276.3064349496356
274.4235606719088
272.5579941261506
270.70988856692736
268.8793830953903
267.06660269362243
265.2716582887558
