0.09070130106530024
0.09079233903272178
0.09092520288651731
0.09109679957856512
0.0913043484377148
0.09154532094298568
0.09181740105423161
0.09211845651463796
0.09244651663117553
0.09279975429192054
0.09317647100651774
0.09357508424723439
0.09399411661829496
0.09443218651903859
0.09488800004913259
0.09536034395791222
0.09584807947752018
0.09635013690728989
0.09686551083821472
0.09739325592336529
0.09793248311399448
0.09848235629260221
0.09904208924395998
0.0996109429134065
0.10018822290888917
0.10077327720944869
0.10136549404827773
0.10196429994363163
0.10256915785232414
0.1031795654321065
0.10379505339038113
0.10441518390981246
0.10503954913920718
0.10566776974104143
0.10629949348885222
0.10693439390928682
0.10757216896493423
0.10821253977518247
0.10885524937326581
0.1095000614984111
0.11014675942258433
0.11079514481178977
0.11144503662220678
0.11209627003167551
0.11274869540718024
0.11340217730903883
0.11405659353250605
0.1147118341874422
0.1153678008166058
0.1160244055530011
0.11668157031656384
0.11733922605030415
0.11799731199585436
0.11865577500819419
0.11931456890915378
0.11997365387912941
0.12063299588628894
0.12129256615240024
0.12195234065428465
0.12261229965978138
0.12327242729700863
0.1239327111556245
0.12459314191872133
0.12525371302393698
0.1259144203523291
0.12657526194353552
0.12723623773573742
0.12789734932894206
0.12855859977011866
0.12921999335874484
0.12988153547135367
0.13054323240371213
0.13120509122930818
0.13186711967287623
0.13252932599774472
0.13319171890585105
0.1338543074493272
0.13451710095262376
0.1351801089442013
0.13584334109688093
0.13650680717600838
0.13717051699464516
0.1378344803750602
0.1384987071158515
0.13916320696408324
0.13982798959187348
0.14049306457691946
0.1411584413864929
0.14182412936448113
0.14249013772109242
0.14315647552488028
0.14382315169677812
0.14449017500586764
0.1451575540666347
0.145825297337494
0.1464934131203885
0.1471619095612933
0.1478307946514728
0.148500076229361
0.14916976198294887
0.14983985945258008
0.1505103760340688
0.151181318982065
0.1518526954160045
0.15252451231348663
0.15319677653066452
0.1538694947940808
0.1545426737077422
0.15521631975692624
0.15589043931195395
0.1565650386319093
0.15724012386829062
0.1579157010685841
0.15859177617974912
0.15926835505161083
0.15994544344015385
0.16062304701071514
0.16130117134107402
0.16197982192443905
0.16265900417233106
0.16333872341736552
0.16401898491593267
0.1646997938507806
0.16538115533350098
0.1660630744069223
0.16674555604741154
0.16742860516708813
0.1681122266159533
0.16879642518393728
0.16948120560286778
0.17016657254836218
0.17085253064164746
0.1715390844513095
0.17222623849497534
0.17291399724093123
0.17360236510967794
0.17429134647542757
0.1749809456675431
0.1756711669719233
0.1763620146323357
0.17705349285169877
0.1777456057933166
0.17843835758206747
0.17913175230554781
0.1798257940151741
0.1805204867272441
0.18121583442395867
0.1819118410544066
0.18260851053551336
0.18330584675295486
0.18400385356203877
0.18470253478855364
0.1854018942295873
0.18610193565431588
0.1868026628047649
0.18750407939654265
0.1882061891195478
0.18890899563865196
0.18961250259435736
0.190316713603432
0.1910216322595221
0.191727262133743
0.19243360677524907
0.19314066971178392
0.19384845445021137
0.19455696447702733
0.19526620325885446
0.1959761742429191
0.1966868808575119
0.1973983265124324
0.19811051459941775
0.19882344849255715
0.19953713154869165
0.20025156710779984
0.20096675849337076
0.20168270901276356
0.20239942195755456
0.2031169006038728
0.20383514821272367
0.20455416803030155
0.20527396328829153
0.20599453720416083
0.20671589298144005
0.2074380338099951
0.20816096286628927
0.20888468331363674
0.2096091983024469
0.21033451097046074
0.2110606244429788
0.2117875418330813
0.21251526624184097
0.21324380075852803
0.2139731484608089
0.21470331241493723
0.21543429567593886
0.21616610128779057
0.21689873228359202
0.21763219168573256
0.21836648250605156
0.21910160774599385
