0.00473624434690902
0.004795964810242258
0.004849879810867287
0.004898627557377512
0.004942727181962222
0.0049826333110823155
0.0050187506648556954
0.005051441560813766
0.005081031433378651
0.0051078134275376556
0.005132052188923404
0.005153987134039149
0.005173835246538839
0.005191793492647922
0.005208040919968119
0.005222740490996826
0.0052360406927120535
0.00524807695581964
0.005258972911181057
0.0052688415061334665
0.00527778599958329
0.005285900851677041
0.005293272521363674
0.005299980183133332
0.005306096372552455
0.005311687568840409
0.005316814721590212
0.005321533727780665
0.0053258958644245525
0.00532994818151893
0.005333733859386802
0.005337292534007608
0.005340660593511626
0.005343871448649802
0.005346955866931852
0.005349941848322652
0.00535285535810861
0.0053557201637850806
0.005358558095832527
0.005361389206155195
0.005364231913189991
0.00536710313493983
0.0053700184109965
0.005372992014507548
0.00537603705495047
0.005379165572497752
0.005382388624684787
0.0053857163660282386
0.005389158121184896
0.005392722452188506
0.005396417220255393
0.005400249642606784
0.005404226344717149
0.005408353408363143
0.005412636415815517
0.0054170804904877514
0.005421690334328822
0.005426470262223274
0.005431424233640302
0.00543655588175325
0.005441868540232765
0.005447365267900384
0.0054530488714137825
0.005458921926141163
0.005464986795369457
0.005471245647979132
0.005477700474707881
0.005484353103115565
0.005491205211353525
0.005498258340833519
0.005505513907883414
0.005512973214470223
0.005520637458064307
0.005528507740712929
0.005536585077385655
0.005544870403649367
0.005553364582725867
0.005562068411980894
0.005570982628889541
0.005580107916519475
0.005589444908569898
0.005598994194001506
0.005608756322395447
0.0056187318034541574
0.005628921117168955
0.005639324712720869
0.0056499430126721525
0.005660776415613508
0.005671825298785831
0.005683090020386943
0.005694570921731519
0.005706268329098111
0.005718182553973973
0.005730313901347769
0.005742662661110966
0.00575522911614388
0.005768013541880274
0.005781016207437427
0.005794237376643904
0.005807677308973053
0.005821336260389221
0.005835214484113499
0.005849312231315009
0.005863629751733318
0.005878167294237226
0.00589292510732448
0.00590790343956683
0.005923102540004349
0.0059385226584925815
0.005954164046005854
0.0059700269548996964
0.005986111639135106
0.0060024183544671724
0.006018947358600091
0.006035698911310791
0.006052673274542786
0.0060698707124718755
0.006087291491545053
0.006104935880493782
0.006122804150322704
0.006140896574274551
0.0061592134277718745
0.006177754988336128
0.006196521535484306
0.006215513350603398
0.00623473071680227
0.006254173918741071
0.006273843242437302
0.006293738975048083
0.006313861404627465
0.006334210819857563
0.006354787509752001
0.006375591763329645
0.006396623869256392
0.006417884115452092
0.006439372788659437
0.006461090173970659
0.006483036554307556
0.006505212209849036
0.0065276174173996525
0.006550252449691148
0.0065731175746074596
0.006596213054321826
0.00661953914433209
0.006643096092377465
0.006666884137216299
0.0066909035072395375
0.006715154418888531
0.006739637074838158
0.006764351661895702
0.0067892983485523
0.006814477282105665
0.0068398885852473685
0.00686553235197355
0.006891408642628747
0.006917517477822131
0.006943858830851223
0.006970432618111386
0.006997238686724672
0.00702427679822836
0.007051546606504892
0.007079047626979066
0.0071067791919632445
0.0071347403864278625
0.0071629299166317785
0.007191345955374632
0.007219985727507223
0.007248844586012401
0.007277912745967051
0.007307793009085477
0.007337948430685179
0.00736837736581584
0.007399078976752218
0.00743005262918115
0.007461297786083378
0.007492813988985186
0.007524600850745476
0.007556658050307972
0.007588985328026117
0.007621582481340396
0.007654449360757272
0.007687585866104532
0.007720991943042901
0.007754667579815441
0.007788612804217811
0.007822827680773758
0.007857312308101131
0.007892066816454987
0.00792709136543502
0.007962386141845967
0.007997951357699797
0.008033787248349968
0.008069894070748202
0.008106272101815179
0.008142921636917272
0.008179842988441561
0.008217036484462504
0.008254502467493624
0.008292241293318464
0.008330253329894972
