0.467897620983379
0.4672150873129934
0.4662517201049842
0.4650506583831565
0.4636320015242199
0.4620224367183331
0.460245706297405
0.45832375344393284
0.4562766087370805
0.4541224035775871
0.45187745332859736
0.44955637633162543
0.447172228184429
0.4447366395352155
0.4422599503973452
0.43975133740340155
0.4372189319030199
0.43466992845650826
0.43211068340987785
0.4295468041423623
0.4269832294201061
0.4244243015145146
0.4218738308222695
0.41933515370549823
0.4168111841780959
0.41430446001182747
0.411817183932848
0.4093512603321851
0.40690832806453286
0.4044897896573461
0.40209683740553853
0.3997304765945021
0.3973915462593913
0.39508073766408974
0.3927986108304103
0.39054560928656046
0.3883220731909094
0.38612825106345644
0.3839643102723373
0.3818303464152462
0.37972639163933053
0.37765242212965094
0.3756083647476187
0.37359410300882157
0.37160948239610736
0.3696543151129532
0.3677283843303664
0.3658314479814675
0.3639632421449522
0.36212348409468886
0.36031187498408834
0.3585281022697801
0.35677184186945315
0.35504276008819696
0.353340515337603
0.3516647596693399
0.3500151401484676
0.34839130005353774
0.34679287998073133
0.3452195188027978
0.34367085452734053
0.342146525059032
0.34064616887558363
0.33916942562637914
0.3377159366617733
0.3362853455000911
0.3348772982387921
0.3334914439154634
0.3321274348191742
0.33078492678108595
0.32946357939784293
0.32816305624408454
0.3268830250546299
0.3256231578608078
0.3243831311307721
0.323162625889864
0.32196132777062625
0.3207789271283633
0.3196151190562151
0.3184696034574261
0.3173420850655806
0.31623227345454913
0.315139883059373
0.31406463317362876
0.3130062479425529
0.31196445634540004
0.31093899218727344
0.3099295940624116
0.3089360053279695
0.30795797406982595
0.30699525306466163
0.30604759973883155
0.30511477612435955
0.3041965488125318
0.30329268890533795
0.3024029719651175
0.3015271779626526
0.3006650912239862
0.29981650037616747
0.29898119829213265
0.298158982034894
0.29734965280397274
0.29655301587033456
0.2957688805279191
0.29499706003371734
0.2942373715506655
0.29348963609064527
0.2927536784576149
0.29202932719098934
0.29131641450932083
0.2906147762543303
0.2899242518353546
0.28924468417425825
0.2885759196508209
0.2879178080486882
0.28727020249978624
0.28663295943773326
0.28600593853907263
0.2853890026737848
0.2847820178542536
0.2841848531848721
0.28359738081232777
0.28301947587653037
0.2824510164622429
0.28189188355137035
0.28134196097591996
0.2808011353716557
0.2802692961323968
0.2797463353650074
0.27923214784503564
0.2787266309730098
0.27822968473137366
0.27774121164206866
0.2769310056113921
0.27611944197117844
0.2753083284703223
0.274499303802742
0.27369385034952515
0.2728933061714663
0.27209887625710993
0.27131164304265376
0.2705325762275001
0.2697625419142256
0.2690023111048081
0.2682525675857039
0.2675139152414566
0.2667868848201815
0.26607194019599967
0.26536948415544126
0.2646798637406549
0.26400337517966654
0.2633402684324682
0.26269075138014747
0.26205499368273055
0.26143313032986426
0.26082526490693736
0.26023147259778734
0.2596518029437283
0.25908628237728876
0.2585349165477794
0.25799769245458926
0.25747458040299454
0.2569655357961787
0.25647050077616157
0.2559894057254223
0.2555221706400951
0.25506870638483087
0.2546289158386426
0.2542026949403593
0.25378993364165164
0.2533905167749887
0.2530043248433237
0.2526312347382632
0.2522711203900661
0.25192385335976386
0.2515893033733235
0.251267338804932
0.25095782711308073
0.25066063523331394
0.2503756299311978
0.2501026781187956
0.24984164713766696
0.24959240491043286
0.24935482047218344
0.24912876385652644
0.24891410646304826
0.24871072094526317
0.24851848161410175
0.24833726446150065
0.24816694725911856
0.24800740964189058
0.24785853317770712
0.2477202014243799
0.2475922999749465
0.24747471649224415
0.24736734073356803
0.24727006456608985
0.24718278197355048
0.24710538905452073
0.24703778401219603
