59550.469055999994
52251.23522750518
52231.181557923206
52212.21739157494
52193.334486544176
52174.41223611951
52155.429060711904
52136.37472853355
52117.240617203504
52098.01862264326
52078.70102710013
52059.280474061336
52039.74995565378
52020.10280206304
52000.33267179107
51980.43354260307
51960.39970312474
51940.225745067764
51919.906556059854
51899.43731306089
51878.81347634305
51858.03078401631
51837.08524708037
51815.973144983654
51794.69102167243
51773.23568211149
51751.60418925946
51729.793861481594
51707.80227038327
51685.627239047535
51663.26684066015
51640.719397506124
51617.98348032067
51595.05790797906
51571.941747508165
51548.63431440359
51525.13517323572
51501.444138527186
51477.56127588523
51453.48690337072
51429.221593086855
51404.76617296798
51380.121728750964
51355.28960610915
51330.27141292927
51305.06902171081
51279.684572067265
51254.120473307084
51228.37940707254
51202.46433001298
51176.37847646881
51150.12536114297
51123.70878173215
51097.132821495274
51070.401851728406
51043.52053412279
51016.49382297492
50989.32696722153
50962.02551226824
50934.59530158383
50907.042478026764
50879.37348487621
50851.59506653214
50823.71426885243
50795.73843910505
50767.67522546657
50739.53257611316
50711.31873775586
50683.042253699
50654.71196131886
50626.33698895981
50597.92675220852
50569.49094951665
50541.03955714409
50512.58282339173
50484.13126209909
50455.69564537994
50427.28699557207
50398.91657638084
50370.5958831955
50342.336632562336
50314.1507508
50286.05036174625
50258.04777362706
50230.155465044874
50202.38607008388
50174.75236253609
50147.26723925494
50119.943702648314
50092.79484232636
50065.83381592557
50039.0738291343
50012.528114950255
49986.2099122061
49960.13244340375
49934.308891903784
49908.75237852169
49883.47593758729
49858.49249253003
49833.81483105708
49809.4555799967
49785.4271798841
49761.74185937193
49738.41160955146
49715.44815827517
49692.86294457552
49670.66709327668
49648.87138990116
49627.4862559737
49606.52172482849
49585.987418025434
49565.89252248386
49546.245768440735
49527.05540834146
49508.32919676724
49490.07437150578
49472.29763586385
49455.006835672546
49438.20417057671
49421.89634083603
49406.08776319516
49390.78225334993
49375.98301763224
49361.69264647353
49347.91310972871
49334.64575390544
49321.891301332405
49309.64985128873
49297.92088310614
49286.70326124455
49275.99524232978
49265.794484131446
49256.09805644582
49246.90245383931
49238.20361019397
49199.95496435809
49107.498820374225
49016.930630797106
48928.57969907683
48842.504461523065
48758.721957510694
48677.23195014018
48598.02142510329
48521.06708279655
48446.33741595139
48373.7944965755
48303.3954904027
48235.09392265974
48168.840725004346
48104.585094464725
48042.275193309026
47981.858715659386
47923.283343219184
47866.49710916229
47811.44868622505
47758.08761241608
47706.364465519015
47656.230995673075
47607.640223742055
47560.546511870605
47514.90561154884
47470.67469361056
47427.81236386214
47386.278667433166
47346.03508445671
47307.04451928299
47270.5930439543
47237.00744376764
47204.6548999993
47173.49716949642
47143.497702466986
47114.62210517068
47086.83771943303
47060.11361178389
47034.42061803991
47009.731355249416
46986.02024814235
46963.26357335216
46941.4395255292
46920.52831062131
46900.512273127446
46881.37606622794
46863.10687654451
46845.694719222374
46829.132824530185
46813.41814491754
46798.55202258508
46784.541073726316
46771.398369392155
46759.14502863575
46747.81239430496
46737.445047466405
46728.105053727864
46719.878060934185
46712.88225205087
46707.28183339905
46703.307977880526
46701.29252432387
46701.724574397434
46705.3506577529
