23.993437149600005
24.429773878555856
24.857553311845336
25.276812768098605
25.687568919849518
26.089821814698908
26.483563287719015
26.868781822289545
27.245465336130838
27.6136027816424
27.973185071672347
28.324205622667183
28.666660681113324
29.000549527127294
29.325874608060087
29.642641631773056
29.950859636165784
30.25054104420932
30.541701709662238
30.82436095640122
31.098541613080677
31.364270044193333
31.6215761782836
31.870493533926005
32.11105924404486
32.34331407917612
32.56730247033619
32.783072532254664
32.990676087844754
33.19016869492471
33.3816096763708
33.56506215507872
33.740593095343506
33.90827335254504
34.06817773335606
34.220385069084514
34.364978305235574
34.50204461094806
34.63167551264581
34.753967057070696
34.86902000985918
34.97694009701996
35.07783829810163
35.17183120153932
35.25904143466769
35.33959818319262
35.4136378174913
35.48130464587701
35.54275181762147
35.598142400628255
35.64765065919047
35.69146352595335
35.72978243884463
35.7628251968994
35.7908281501128
35.814048413048376
35.832765896318485
35.84728470409347
35.85793312841436
35.86506102353481
35.86903280001677
35.87021381043731
35.86894793857227
35.86552551532936
35.860144104894
35.85287018340553
35.8436148822545
35.83213699113033
35.81807784268625
35.80101887610915
35.780543117642964
35.756283093668486
35.727947660762325
35.69532855121525
35.658294372004825
35.61677825996853
35.570764149366994
35.520274253128676
35.46535876072331
35.40608785109054
35.34254572500427
35.27482625102581
35.20302983555634
35.127261191536014
35.04762775374752
34.964238553431684
34.87720341622472
34.786632386803554
34.69263531204066
34.595321534971966
34.494799666371485
34.3911774108894
34.284567001017564
34.17506813048575
34.06278510628418
33.94781540315533
33.83026639576415
33.71023823341203
33.587829601254725
33.463137675627934
33.336258080254545
33.20728485626332
33.07631044492213
32.94342564850388
32.80871960802671
32.672279783646935
32.534191937635825
32.394540119859954
32.25340665568334
32.110872136209984
31.967015410786086
31.821913581682242
31.675642000876454
31.528274268859704
31.379882235386155
31.230536002090318
31.080303926894196
30.9292526301274
30.77744700228407
30.62495021334059
30.471823723558725
30.318127295699757
30.16391900857548
30.009255271863402
29.854190842114054
29.69877883987918
29.54307076789218
29.387116530231083
29.230964452398005
29.074661302249094
28.918252311711232
28.76178119922253
28.60529019283617
28.44882005392836
28.29241010145298
28.13609823668707
27.97992096841359
27.82391343848911
27.668109447746325
27.512541482183035
27.357240739390846
27.202237155179148
27.047559430351253
26.893235057591895
26.739290348426675
26.58575046021619
26.432639423149126
26.279980167200588
26.127794549023406
25.97610337874211
25.824926446620765
25.674282549577654
25.524189517521243
25.374664239483536
25.22572268952845
25.07737995241433
24.92965024899112
24.782546961314114
24.636082657457735
24.49026911601382
24.34511735026046
24.200637631988442
24.056839514973696
23.91373185808519
23.7713228480188
23.629620021648815
23.48863028798977
23.34835994976197
23.20881472455547
23.069999765587774
22.931919682051422
22.794578559048624
22.65797997711055
22.52212806560886
22.387024371300186
22.252671074606567
