1.131931728774227
1.1300580555961444
1.1283138355509765
1.126688835097434
1.1251738073499569
1.123760218180119
1.1224401715959398
1.1212063628766942
1.1200520477560472
1.1189709914131996
1.1179574415676403
1.1170060918754439
1.1161120494955243
1.1152708045406672
1.1144782014150476
1.1137304120073597
1.1130239106855015
1.112355451022917
1.1117220441764064
1.1111209388291485
1.1105496026097486
1.1100057048975143
1.1094871009252876
1.1089918170934332
1.1085180374117594
1.1080640909898223
1.1076284405001189
1.1072096715428692
1.1068064828453656
1.1064176772330967
1.1060421533139908
1.105678897821121
1.1053269785630462
1.1049855379345992
1.1046537865922024
1.1043309994123207
1.1040165081795115
1.1037096984854442
1.103410005047428
1.1031169077689784
1.1028299281162812
1.1025486257849917
1.1022725956341581
1.10200146486594
1.1017348904314745
1.10147255664481
1.1012141729882505
1.1009594720937836
1.1007082078864812
1.1004601538768894
1.100215101590461
1.0999728591230344
1.0997332498122478
1.099496111015583
1.0992612929864825
1.0990286578406625
1.0987980786053846
1.0985694383450249
1.0983426293568113
1.0981175524311002
1.0978941161710052
1.097672236366616
1.0974518354194225
1.0972328418129134
1.0970151896256444
1.0967988180833628
1.0965836711470558
1.0963696971340395
1.0961568483694337
1.0959450808655875
1.0957343540272089
1.0955246303801385
1.095315875321871
1.0951080568920741
1.0949011455615085
1.0946951140378662
1.0944899370871741
1.0942855913695126
1.0940820552879027
1.093879308849304
1.0936773335367538
1.0934761121917553
1.0932756289059682
1.0930758689220421
1.092876818541745
1.0926784650418604
1.0924807965967431
1.0922838022070667
1.09208747163429
1.0918917953403773
1.091696764432355
1.091502370611303
1.0913086061255772
1.0911154637273113
1.0909229366330582
1.0907310184871926
1.0905397033283455
1.0903489855585349
1.0901588599147785
1.08996932144299
1.0897803654739784
1.0895919876013807
1.0894041836613744
1.0892169497140327
1.0890302820261848
1.0888441770556667
1.0886586314368538
1.0884736419673688
1.088289205595878
1.088105319410886
1.0879219806304563
1.0877391865927775
1.0875569347475176
1.0873752226479023
1.087194047943461
1.0870134083733887
1.0868333017604848
1.086653726005615
1.0864746790826678
1.0862961590339628
1.0861181639660835
1.0859406920461037
1.085763741498179
1.085587310600484
1.0854113976824715
1.0852360011224331
1.0850611193453483
1.0848867508210038
1.084712894062375
1.084539547624254
1.0843667101021226
1.084194380131255
1.084022556386058
1.0838512375796348
1.083680422463583
1.0835101098280242
1.0833402985018723
1.0831709873533515
1.0830021752907757
1.0828338612636035
1.082666044263796
1.0824987233274994
1.082331897537088
1.0821655660236114
1.0819997279696951
1.0818343826129628
1.0816695292500553
1.0815051672413514
1.0813412960165132
1.0811779150810135
1.0810150240238494
1.0808526225266974
1.0806907103748515
1.0805292874703862
1.0803683538481406
1.080207909695335
1.0800479553759432
1.0798884914614153
1.079729518770076
1.0795710384186732
1.0794130518914808
1.0792555611356887
1.0790985686979444
1.0789420779346393
1.0787860933232476
1.0786306210394254
1.0784756700477813
1.0783212546870053
1.0781674034920579
1.0780128447857713
1.0778586764574196
1.0777048976648458
1.0775515052116067
1.0773984959789251
1.077245867215775
1.07709361652977
1.0769417418412688
1.076790241337514
1.0766391134314859
1.0764883567256254
1.076337969979991
1.0761879520843713
1.076038302033919
1.075889018907911
1.0757401018512833
1.0755915500586268
1.0754433627603595
1.0752955392108263
1.075148078678101
1.0750009804352862
1.0748542437531423
1.0747078678938693
1.0745618521059184
1.0744161956196925
1.0742708976440303
1.0741259573633724
1.073981373935522
1.073837146489917
1.0736932741263527
1.0735497559140839
