12.315616148540748
12.416042445221844
12.515762219665401
12.614775208379626
12.713081128359581
12.810679696268064
12.907570631352305
13.003753656546895
13.09922849936748
13.193994892765515
13.288052575963253
13.381401295272322
13.474040804897424
13.565970867726552
13.657191256109071
13.74770175262284
13.83750215083169
13.92659225603437
14.01497188600605
14.102640871733566
14.189599058145301
14.275846304836817
14.361382486793048
14.446207495108055
14.530321237703125
14.613723640044023
14.696414645858162
14.778394217852403
14.859662338432122
14.940219010422195
15.020064257790452
15.099198126374095
15.17762068460963
15.255332024266675
15.332332261186028
15.408621536022396
15.484200014991979
15.559067890625192
15.633225382524735
15.70667273812905
15.779410233481364
15.851438174004223
15.922756895279587
15.993366763834347
16.06326817793113
16.13246156836419
16.20094739926015
16.26872616888324
16.335798410444635
16.402164692915495
16.467825621843172
16.532781840169946
16.59703402905375
16.660582908690046
16.723429239134152
16.78557382112312
16.84701749689617
16.907761151012817
16.967805711167426
17.027152148999132
17.085801480895878
17.14375476879119
17.201013120952343
17.257577692758403
17.313449687466587
17.368630356965323
17.42312100251221
17.476922975455224
17.530037677935127
17.582466563567234
17.63421113810051
17.685272960051826
17.73565364131327
17.7853548477303
17.83437829964834
17.88272577242562
17.930399096909692
17.97740015987533
18.023730904421164
18.069393330322644
18.11438949433871
18.158721510469572
18.202391550163096
18.24540184246705
18.28775467412479
18.329452389611653
18.3704973911096
18.410892138417555
18.450639148795002
18.489740996736334
18.52820031367382
18.566019787606688
18.603202162654377
18.639750238531832
18.675666869944937
18.710954965904346
18.745617488956068
18.779657454327424
18.81307792898706
18.845882030617993
18.878072926502867
18.909653832320764
18.94062801085527
18.9709987706136
19.000769464357024
19.02994348754298
19.058524276679588
19.086515307593633
19.113920093613306
19.14074218366741
19.16698516030297
19.192652637623535
19.21774825915085
19.242275695612843
19.266238642661232
19.289640818522383
19.312485961585363
19.334777827831076
19.356520188595315
19.37771682773146
19.39837153906075
19.4184881237263
19.438070387504983
19.457122138092615
19.475647182368693
19.49364932364713
19.511132358919426
19.528100076097086
19.544556251260108
19.56050464591847
19.57594900429356
19.590893050626622
19.60534048652118
19.619294988326438
19.63276020456854
19.64628980831017
19.659631756418978
19.67277178518779
19.685697772135217
19.698399312466922
19.71086738002171
19.723094063557582
19.735072360090008
19.746796011216507
19.75825937221288
19.769457306436863
19.780385099510998
19.791038389135867
19.80141310738037
19.81150543302474
19.8213117520718
19.83082862494665
19.84005275921199
19.848980986860774
19.857610245429807
19.865937562319342
19.873960041815433
19.881674854400377
19.889079228007393
19.89617044093316
19.902945816168167
19.909402716943433
19.915538543323457
19.92135072970208
19.926836743079917
19.93199408202132
19.936820811929245
19.941314242784504
19.945470715014807
19.94928662004572
19.95275840045648
19.955882550704697
19.958655617743663
19.961074202100097
19.963134959136575
19.964834600535024
19.96616989600094
19.96713767519529
19.967734829909592
19.967958316508774
19.967805158677265
19.967272450516468
19.966357360057252
19.965057133270232
19.963369098680538
19.961290672724573
19.95881936602598
19.95595279082046
19.952688669828717
19.94902484697126
19.94495930044814
19.940490158886693
19.935615721515582
19.93033448369059
19.924645169637692
19.918546775089286
19.912038623736404
19.90512044339047
19.897792470959633
19.890055600758515
