3.00019
2.99756366499959
2.9956811787333812
2.99352253460746
2.9912414199252506
2.98893259580245
2.986651500669654
2.9844301201799444
2.9822864891788634
2.9802303636758873
2.978266604574374
2.9763971950500108
2.974622442320974
2.9729416926719927
2.9713537560456635
2.969857157366307
2.9684502845128806
2.967131474656118
2.965899063844008
2.9647514146751144
2.9636869309046814
2.962704064250691
2.9618013165313486
2.9609772389900137
2.960230429901398
2.9595595310964207
2.9589632237691017
2.9584402237630787
2.957989276433779
2.9576091511186346
2.9572986352057846
2.95705652776219
2.956881632658996
2.956772751111418
2.956728673530295
2.956748170560597
2.956829983157543
2.9569728115220366
2.9571753026826824
2.9574360364704217
2.957753509582066
2.9581261173692512
2.958552132917432
2.9590296828938385
2.9595567195417427
2.960130988080354
2.9607499886331388
2.9614109316640413
2.9621106857436406
2.962845716338042
2.9636120142333717
2.9644050113415252
2.96521948787539
2.9660494593262388
2.966888058174884
2.967727405841172
2.9685584878503684
2.9693710506484843
2.970153552944979
2.9708932245575204
2.9715763107421873
2.972188602897309
2.9727163589275674
2.973147665114168
2.9734741481420652
2.9736927095691863
2.973806724409288
2.973826126608251
2.973766152168961
2.973645091832868
2.9734818181307685
2.9732938149350745
2.9730960228886234
2.9729005099854104
2.9727166215289293
2.9725514038669645
2.9724100879162814
2.9722965334963845
2.9722135946271715
2.97216340116026
2.9721475676696034
2.9721673444248964
2.972223724579908
2.9723175194263445
2.9724494108781854
2.9726199879168065
2.9728297718330756
2.9730792336986607
2.973368806458885
2.9736988933142063
2.9740698735437303
2.974482106566948
2.974935691848152
2.9754312906260827
2.9759691811378604
2.976549888926949
2.9771733521340122
2.977839877439109
2.978549750125307
2.979303238003478
2.9801005509592016
2.980941989770544
2.9818277781653864
2.9827581319467766
2.9837332587082135
2.9847533575795424
2.9858186191307294
2.9869292253682276
2.9880853497845092
2.9892871574372846
2.990534805044486
2.991828441086663
2.9931682059118865
2.9945542318401444
2.9959866432654696
2.9974655567546993
2.9989910811421945
3.000563317620109
3.002182359823935
3.003848293913153
3.005561198646884
3.007321145454444
3.0091281985007927
3.0109824147468025
3.0128838440043735
3.0148325289864393
3.0168285053516994
3.0188718017443614
3.020962439828739
3.0231004343188004
3.025285793002775
3.0275185167627825
3.0297985995896526
3.032126028592952
3.034500784006328
3.0369228391882546
3.0393921606182843
3.041908707888906
3.04447243369313
3.0470832838078965
3.0497411970734585
3.0524461053688268
3.0551979335834503
3.057996599585222
3.060842014184984
3.0637340810976443
3.0666726969000746
3.069657750985905
3.072689125517382
3.0757666953744454
3.0788903281011515
3.0820598838496114
3.085275215321601
3.088536167707973
3.091842578626065
3.0951942780552093
3.0985910882705388
3.1020328237752235
3.105519291231309
3.1090502893892715
3.112625609016502
3.1162450328248146
3.119908335397173
3.123615283113754
3.127365634077525
3.1311591380394592
3.1349955363235478
3.1388745617517695
3.1427959385691255
3.1467593823689106
3.150764600018364
3.1548112895848157
3.158899140262493
3.163027684127306
3.1671967404222023
3.1714059716083156
