247.0530660914184
48.80860433900401
278.6868489092056
47.41035053953955
279.0656787750295
47.99944722349019
279.4323368528758
48.55833687676636
279.7996988000324
49.090356099258855
280.17318353320604
49.59851469453825
280.55594677904077
50.08543554824162
280.9501518162106
50.553395688613065
281.35735931732194
51.004377486388165
281.77869904667045
51.44011376052769
282.21497415190424
51.86212543459036
282.6667356879622
52.271752754129835
283.13433914654513
52.67018122969969
283.61798823439176
53.05846328981896
284.11776906244353
53.437536435890905
284.6336769668611
53.80823853233383
285.16563761438886
54.171320739590875
285.7135236482756
54.52745849880612
286.2771678392514
54.87726089887326
286.8563734867381
55.221278694640795
287.45092264901587
55.56001119571764
288.0605826538115
55.89391220582878
288.68511124303205
56.22339516091143
289.3242606298811
56.54883758849411
289.977780688033
56.87058499009518
290.64542144692035
57.18895423142992
291.3269350314886
57.504236511356666
292.0220771567279
57.81669996910994
292.73060826517525
58.1265919799908
293.45229437808325
58.43414118192243
294.1869077170456
58.739559268836494
294.93422714180855
59.043042581487924
295.69403844113737
59.344773521806744
296.46613450652615
59.644921813132996
297.2503154128408
59.9436456255118
298.04638842539174
60.24109258255478
298.85416794923344
60.537400664109555
299.67347543348757
60.832699017059426
300.50413924105544
61.127108684939415
301.34599449211913
61.42074326566024
302.19888288821255
61.713709505435055
303.0626525223561
62.0061078359814
303.9371576792897
62.29803285821765
304.822258631827
62.58957379878175
305.7178214291388
62.880814881104314
306.623717690302
63.171835720888645
307.53982439445974
63.46271164346815
308.46602367485974
63.75351399042104
309.4022026160229
64.04431039685963
310.34825305511407
64.33516504505883
311.30407138811427
64.62613889671418
312.2695583812475
64.9172899058697
313.2446189879569
65.2086732143342
314.22916217162054
65.50034133121082
315.22310073411126
65.79234429799342
316.22635115022433
66.08472984053186
317.2388334079456
66.37754350903457
318.26047085448363
66.67082880715817
319.29119004795456
66.9646273111288
320.33092061458495
67.25897877974593
321.3795951112692
67.5539212560359
322.4371488933165
67.84949116124962
323.5035199871898
68.14572338182988
324.57864896806046
68.4426513499175
325.66247884197116
68.74030711790967
326.7549549324172
69.03872142753791
327.8560247711454
69.33792377389014
328.9656379929753
69.63794246476179
330.0837462344503
69.93880467568793
331.21030303613014
70.24053650097555
332.34526374833627
70.54316300102836
333.48858544017287
70.8467082462302
334.6402268116459
71.1511953576304
335.8001481087105
71.45664654465334
336.9683110410815
71.7630831400366
338.1446787026495
72.07052563218278
339.3292154943415
72.37899369509739
340.5218870492895
72.68850621606835
341.72266016014896
72.99908132123119
342.9315027084408
73.31073639915228
344.14838359577504
73.62348812255068
345.3732726768307
73.93735246827067
346.6061406939676
74.25234473560684
347.8469592133469
74.56847956307635
349.0957005624488
74.885770943725
350.35233776886827
75.20423223904638
351.61684450028866
75.52387619158834
352.8891950055206
75.84471493631352
354.16936405650694
76.16676001077658
355.45732689119654
76.49002236417574
356.7530591571859
76.81451236533002
358.0565368560386
77.14023980963239
359.3677362881937
77.46721392502177
360.6866339983639
77.7954433770161
362.0132067213497
78.12493627284353
363.3474313281737
78.45570016470613
364.68928477245623
78.78774205220833
366.03874403695244
79.12106838397855
367.39578608016274
79.45568505851136
368.7603877829453
79.79159742425341
370.1325258950498
80.12881027895601
371.512176981489
80.46732786831447
372.8993173686825
80.80715388391182
374.29392309028754
81.14829146048451
375.69596983264637
81.49074317252376
377.1054328797721
81.83451103022709
378.5222870578052
82.17959647481158
379.94650667885577
82.52600037319901
381.37806548416944
82.87372301208387
382.81693658653234
83.22276409139039
384.2630924118516
83.57312271712806
385.7165046398288
83.92479739365004
387.1771441436575
84.27778601532113
388.6449809286718
84.63208585759867
390.1199840698663
84.98769356753097
391.6021216482192
85.34460515367519
393.091360685742
85.70281597543789
394.58766707918085
86.0623207318388
396.09100553229246
86.42311344969967
397.6013394866265
86.78518747125797
399.11863105073087
87.14853544120612
400.6428409277109
87.51314929315515
402.1739283410631
87.87902023552239
403.71185095871175
88.24613873684223
405.25656481516666
88.61449451049788
406.808024231736
88.98407649887403
408.36618173470987
89.35487285692648
409.9309879714445
89.7268709351695
411.50239162427357
90.10005726207706
413.0803393221676
90.47441752589731
414.6647755500748
90.84993655587832
416.25564255586704
91.22659830290344
417.8528802548188
91.60438581953561
419.45642613155366
91.98328123946887
421.0662151393844
92.36326575638725
422.68217959698507
92.74431960223089
424.3042490823273
93.12642202486984
425.93235032382034
93.50955126518684
427.5664070885915
93.89368453357085
429.20634006785724
94.27879798582516
430.8520667593263
94.66486669849277
432.50350134658373
95.05186464360466
434.16055457541864
95.4397646628575
435.823133627046
95.82853844122793
437.491141988193
96.21815648003268
439.16447931801525
96.60858806944559
440.8430413118249
96.99980126048384
442.52671956160697
97.39176283647828
444.21540141332076
97.78443828404461
445.90896982097763
98.17779176357426
447.6073031975076
98.57178607926711
449.3102752624294
98.96638264873006
451.01775488634826
99.36154147216908
452.72960593231926
99.75722110120503
454.4456870941311
100.15337860734783
456.16585173155727
100.54996955016536
457.88994770266817
100.94694794519003
459.6178171932773
101.34426623160789
461.3492965436338
101.74187523978023
463.0842160724835
102.13972415865301
464.82239989862916
102.53776050311383
466.5636657601552
102.93593008136112
468.3078248314881
103.33417696235692
470.05468153849046
103.73244344343915
471.8040333718084
104.13067001817718
473.5556706987144
104.5287953445588
475.30937657371106
104.92675621360617
477.06492654819135
105.32448751852297
478.8220884794691
105.72192222448477
480.5806223395352
106.11899133919013
482.34028002391165
106.51562388430038
484.10080516101067
106.91174686790256
485.86193292245076
107.30728525813939
487.62338983479134
107.7021619581597
489.3848935932056
108.09629778255095
491.14615287763786
108.48961143542451
492.9068671720257
108.88201949033659
494.66672658721967
109.27343637223332
496.42541168825693
109.66377434162195
498.1825933267031
110.05294348117842
499.93793247880467
110.44085168501061
501.69108009025535
110.82740465080842
503.44167692839903
111.21250587511999
505.1893534427695
111.59605665200266
506.9337296348789
111.97795607530776
508.6744149382419
112.3581010448652
510.4110081096486
112.7363862768432
512.1430971327522
113.11270431856613
513.8702591350844
113.48694556807814
515.5920603196483
113.85899829874916
517.3080559122883
114.22874868922132
519.0177901260714
114.59608085899956
520.7207961439522
114.96087690999042
522.4165999201764
115.32301799535068
524.1047051764104
115.68238029172262
525.7846115738973
116.03884009986086
527.4558165470633
116.39227415638699
529.1177946400719
116.74255424937326
530.770013673617
117.08955161761286
532.4119309499844
117.43313596562209
