1262.4886082833632
463.1429314849022
462.6921341975784
462.25694389641876
461.8369397365132
461.4314898536043
461.0399228253933
460.66158528578774
460.2957290563525
459.94176150192794
459.599007083916
459.2668308275955
458.94461694205825
458.63177069219824
458.3277197816851
458.03191532650425
457.74383248272136
457.46297078098735
457.1888542119408
456.9210311005548
456.6590738025447
456.4025782523082
456.1511633882411
455.90447047898715
455.66216237121773
455.42392267748795
455.1894549204963
454.95848164808035
454.7307435314432
454.5059984573376
454.2840206233951
454.06459964422993
453.8475396747201
453.6326585555915
453.4197820699715
453.20876763508306
452.9994547405994
452.7917128113319
452.5854163187938
452.3804489304637
452.17670288139385
451.9740783799622
451.77248304748133
451.5718313909514
451.3720443079283
451.17304862232675
450.9747766499379
450.77716579229343
450.5801581575367
450.38370020690303
450.1877424254305
449.9922390155269
449.79714761205514
449.6024290176364
449.4080469568974
449.21396784845336
449.0201605934758
448.8265963797127
448.63324849993063
448.44009218377323
448.2471044420909
448.05426392286466
447.86155077786935
447.66894653932013
447.47643400574856
447.2839971364218
447.091620953682
446.8992914525816
446.70699551727245
446.5147208436258
446.32245586760496
446.13018969891715
445.9379120595669
445.7456132268672
445.55328398061084
445.36091555400685
445.16849958811156
444.9760280894389
444.78349339051164
444.59088811305014
444.39820513364407
444.2054375515986
444.0125789653319
443.819622227474
443.626561229326
443.43338969596755
443.24010138608486
443.0466901790248
442.8531499805037
442.65947472234785
442.4656583172644
442.27169472528004
442.07757739255817
441.8833009805106
441.6888588475624
441.49424467262764
441.2994520308351
441.1044743763604
440.9093050252434
440.7139371380896
440.51836370257297
440.32257751561923
440.1265711651803
439.9303370115057
439.733867167786
439.53715348005574
439.3401875062533
439.1429604942963
438.9454633590354
438.7476866579496
438.5496205654116
438.3512548453628
438.152578822201
437.95358134967483
437.75425077755557
437.55457491583206
437.3545409961473
437.15413563015966
436.95334476447823
436.7521536317732
436.5505466976202
436.3485076025545
436.14601909880594
435.9430629809992
435.7396200101385
435.535669829989
435.3311908748911
435.1261602678724
434.9205537077718
434.7143453438562
434.50750763617475
434.3000111995922
434.091824629106
433.88291430359294
433.6732441646396
433.46277546646064
433.2514664921276
433.0392722304153
432.8261440063335
432.6120290569938
432.39687004256575
432.18060447980304
431.9631640825609
431.74447399002776
431.5244518583529
431.3030067849676
431.08003802639223
430.8554334589477
430.6290677165226
430.4007999186501
430.1704708731867
429.9378995972329
429.70287894180694
429.4651700212316
429.22449502272536
428.98052778118677
428.7328812078916
428.48109018736784
428.2245877725602
427.9626711629589
427.6944515399745
427.4187772894974
427.13411103106614
426.83834324429404
426.5283261615101
426.1992333449799
425.8427111922528
425.44180910788276
424.94873244396325
429.1706159697412
429.0014758354605
428.8325376521824
428.6637852255876
428.49521768567826
428.32683476446255
428.15863638327704
427.9906225796167
427.8227934839557
427.6551493051192
427.4876903181697
427.3204168537846
427.15332928888756
426.98642803836754
426.8197135477692
426.65318628687027
426.4868467440119
426.320695421139
426.1547328294493
425.9889594855888
425.8233759083452
425.6579826157577
425.4927801226271
425.32776893836126
425.16294956512195
424.99832249623586
424.8338882148506
424.6696471927924
424.5055998896093
424.34174675177707
424.17808821204864
