7.4187
7.223776105250192
7.2143975071012
7.204660708509281
7.194701234400469
7.184596069953236
7.174388611746752
7.164102210394643
7.153748213446695
7.1433307358571865
7.13284948163478
7.122301405455505
7.111681683520905
7.1009842725112104
7.090202222130055
7.079327839308491
7.0683527620287965
7.0572679768584825
7.046063800057072
7.034729833608526
7.023254902408749
7.0116269757126695
6.999833073990223
6.987859161064548
6.975690020506862
6.963309114565318
6.95069842329058
6.937838260920425
6.924707065944679
6.911281160544372
6.897534474261968
6.883438225756709
6.868960555305897
6.854066099275689
6.8387154960492875
6.822864810803386
6.806464863988957
6.789460445311374
6.7717893913179825
6.753381500279521
6.734157252786325
6.714026300278761
6.692885676548424
6.670617679146344
6.647087358892386
6.622139546963885
6.5955953417469075
6.5672479743226
6.536857977026453
6.5041476021553715
6.468794492250294
6.430424959465257
6.38860572595509
6.342838442894951
6.292553528404523
6.237109211657822
6.1757984028743005
6.107870082255546
6.0325750124627655
5.949249354841364
5.857452239724178
5.757170209959521
5.6490848610692055
5.53486049524448
5.417345516549998
5.300523553691063
5.189068467043686
5.087518207646185
4.999336084654663
4.926268042324301
4.868260878893614
4.823881729908594
4.790949914804297
4.767107029846222
4.750183067483143
4.738367003285924
4.730239764630885
4.724735375410193
4.72107572687061
4.718703847354232
4.7172263574177835
4.716367953611356
4.715937171005763
4.715801422046028
4.715869161526905
4.716077311206343
4.716382470919399
4.716754812313928
4.717173853179829
4.717625540940178
4.718100243255104
4.7185913652015214
4.719094294084032
4.719606178584729
4.720124811911971
4.720648874985154
4.721177190071844
4.721709234442476
4.722244595906617
4.7227830076750905
4.7233243131999245
4.723868391246289
4.724415203572119
4.724964728101152
4.725516964510036
4.726071926736803
4.726629637888154
4.7271901267770655
4.727753425572988
4.728319568211972
4.728888589326225
4.729460523528478
4.730035404939082
4.730613266878772
4.731194141674516
4.731778060542249
4.732365053521969
4.732955149448045
4.733548375943073
4.734144759427631
4.734744325140089
4.7353470971628955
4.735953098452725
4.736562350873072
4.737174875227879
4.737790691293808
4.738409817856082
4.739032272738612
4.739658072837045
4.740287234149213
4.740919771804529
4.741555700092795
4.742195032491173
4.742837781690394
4.743483959619741
4.744133577470916
4.744786645720849
4.745443174153338
4.746103171879863
4.746766647359242
4.74743360841649
4.74810406226069
4.748778015502013
4.749455474167889
4.750136443718453
4.750820929061129
4.751508934564516
4.752200464071619
4.75289552091232
4.753594107915297
4.75429622741923
4.755001881283524
4.755711070898389
4.756423797194406
4.757140060651596
4.757859861308
4.758583198767792
4.759310072208874
4.760040480390198
4.760774421658536
4.7615118939549665
4.76225289482093
4.762997421403979
4.763745470463175
4.764497038374203
4.765252121134147
4.7660107143660255
4.766772813323033
4.7675384128925495
4.768307507599925
4.769080091611985
4.769856158740412
4.77063570244485
4.771418626760409
4.772205107902487
4.772995037920683
