9.30016
36.8156692235575
36.92819342332857
37.05086369020749
37.18284056626472
37.323324987518156
37.471581705492326
37.62694151178323
37.78879647958201
37.95659348887183
38.12982786642577
38.30803770168813
38.49079894129557
38.67772120979177
38.86844426116787
39.062634962915894
39.259984724241015
39.46020729305061
39.663036858697566
39.868226408263844
40.07554629323404
40.284782970922436
40.49573789120268
40.708226504186264
40.92207736866519
41.13713134471349
41.353240856625
41.57026968901511
41.78809045340695
42.00658687299544
42.22565130882785
42.44518472360499
42.66509618898871
42.88530241656545
43.10572731000976
43.32630153649045
43.54696211584466
43.76765202648241
43.98831982714806
44.20891929404666
44.429409072877185
44.649752345535056
44.86991651127786
45.08987288223981
45.309596393147096
45.52906532518527
45.74826104385487
45.96716775069662
46.1857722487111
46.40406372128871
46.62203352435246
46.83967499147675
47.05698325162022
47.27395505912054
47.490588635544746
47.70688352295974
47.922840448180445
48.13846119750769
48.35374850144045
48.56870592889463
48.78333779040074
48.99764904972999
49.21164524350264
49.42533240820937
49.63871701417186
49.85180590597938
50.064606248861665
50.27712548063465
50.4893712686911
50.701351471694935
50.91307410551613
51.124547313099825
51.335779337844734
51.546778500225344
51.75755317730411
51.968111784857655
52.178462761872936
52.388614557118345
52.59857561762414
52.808354378814784
53.01795925612129
53.22739863791156
53.436680879566026
53.645814298564716
53.854807170452204
54.063667725571605
54.27240414647283
54.48102456586438
54.689537065097845
54.89794967302814
55.10627036525874
55.31450706366583
55.52266763618755
55.73075989679943
55.93879160567441
56.146770469475506
56.354704141737656
56.562600223364015
56.77046626315569
56.97830975840234
57.18613815550193
57.39395885058814
57.601779190179236
57.80960613002795
58.017447944900084
58.225310810441094
58.433202223029696
58.64112929047837
58.8490990745919
59.05711859171319
59.265194813217896
59.47333466599881
59.681545032892686
59.88983275311282
60.098204622622994
60.306667394497595
60.51522777925574
60.72389244516061
60.93266801849918
61.141561083832215
61.35057818422235
61.55972582144413
61.76901045615843
61.97843850808577
62.18801635613493
62.397750338538906
62.60764675295522
62.81771185655478
63.02795186608974
63.23837295796152
63.4489812682617
63.65978289279464
63.87078388710321
64.08199026647677
64.29340800594274
64.50504304025883
64.71690126388305
64.92898853094667
65.14131065521292
65.35387341003316
65.56668252828959
65.77974370233935
65.99306258394682
66.20664478421169
66.42049587350158
66.63462138136445
66.8490267964523
67.06371756642946
67.27869909788969
67.49397675626393
67.70955586572487
67.92544170909107
68.14163952773625
68.35815452148852
68.57499184852799
68.79215662529819
69.00965392639954
69.22748878448957
69.44566619019457
69.66419109199975
69.88306839615971
70.10230296659948
70.32189962482404
70.54186314981605
70.76219827795421
70.98290970291798
71.20400207559773
71.42548000401777
71.64734805323907
71.8696107452872
72.09227255907945
72.31533793033009
72.53881125149519
72.76269687169433
72.98699909664447
73.21172218859336
73.43687036626605
73.66244780479502
73.88845863568356
74.11490694673239
74.34179678201453
74.56913214181682
74.79691698260721
75.02515521699551
75.25385071370553
75.4830072975366
75.71262874935344
75.94271880605015
76.17328116054881
76.4043194617717
76.63583731464693
76.86783828009406
77.10032587502592
77.33330357235909
77.56677480100953
77.80074294591252
78.0352113480421
78.27018330442274
78.50566206816161
78.74165084847174
