3.2204
18.683268432487157
19.11474441497824
19.54095236518551
19.960636888672077
20.372660195611854
20.77598451752738
21.16967947960721
21.552931435252127
21.92505046100359
22.28547421501834
22.633768612974446
22.969625514532055
23.292857739650255
23.60339181551381
23.901258903075444
24.186584370738107
24.45957647513999
24.720514580096154
24.96973729988071
25.20763089770331
25.43461820955544
25.651148301983127
25.85768701328325
26.054708473677994
26.24268765282503
26.42209394341843
26.593385757804388
26.757006090178965
26.91337897940162
27.062906795906898
27.205968269679403
27.342917173830017
27.474081579068617
27.59976359750041
27.720239538974198
27.835760409092817
27.946552684484438
28.052819307652012
28.154740850397143
28.252476801243855
28.346166938341245
28.435932754912233
28.52187890940091
28.604094677036983
28.68265538359483
28.757623805698717
28.829051525148124
28.896980227448342
28.961442937067876
29.022465183951304
29.080066097526604
29.134259425900193
29.185054479161284
29.232456996748326
29.276469939692465
29.31709420926451
29.354329211877022
29.38817374965492
29.418626097100965
29.445684705709166
29.46934855358581
29.489617471597036
29.50649242635702
29.51997575502508
29.530071355726506
29.53678483733293
29.540123632263313
29.54009707587046
29.53671645586933
29.52999503510811
29.519948050852395
29.506592693573356
29.489948412787264
29.470035498523178
29.446877041066077
29.420497516629744
29.39092303354938
29.358181241025036
29.322301233274572
29.283313450688887
29.241249579307198
29.196142450076884
29.14802593861966
29.096934866796413
29.04290490668414
28.985972487717643
28.926174707609896
28.863549247186544
28.798134290520462
28.72996844896297
28.65909069098078
28.585540276914802
28.509356699081064
28.43057962718733
28.349248859038862
28.26540427646625
28.17908580637016
28.090333386748952
27.999186937547822
27.905686336146825
27.80987139728834
27.71178185722913
27.61145736189284
27.50893745878937
27.404261592462653
27.297469103224728
27.188599228931615
27.077691109557765
26.96478379432473
26.849916251144695
26.733127378139677
26.61445601700368
26.493940967977583
26.37162100621234
26.247534899301353
26.121721425767902
25.994219394299307
25.865067671026306
25.73430516969391
25.60197091673494
25.468104041673396
25.33274380485216
25.195929616973945
25.057701529555217
24.918098370158248
24.777160564717466
24.634928326003294
24.491442089150546
24.346742538767646
24.20087062352283
24.053867567608375
23.90577488033484
23.75663436394488
23.60648766379665
23.45537809431989
23.303347927231048
23.150440158868346
22.99669810344039
22.842165375448108
22.68688588107766
22.530903808917994
22.37426361859035
22.217010027075695
22.059187992707244
21.900842696831333
21.742019523154365
21.582764034805557
21.423121949157263
21.263139110455537
21.10286146032583
20.942335006229925
20.78160578796161
20.62071984227927
20.45972316578546
20.29866167617229
20.13758117196292
19.976527290887567
19.815545467042043
19.654680886984135
19.49397844493076
19.333482697225044
19.17323781624777
19.01328754395222
18.853675145204974
18.69444336111711
18.535634362552127
18.377289703996496
18.219450277978094
18.06215627021536
17.905447115677276
17.749361455728938
17.59393709653318
17.439210968871443
17.285219089539723
17.131996524467603
16.979577353698115
16.827994638070443
16.677280389738105
16.52746554055851
16.37895113893527
16.230681969676592
16.08373847549366
15.937806881464862
15.792912416276943
15.649079070938111
15.506329620347998
15.364685619439301
15.224167397767946
15.084794056079687
14.946583465348333
14.80955226832061
14.673715883526675
14.53908851169484
14.405683144498724
14.273511575556544
14.14258441359418
14.012911097676959
13.884499914409364
13.757358016995605
