326.02073298719534
385.03035089668003
384.5716353408193
384.2264092939508
383.9396404183993
383.6796939289534
383.42799010079665
383.1737112565035
382.91065189693285
382.63534379069307
382.34594094295306
382.0415569472029
381.72187147237906
381.3868968038393
381.0368395503759
380.67201893584945
380.29281874305667
379.89965928330116
379.49298129801986
379.0732369879689
378.6408853212549
378.1963899347161
377.74021863544976
377.27284392215404
376.7947441926529
376.3064054527508
375.8083234318789
375.30100606764057
374.78497635801295
374.2607756056919
373.72896709887476
373.19014029004546
372.6449155512644
372.0939496022846
371.53794172807585
370.9776409256396
370.413854147515
369.84745584197236
369.27939902848925
368.7107281927311
368.1425943385765
367.57627259641714
367.0131828565363
366.4549139723302
365.90325215616065
365.3602142616801
364.82808669366295
364.3094706813579
363.80733453199656
363.3250731774165
362.86657465622204
362.43629191559006
362.03935186444374
361.6814862940894
361.36927305834706
361.1100119918559
360.91166913379533
360.78263948543207
360.7312618634345
360.76495415669854
360.8888146381224
361.1035636303878
361.40285070533344
361.77031423888667
362.17737396231394
362.5833338340299
362.93934639715434
363.19643217524856
363.31527486015096
363.27372870433027
363.06884631078657
362.7133390653729
362.2292412697437
361.6414910922718
360.9737122727301
360.2459736526571
359.4741873486294
358.67039969291136
357.84344702259386
356.9996712818924
356.14355546327084
355.27823442259705
354.40588292116666
353.52800035881626
352.6456150956841
351.75942892631383
350.8699182346745
349.9774043528818
349.08210227743746
348.1841542963019
347.28365314983716
346.3806579577987
345.4752768565916
344.567412656882
343.6571126359681
342.74438589708035
341.82916399108717
340.9115650916829
339.99155064736226
339.0691129841972
338.14426623905916
337.2169691323336
336.2872316989236
335.35505157796064
334.4204269809612
333.48335678796957
332.54384059985034
331.60187876273653
330.65747237469907
329.7106232811536
328.7613340631995
327.80960802164617
326.8554491585092
325.89886215714915
324.93985236181106
323.978425757083
323.01458894757013
322.0483491380125
321.07971411397017
320.1086922231583
319.1352923574681
318.15952393571933
317.18139688702877
316.20092163515903
315.2181090832082
314.23297059926506
313.2455180026275
312.25576355067045
311.26371992635563
310.26940022636444
309.27281794977705
308.2739869873319
307.2729216112495
306.26963646552866
305.2641465567813
304.2564672455243
303.2466142379343
302.23460357804385
301.220451640353
300.2041751228457
299.185791040389
298.16531671849805
297.1427697874559
296.11816817676123
295.0915301099021
294.0628740994261
293.03221894231064
291.9995837155982
290.9649877723034
289.9284507375649
288.8899925050367
287.84963323350496
286.80739334371697
285.7632935154167
284.7173546845684
283.66959804076777
282.62004502481636
281.5687173264689
280.5156368823201
279.46082587385445
278.40430672560586
277.3461021034705
276.2862349131176
275.2247282985183
274.16160564058566
273.0968905558899
272.03060689548494
270.9627787437934
269.8934304175841
268.82258646500804
267.75027166469
266.67651102488696
265.60132978268257
264.5247534032315
263.44680546261856
262.3675133969161
