-93.23800309114088
-126.88669010718414
-126.98026309580702
-127.07359268807765
-127.16671347954095
-127.2596278185252
-127.35233424346211
-127.44483066243264
-127.53711470908031
-127.6291837842992
-127.72103506267544
-127.81266549479358
-127.90407180883777
-127.99525051184592
-128.08619789070454
-128.17691001290896
-128.26738272706464
-128.35761166317286
-128.44759223269637
-128.53731962843153
-128.62678882417262
-128.71599457421223
-128.80493141266436
-128.89359365263962
-128.98197538526475
-129.07007047858724
-129.1578725763445
-129.2453750966437
-129.33257123054528
-129.41945394055773
-129.50601595909288
-129.59224978684327
-129.6781476911555
-129.76370170436707
-129.84890362214944
-129.93374500186647
-130.01821716097268
-130.10231117545734
-130.18601787836735
-130.26932785842328
-130.35223145874104
-130.43471877570684
-130.51677965799107
-130.59840370576654
-130.67958027011596
-130.76029845269017
-130.8405471056155
-130.92031483169427
-130.9995899849318
-131.07836067139402
-131.15661475046372
-131.23433983649883
-131.31152330093573
-131.38815227487302
-131.4642136521751
-131.53969409311784
-131.6145800286315
-131.68885766515916
-131.76251299018836
-131.83553177847904
-131.90789959903998
-131.97960182288577
-132.05062363161176
-132.12095002684407
-132.19056584058052
-132.259455746482
-132.32760427214572
-132.39499581240247
-132.4616146436609
-132.5274449393639
-132.5924707865638
-132.65667620366423
-132.7200451593571
-132.78256159277618
-132.844209434903
-132.90497263124087
-132.96483516577257
-133.02378108622162
-133.08179453062255
-133.1388597552057
-133.19496116359497
-133.25008333731364
-133.3042110675769
-133.3573293883623
-133.40942361071893
-133.46047935828963
-133.5104826039897
-133.55941970780617
-133.60727745563767
-133.65404309911818
-133.69970439633678
-133.74424965336345
-133.7876677664784
-133.8299482649975
-133.87108135456936
-133.91105796080382
-133.9498697731041
-133.987509288535
-134.02396985556467
-134.05924571751459
-134.093332055521
-134.12622503082818
-134.15792182620086
-134.18842068625077
-134.21772095646762
-134.24582312071928
-134.27272883701002
-134.29844097125195
-134.32296362882772
-134.34630218370708
-134.36846330488274
-134.3894549799018
-134.40928653525634
-134.4279686534252
-134.445513386342
-134.46193416510124
-134.47724580569414
-134.49146451061426
-134.5046078661579
-134.5166948352885
-134.52774561044254
-134.53778213546457
-134.54682728256878
-134.5549053572486
-134.56204193577273
-134.56826382959775
-134.57359904498168
-134.5780767378542
-134.58172716403405
-134.58458162491647
-134.5866724087815
-134.58803272790317
-134.58869665167703
-134.58869903600737
-134.58807544922655
-141.08971019505725
-149.6038123341981
-157.61336897289
-165.17061672743145
-172.3201110148277
-179.10013769245882
-185.54382411496331
-191.68001901628267
-197.53399506218366
-203.12801443912485
-208.48178778426416
-213.61284937374037
-218.53686604048224
-223.2678932489254
-227.81858872749982
-232.20039177666123
-236.42367463461048
-240.4978709533227
-244.43158541167062
-248.23268769525205
-251.90839344886172
-255.4653343164561
-258.9096187942852
-262.24688531269
-265.48234871333955
-268.6208410882227
-271.6668477841895
-274.6245392444773
-277.49779925026945
-280.2902500360964
-283.0052746791413
-285.64603710110254
-288.2154999699637
-290.71644074577335
-293.12634506250606
-295.4660786300095
-297.74437083961124
-299.96345338768424
-302.12543810057764
-304.23230409762743
-306.2859167093373
-308.2880314829825
-310.24029954291285
-312.1442721691181
-314.0014044485126
-315.81305794007244
-317.5805022564159
-319.3049154148496
-320.9873827451165
-322.62889405202947
-324.23033860784335
-325.79249737560406
-327.31603161564124
-328.8014666636617
-330.2491691279308
-331.65931493205284
-333.0318443570844
-334.3663982158952
-335.66222599773204
-336.918051285689
-338.131870126344
-339.300640625333
-340.4197890682519
-341.4823918521587
-342.4777512011822
