165.53192481748684
164.64113070498948
163.75257609784126
162.86627387881012
161.9822399246019
161.10049088610052
160.22104393582245
159.34391673585367
158.4691274306285
157.59669464270473
156.72663746908643
155.85897547780675
154.99372870472655
154.13091765052815
153.27056327788983
152.4126870088238
151.5573107221627
150.70445675117728
149.85414788131067
149.00640734801098
148.16125883464727
147.3187264704904
146.47883482874371
145.64160892460458
144.80707421334037
143.97525658836113
143.14618237927036
142.31987834987694
141.49637169614846
140.67569004408804
139.8578614475156
139.0429143857337
138.2308777610587
137.42178089619767
136.61565353144965
135.81252582171174
135.01242833326833
134.2153920403426
133.42144832138834
132.63062895509992
131.84296611611882
131.05849237041318
130.27724067030795
129.49924434914192
128.72453711552856
127.9531530471962
127.1851265843839
126.4204925227685
125.65928600589804
124.90154251710739
124.14729787089041
123.39658820370471
122.64944996418298
121.90591990272671
121.16603506045684
120.42983275749694
119.69735058056396
118.96862636984238
118.24369820511771
117.52260439114556
116.80538344223369
116.09207406601374
115.38271514638154
114.67734572558467
113.97600498543716
113.27873222764235
112.58556685320599
111.89654834092295
111.21171622492209
110.53111007125608
109.85476945352352
109.18273392751361
108.51504300486533
107.85173612573433
107.19285263046461
106.53843173026287
105.88851247687745
105.24313373128533
104.6023341313941
103.96615205876965
103.33462560440175
102.70779253352468
102.08569024951292
101.46835575687606
100.8558256233795
100.2481359413237
99.64532228801698
99.04741968548147
98.4544625594367
97.86648469760908
97.28351920742006
96.70559847311036
96.13275411236236
95.56501693248677
95.00241688624509
94.44498302738297
93.892743465955
93.34572532352533
92.80395468833322
92.26745657051652
91.73625485749078
91.2103722695851
90.68983031603999
90.17464925147588
89.66484803294422
89.16044427767608
88.66145422164635
88.16789267907326
87.67977300297535
87.19710704690975
86.71990512801632
86.24817599149348
85.78192677663127
85.32116298452671
84.86588844760685
84.4161053010817
83.97181395644851
83.53301307716595
83.09969955661306
82.67186849844461
82.24951319460614
81.83262512507407
81.42119393200319
81.01520741526011
80.61465152624653
80.21951036466815
79.82976617831469
79.4453993659079
79.06638848306523
78.69271025141524
78.32433957089263
77.9612495352272
77.60341145063155
77.25079485767978
76.90336755635715
76.52585536058052
76.15132381151705
75.77978593814701
75.41124014149906
75.04567427961923
74.68306825067887
74.32339582300756
73.96662597687357
73.61272391113667
73.2616518152514
72.91336947464505
72.56783475620104
72.22500400630896
71.88483238425617
71.54727414708269
71.21228289741113
70.87981180253992
70.54981379081988
70.22224172972994
69.89704858892931
69.57418759075551
69.25361235006598
68.93527700491912
68.61913633931505
68.30514589902975
67.99326210146073
67.6834423403378
67.3756450861298
67.06982998298832
66.7659579431097
66.46399123946132
66.16389359791087
65.86563028991569
65.5691682270779
65.27455493369487
64.98177839259597
64.69080780779483
64.40161438951303
64.1141714635353
63.82845465976216
63.544442082476685
63.26211451175587
62.981455633789054
62.70245230695479
62.42509487232918
62.14937751944675
61.875298720928676
61.6028617532612
61.33207532586768
61.06295434712184
60.79552086475036
60.52980523011826
60.265847552588994
60.00369953362526
59.743426803801405
59.48511193453593
59.22885836829218
58.97479561965148
58.723086267699365
58.47393552709041
58.22760462242245
57.984429932917415
57.74485118888828
57.50945444907776
57.279040434100665
