-353.724867846814
-496.1062054849896
-490.4116983097162
-484.95555106220024
-479.8167643813206
-474.99073480113725
-470.4570122462271
-466.1936543134216
-462.18009668287834
-458.3975835748677
-454.8290947857135
-451.459183173674
-448.2738097766944
-445.26019355992247
-442.40667776514186
-439.70261171829355
-437.13824642266894
-434.70464230048
-432.3935875981382
-430.19752613891757
-428.109493266315
-426.12305896621365
-424.23227728484966
-422.4316412731887
-420.7160427877122
-419.08073656424165
-417.5213080566825
-416.0336445978897
-414.61390949633346
-413.258518731302
-411.96411995172605
-410.7275735204822
-409.545935377863
-408.41644152554466
-407.33649395637354
-406.30364787616344
-405.31560008184965
-404.3701783761921
-403.4653319130333
-402.59912237920645
-401.76971592975957
-400.9753758024454
-400.2144555455539
-399.4853928003523
-398.78670358566785
-398.11697703773996
-397.4748705633655
-396.8591053687118
-396.268462330015
-395.70177817580424
-395.1579419533219
-394.63589175449874
-394.13461167927
-393.65312901613134
-393.19051162178215
-392.74586548338283
-392.3183324485177
-391.9070881093057
-391.5113398283529
-391.13032489533754
-390.7633088040361
-390.40958364046446
-390.0684665736682
-389.739298441382
-389.4214424234742
-389.1142827966763
-388.81722376464216
-388.52968835788784
-388.25111739859034
-387.9809685256456
-387.71871527575195
-387.46384621662276
-387.21586412874296
-386.9742852323543
-386.73863845662265
-386.5084647481784
-386.2833164164082
-386.06275651312046
-385.84635824433144
-385.63370441214005
-385.42438688476057
-385.2180060929731
-385.01417055132464
-384.81249640258903
-384.6126069840616
-384.4141324143873
-384.21670919970074
-384.0199798579619
-383.8235925604343
-383.6272007893267
-383.43046301071104
-383.2330423618569
-383.03460635221603
-382.8348265773378
-382.6333784450185
-382.42994091309004
-382.224196238251
-382.0158297354096
-381.8045295470424
-381.58998642210366
-381.37189350408073
-381.1499461277706
-380.923841624458
-380.69327913513246
-380.45795943146294
-380.21758474424126
-379.97185859906017
-379.72048565897995
-379.46317157400125
-379.1996228371474
-378.92954664700864
-378.6526507765964
-378.368643448404
-378.0772332155593
-377.7781288489925
-377.4710392305578
-377.1556732520518
-376.8317397201119
-376.4989472669743
-376.1570042670826
-375.80561875959125
-375.44449837677763
-375.07335027841106
-374.6918810921626
-374.29979686011114
-373.89680299145834
-373.482604221556
-373.05690457736347
-372.6194073494864
-372.16981507093885
-371.7078295028013
-371.2331516269598
-370.74548164611485
-370.2445189912769
-369.7299623369746
-369.20150962441016
-368.6588580928185
-368.1017043192993
-367.5297442674039
-366.94267334476444
-366.3401864700905
-365.7219781498411
-365.0877425649208
-364.437173667738
-363.769965289999
-363.0858112616021
-362.3844055410354
-361.665442357648
-360.9286163662404
-360.1736228143629
-359.40015772276394
-358.6079180794283
-357.79660204764485
-356.9659091885553
-356.11554069863746
-355.2451996625943
-354.35459132208973
-353.44342336081377
-352.5114062063153
-351.5582533490708
-350.5836816792323
-349.5874118414827
-348.56916860843586
-347.52868127297324
-346.46568405991724
-345.3799165573903
-344.27112416820427
-343.139058581564
-341.98347826536633
-340.80414897928335
-339.60084430881614
-338.37334622041806
-337.12144563772074
-335.84494303885697
-334.543649074745
-333.2173852081602
-331.8659843732963
-330.4892916554074
-329.0871649900428
-327.6594758812119
-326.2061101377359
-324.7269686268456
-323.22196804397703
-321.6910416975136
-320.13414030707764
-318.55123281375546
-316.9423072004789
-315.3073713205557
-313.6464537321263
-311.9596045361115
-310.2468962149853
-308.50842446944404
-306.744311909195
-304.9546975472227
-303.13975182718815
-301.2996765725325
-299.43469343598105
-297.5450544128939
-295.6310402520531
-293.6929611125299
-353.724867846814
-496.1062054849896
-490.4116983097162
-484.95555106220024
-479.8167643813206
-474.99073480113725
-470.4570122462271
-466.1936543134216
-462.18009668287834
-458.3975835748677
-454.8290947857135
-451.459183173674
-448.2738097766944
-445.26019355992247
-442.40667776514186
-439.70261171829355
-437.13824642266894
-434.70464230048
-432.3935875981382
-430.19752613891757
-428.109493266315
-426.12305896621365
-424.23227728484966
-422.4316412731887
-420.7160427877122
-419.08073656424165
-417.5213080566825
-416.0336445978897
-414.61390949633346
-413.258518731302
-411.96411995172605
-410.7275735204822
-409.545935377863
-408.41644152554466
-407.33649395637354
-406.30364787616344
-405.31560008184965
-404.3701783761921
-403.4653319130333
-402.59912237920645
-401.76971592975957
-400.9753758024454
-400.2144555455539
-399.4853928003523
-398.78670358566785
-398.11697703773996
-397.4748705633655
-396.8591053687118
-396.268462330015
-395.70177817580424
-395.1579419533219
-394.63589175449874
-394.13461167927
-393.65312901613134
-393.19051162178215
-392.74586548338283
-392.3183324485177
-391.9070881093057
-391.5113398283529
-391.13032489533754
-390.7633088040361
-390.40958364046446
-390.0684665736682
-389.739298441382
-389.4214424234742
-389.1142827966763
-388.81722376464216
-388.52968835788784
-388.25111739859034
-387.9809685256456
-387.71871527575195
-387.46384621662276
-387.21586412874296
-386.9742852323543
-386.73863845662265
-386.5084647481784
-386.2833164164082
-386.06275651312046
-385.84635824433144
-385.63370441214005
-385.42438688476057
-385.2180060929731
-385.01417055132464
-384.81249640258903
-384.6126069840616
-384.4141324143873
-384.21670919970074
-384.0199798579619
-383.8235925604343
-383.6272007893267
-383.43046301071104
-383.2330423618569
-383.03460635221603
-382.8348265773378
-382.6333784450185
-382.42994091309004
-382.224196238251
-382.0158297354096
-381.8045295470424
-381.58998642210366
-381.37189350408073
-381.1499461277706
-380.923841624458
-380.69327913513246
-380.45795943146294
-380.21758474424126
-379.97185859906017
-379.72048565897995
-379.46317157400125
-379.1996228371474
-378.92954664700864
-378.6526507765964
-378.368643448404
-378.0772332155593
-377.7781288489925
-377.4710392305578
-377.1556732520518
-376.8317397201119
-376.4989472669743
-376.1570042670826
-375.80561875959125
-375.44449837677763
-375.07335027841106
-374.6918810921626
-374.29979686011114
-373.89680299145834
-373.482604221556
-373.05690457736347
-372.6194073494864
-372.16981507093885
-371.7078295028013
-371.2331516269598
-370.74548164611485
-370.2445189912769
-369.7299623369746
-369.20150962441016
-368.6588580928185
-368.1017043192993
-367.5297442674039
-366.94267334476444
-366.3401864700905
-365.7219781498411
-365.0877425649208
-364.437173667738
-363.769965289999
-363.0858112616021
-362.3844055410354
-361.665442357648
-360.9286163662404
-360.1736228143629
-359.40015772276394
-358.6079180794283
-357.79660204764485
-356.9659091885553
-356.11554069863746
-355.2451996625943
-354.35459132208973
-353.44342336081377
-352.5114062063153
-351.5582533490708
-350.5836816792323
-349.5874118414827
-348.56916860843586
-347.52868127297324
-346.46568405991724
-345.3799165573903
-344.27112416820427
-343.139058581564
-341.98347826536633
-340.80414897928335
-339.60084430881614
-338.37334622041806
-337.12144563772074
-335.84494303885697
-334.543649074745
-333.2173852081602
-331.8659843732963
-330.4892916554074
-329.0871649900428
-327.6594758812119
-326.2061101377359
-324.7269686268456
-323.22196804397703
-321.6910416975136
-320.13414030707764
-318.55123281375546
-316.9423072004789
-315.3073713205557
-313.6464537321263
-311.9596045361115
-310.2468962149853
-308.50842446944404
-306.744311909195
-304.9546975472227
-303.13975182718815
-301.2996765725325
-299.43469343598105
-297.5450544128939
-295.6310402520531
-293.6929611125299
