1400.1591826111276
3549.075916592526
3567.7527208614706
3586.0542513607356
3603.985570099922
3621.545437822057
3638.735131340092
3655.5584222859834
3672.0213026671895
3688.1316948974945
3703.8990947644265
3719.3345558192095
3734.450009658967
3749.2582866202897
3763.7728153252738
3778.00740555005
3791.9760636346336
3805.6928268802994
3819.1716219716463
3832.4261454784946
3845.4697650439452
3858.315439613618
3870.9756569154065
3883.462386337585
3895.787045363092
3907.9604777752465
3919.992941946188
3931.894107641969
3943.6730599092757
3955.33830875466
3966.897803467443
3978.35895057806
3989.728634572295
4001.0132406102916
4012.21867860553
4023.3504081259393
4034.4134636670765
4045.4124799293973
4056.3517168027847
4067.2350838183
4078.066163886327
4088.8482361786732
4099.584298054064
4110.277085956244
4120.929095241763
4131.542598913662
4142.119665258006
4152.662174391613
4163.171833742531
4173.6501924920685
4184.098655014035
4194.518493353014
4204.910858783846
4215.276792500655
4225.617235480469
4235.933037569753
4246.224965843304
4256.493712276965
4266.739900785273
4276.96409366284
4287.166797474997
4297.34846843487
4307.509517309183
4317.650313882888
4327.771191024096
4337.872448374041
4347.954355698546
4358.017155925109
4368.061067891783
4378.086288836477
4388.092996643309
4398.081351872335
4408.051499588424
4418.003571008902
4427.937684987495
4437.8539493455255
4447.752462070309
4457.633312388769
4467.496581729976
4477.342344587597
4487.170669289872
4496.981618690516
4506.775250783008
4516.5516192497
4526.310773951228
4536.052761362582
4545.777624960465
4555.485405567455
4565.176141658722
4574.849869632871
4584.506624053193
4594.14643786037
4642.746092924049
4652.022300745158
4661.287281773835
4670.539717380441
4679.778683947288
4689.003535860302
4698.213823355339
4707.409234732283
4716.589555659583
4725.754640491119
4734.904392039744
4744.038747305422
4753.157667404809
4762.261130462671
4771.349126593451
4780.421654358489
4789.478718265133
4798.520327000242
4807.546492183321
4816.557227486358
4825.552548012874
4834.532469858521
4843.497009801856
4852.446185086629
4861.380013266429
4870.298512097557
4879.201699461397
4888.089593311443
4896.962211635065
4905.819572426957
4914.661693671055
4923.488593327352
4932.30028932272
4941.096799545468
4949.87814184056
4958.644334007516
4967.395393797654
4976.131338914443
4984.852187011464
4993.557955693376
5002.2486625152
5010.924324982575
5019.584960552657
5028.230586633184
5036.86122058435
5045.476879718671
5054.077581300868
5062.663342549372
5071.2341806358745
5079.790112687368
5088.331155784337
5096.857326963281
5105.368643216213
5113.86512149161
5122.346778694339
5130.813631686965
5139.265697289699
5147.70299228068
5156.1255333972185
5164.533337335367
5172.926420751295
5181.304800260318
5189.668492439395
5198.017513826028
5206.351880918966
5214.671610179048
5222.9767180293065
5231.267220855578
5239.543135006686
5247.804476795031
5256.05126249755
5264.2835083544705
5272.501230571664
5280.704445319458
5288.893168734669
5297.067416919106
5305.227205941454
5313.372551836672
5321.50347060713
5329.619978222147
5337.722090619408
5345.809823704392
5353.883193350837
5361.9422154017675
5369.986905669077
5378.0172799342845
5386.03335394837
5394.035143432802
5402.0226640797655
5409.995931551772
5417.954961482621
5425.89976947752
5433.83037111348
5441.7467819397225
5449.649017477124
5457.537093219755
5465.411024634934
5473.270827162248
5481.116516215244
5488.948107181689
5496.76561542253
5504.569056273649
5512.358445045622
5520.133797022952
5527.895127466449
5535.64245161144
5543.375784669438
5551.095141827498
