2.39094
4.484208773863737
4.429463120807213
4.380561780335878
4.336425926849042
4.296319737376251
4.259693374581194
4.226110321006131
4.195211159589658
4.1666935500146485
4.14029980348263
4.115808332001286
4.093027298757211
4.071789669381598
4.05194924484173
4.033377430196572
4.015960578313526
3.9995977935667826
3.984199108380243
3.969683964262444
3.9559799426627267
3.9430217014527886
3.9307500810836133
3.9191113510479716
3.9080565725692473
3.8975410577691925
3.887523909002854
3.87796656619606
3.868836727601873
3.8601016313798633
3.851732113415209
3.843701301688104
3.835984422675783
3.8285586304191845
3.821402854670068
3.814497665074035
3.8078251488709696
3.801368800059251
3.7951134182738033
3.789045016003006
3.783150732960167
3.77741875668203
3.7718382485779762
3.766399274816782
3.7610927415315256
3.755910333961612
3.7508444591840733
3.7458881921791924
3.7410352250149232
3.736279818983647
3.7316167595241905
3.727041313826288
3.7225491909946014
3.7181365046798898
3.71379973808381
3.7095357112492597
3.705341550556668
3.701214660338634
3.6971526965190202
3.6931535422076407
3.6892152851564695
3.6853361969757032
3.6815147140484394
3.6777494200287335
3.6740390298445647
3.670382375125451
3.6667783909395286
3.663226103790451
3.659724620751945
3.6562731196888496
3.652870840456828
3.64951707703207
3.6462111704677915
3.642952502633681
3.6397404906541784
3.636574581986514
3.6334542500891205
3.6303789906052155
3.6273483180341493
3.6243617628230607
3.621418868841658
3.6185191912034536
3.6156622943895402
3.612847750644476
3.6100751386106045
3.6073440421740015
3.604654049501385
3.602004752227856
3.599395744803731
3.5968266239480955
3.5942969882214637
3.591806437683131
3.58935457363406
3.5869409984200735
3.5845653152985038
3.5822271283525193
3.5799260424389963
3.5776616631820715
3.5754335969835065
3.5732414510618513
3.5710848335090413
3.5689633533584373
3.5668766206685953
3.564824765739321
3.5628058436611525
3.560821025329166
3.5588694067981237
3.556950604706219
3.555064237296218
3.5532099245345417
3.5513872882100896
3.5495959520377127
3.5478355417478276
3.54610568518623
3.544406012399094
3.5427361557201085
3.541095749853935
3.5394844319535803
3.537901841695837
3.536347621351651
3.5348214158529476
3.533322872857966
3.531851642807935
3.530407378986991
3.5289897375702806
3.52759837767719
3.526232961415797
3.5248931539252655
3.5235786234139836
3.5222890411993597
3.521024081740591
3.5197834226666798
3.518566744807054
3.517373732217485
3.5162040722015413
3.5150574553330456
3.5139335754720613
3.512832129782553
3.5117528187452804
3.510695346170841
3.5096594192077823
3.508644748352141
3.507651047451953
3.5066780337112085
3.5057254276944625
3.5047929533249924
3.5038803378856556
3.5029873120147417
3.5021136097038625
3.5012589682921527
3.5004231284588845
3.4996058342148983
3.4988068328950566
3.498025875146735
3.4972627149160997
3.4965171094389302
3.4957888192236117
3.4950776080357553
3.4943832428853723
3.493705494005576
3.4930441348371772
3.49239894200847
3.4917696953168265
3.491156177705132
3.4905581752434482
3.4899754771049576
3.489407875542705
3.4888551658680576
3.48831714642274
3.487793618556177
3.487284386601873
3.486789257845311
3.4863080425028374
3.485840553691754
3.4853866074031026
3.4849460224726228
3.484518620554015
3.4841042260866177
3.4837026662709603
3.483313771031981
3.4829373729957736
3.4825733074543566
3.4822214123370703
3.481881528178575
3.481553498088768
3.4812371677186253
3.480932385232173
3.4806390012703354
3.4803568689233155
3.480085843693772
3.47982578346864
3.4795765484838106
3.479338001292066
3.4791100067325647
3.4788924318944305
3.4786851460864585
3.478488020805139
3.4783009296995275
3.4781237485405256
3.4779563551868176
