0.058946488636566464
0.05789339004945773
0.05729506308656806
0.05678788126417461
0.056305518768141334
0.055833725734954556
0.05536926481331676
0.05491126691499955
0.05445937534797263
0.054013346875682634
0.05357296633132313
0.05313802867990434
0.05270833550260327
0.05228369448595758
0.0518639194714697
0.051448830555253705
0.05103825414212
0.050632022945444534
0.05022997594070809
0.049831958282307326
0.04943782119209177
0.04904742182659765
0.04866062312862608
0.04827729366771418
0.047897307473143934
0.04752054386240641
0.04714688726744018
0.04677622706048108
0.04640845738096741
0.046043476964626295
0.045681188975606045
0.04532150084231262
0.04496432409743511
0.044609574222509676
0.04425717049726098
0.043907035853868834
0.04355909673623866
0.04321328296429726
0.042869527603289354
0.04252776683801618
0.04218793985193034
0.04184998871097849
0.04151385825207132
0.041179495976044055
0.04084685194496826
0.040515878683665824
0.04018653108527705
0.03985876632073091
0.03953254375196757
0.039207824848764374
0.03888457310901906
0.038562753982346425
0.038242334796849055
0.03792328468892674
0.037605574535992434
0.03728917689196859
0.03697406592543988
0.036660217360346456
0.036347608419102534
0.036036217768031946
0.03572602546501651
0.035417012909256626
0.03510916279304839
0.034802459055485666
0.03449688683799844
0.03419243244164426
0.033889083286072326
0.03358682787008303
0.03328565573371014
0.03298555742175441
0.032686524448703826
0.03238854926497365
0.03209162522440744
0.03179574655297928
0.031500908318642225
0.031207106402268422
0.030914337469631605
0.03062259894438142
0.03033188898196428
0.030042206444445472
0.02975355087619
0.029465922480361565
0.029179322096200548
0.02889375117704335
0.028609211769047616
0.028325706490589297
0.028043238512297963
0.027761811537699865
0.02748142978443804
0.02720209796604048
0.02692382127420951
0.02664660536160459
0.026370456325094306
0.026095380689452264
0.02582138539147394
0.02554847776449184
0.025276665523267104
0.0250059567492376
0.02473635987610193
0.0244678836757204
0.02420053724431485
0.02393432998894972
0.023669271614277326
0.023405372109531065
0.02314264173575149
0.0228810910132297
0.02262073070915419
0.022361571825447242
0.02210362558677796
0.021846903428738778
0.021591416986174287
0.02133717808164986
0.021084198714049908
0.020832491047294694
0.020582067399165876
0.020332940230231165
0.02008512213285912
0.01983862582031506
0.01959346411593056
0.01934964994233801
0.019107196310763522
0.018866116310370894
0.01862642309765035
0.018388129885846063
0.018151249934416608
0.017915796538523213
0.017681783018541123
0.017449222709589412
0.017218128951075416
0.016988515076250092
0.016760394401771128
0.01653378021727079
0.016308685774926564
0.016085124279031804
0.015863108875565583
0.01564265264175976
0.015423768575662876
0.015206469585700178
0.014990768480229764
0.014776677957095072
0.014564210593174424
0.014353378833928707
0.014144194982948584
0.013936671191502976
0.013730819448091012
0.013526651568000203
0.013324179182873465
0.013123413730288204
0.012924366443351529
0.012727048340315076
0.012531470214213985
0.012337642622534664
0.012145575876916405
0.011955280032891886
0.01176676487967259
0.01158003992998471
0.011395114409961953
0.011211997249101855
0.011030697070292184
0.01085122217991474
0.010673580558033713
0.010497779848676383
0.010323827350213729
0.010151730005849409
0.009981494394224855
0.00981312672014944
0.009646632805464187
0.009482018080047736
0.009319287572973825
0.009158445903829322
0.008999497274202064
0.008842445459348057
0.008687293800047471
0.008534045194659164
0.00838270209138342
0.00823326648074274
0.008085739888290594
0.007940123367557958
0.007796417493247986
0.007654622354688265
0.007514737549551394
0.007376762177853344
0.007240694836240239
0.007106533612573228
0.006974276080821856
0.006843919296275876
0.0067154597910856605
0.006588893570141271
0.0064642161073001254
0.00634142234197349
0.006220506676081619
0.006101462971387471
0.005984284397730174
0.005868964042810542
0.0057554941129532395
0.005643865990491901
0.005534070974528227
0.005426099648699672
0.005319942052259239
0.005215587678283194
