218.19461619557214
414.4534973834561
414.1480193559589
413.8552591092036
413.5753273023004
413.307795570553
413.0521489042302
412.8078845640151
412.5743927211895
412.3512293233055
412.13785004063254
411.93374767083407
411.7384270291736
411.5514065924684
411.3722198621933
411.2004164637668
411.03556300410645
410.8772437074427
410.72506084834663
410.5786350006403
410.437605120583
410.3016284828662
410.17038048719115
410.04355435334577
409.9208607214914
409.80202717375727
409.6867976921039
409.5749320662068
409.4662052639064
409.3604067753891
409.25733994107117
409.15682127174574
409.0586797684914
408.962756248582
408.8689242722376
408.7769814823826
408.68686514466725
408.5984352137274
408.511582004937
408.4262039612123
408.3422071223428
408.2595046192882
408.17801619470663
408.0976677497871
408.0183909169697
407.9401226579655
407.8628048863533
407.78638411385515
407.71081111938844
407.63604063987316
407.5620310817722
407.48874425231134
407.4161451093325
407.3442015287434
407.27288408852814
407.202165868345
407.1320222637359
407.0624308140214
406.9933710430071
406.92482431164734
406.85677368187265
406.78920379081273
406.72210073470205
406.6554519618012
406.5892461736943
406.5234732343624
406.45812408649334
406.39319067449685
406.3286658737407
406.26454342556895
406.20081787768345
406.13748452947243
406.074539381981
406.01197909211913
405.94980093087474
405.88800274517996
405.8265829232192
405.7655403628952
405.70487444327813
405.64458499877156
405.584672295886
405.5251370123539
405.46598052698874
405.4072036737908
405.3488085648643
405.2907973577432
405.23317254582196
405.175936952688
405.1190937226768
405.0626463136929
405.0065984933532
404.95095433849616
404.8957178664877
404.84089447248846
404.7864887885781
404.73250610546114
404.6789520221167
404.6258324498375
404.57315361752325
404.5209220782015
404.46914471681936
404.417828759298
404.36698178289646
404.31661172794804
404.26672691099816
404.2173360394185
404.16844822758986
404.1200730147266
404.0722203844516
404.0249007862517
403.978125158926
403.93190495620917
403.88625217472384
403.84117938446775
403.79669976206026
403.7528271269933
403.7095759811806
403.66696155212213
403.6249998400535
403.5837076694891
403.5431027456419
403.50320371622234
403.4640302392865
403.4256030577508
403.38794408144724
403.3510764775756
403.3150247706428
403.2798149530737
403.2454746079233
403.21203304531036
403.17952145447373
403.1479730736665
403.11742338051255
403.08791030588173
403.0594744749283
403.03215947960814
403.00601218782566
402.9810830954212
402.9574267284397
402.9351021047542
402.9141732660763
402.89470989395505
402.8767880264805
402.8604908966366
402.8459099184619
402.8331458541705
402.82231020455197
402.8135268771449
402.8069342031595
402.8026873966218
402.8009615802967
402.8019555467003
402.8058964849512
402.8130459950206
402.8237078457108
402.8382381369902
402.85705884532825
402.88067623916254
402.90970649208225
402.94491226227944
402.9872565866864
403.0379852990948
403.0987589180726
403.1719143484736
403.26073704959344
403.37046790498636
403.51007995779634
403.6977844864631
403.98472893159646
398.102719548754
398.0289510318956
397.95519970301393
397.8814554918107
397.80771588291
397.7339796339758
397.6602457922315
397.5865135412822
397.51278216780753
397.43905104661576
397.3653196294852
397.2915874355581
397.21785404288534
397.1441190809494
397.0703822240604
396.9966431855385
396.92290171257724
396.8491575817297
396.7754105949477
396.7016605761016
396.62790736794796
396.55415082946166
396.4803908335306
396.4066272649408
396.3328600186362
396.25908899820524
396.185314114588
396.1115352849598
396.0377524317808
395.96396548198214
395.8901743662873
