2942447.8327103998
4288950.975160798
4292362.141888383
4297947.5484519135
4304719.996907096
4312036.253984427
4319556.053248568
4327050.692022776
4334377.058274788
4341448.002672418
4348213.340790341
4354647.434797351
4360740.965056168
4366495.388436189
4371919.177099753
4377025.232248846
4381829.115275552
4386347.814084945
4390598.9092366155
4394599.992635826
4398368.282996482
4401920.375724638
4405272.08467055
4408438.349007511
4411433.189554647
4414269.7024075305
4416960.067270254
4419515.579336215
4421946.682657921
4424263.0181541685
4426473.467573222
4428586.207022156
4430608.751751213
4432548.008024685
4434410.315057496
4436201.489279528
4437926.870028104
4439591.356887511
4441199.444780798
4442755.256236525
4444262.579092959
4445724.889293908
4447145.383562398
4448526.998427578
4449872.436479311
4451184.186056904
4452464.540696397
4453715.616396816
4454939.368436739
4456137.60261768
4457311.993702617
4458464.0941510815
4459595.3460290525
4460707.091163592
4461800.580410094
4462876.982013504
4463937.388359378
4464982.826555413
4466014.259447483
4467032.594962447
4468038.690602587
4469033.358133813
4470017.368056533
4470991.4536292935
4471956.314384474
4472912.619644689
4473861.011405867
4474802.107224748
4475736.503422263
4476664.774080916
4477587.478477053
4478505.159286944
4479418.344368054
4480327.552245505
4481233.288300883
4482136.045641693
4483036.316689574
4483934.578018383
4484831.308023922
4485726.974013441
4486622.0409557
4487516.972412605
4488412.226720009
4489308.260875768
4490205.530451803
4491104.491130652
4492005.595373839
4492909.2985797925
4493816.055856331
4494726.323308401
4495640.55848158
4496559.220682866
4497482.771383933
4498411.674466067
4499346.396552703
4500287.407326277
4501235.179743885
4502190.190318752
4503152.919347185
4504123.851154052
4505103.474291234
4506092.2808143
4507090.770258429
4508099.444168345
4509118.810030956
4510149.380571237
4511191.67386656
4512246.213587091
4513313.529080409
4514394.155625639
4515488.634512459
4516597.513255524
4517721.345737039
4518860.692348754
4520016.120165772
4521188.204061495
4522377.522933682
4523584.66580382
4524810.227960077
4526054.812146846
4527319.028641212
4528603.4955477035
4529908.838747127
4531235.692241833
4532584.69819352
4533956.507086466
4535351.777948911
4536771.17838277
4538215.384853078
4539685.08274752
4541180.966585777
4542703.740123156
4544254.11655468
6286351.997776604
6256348.348332748
6227405.566743665
6199492.493070368
6172577.608120918
6146629.590753516
6121617.649762093
6097511.725014956
6074282.6059574
6051902.002285589
6030342.573450363
6009577.945762322
5989582.6930556195
5970332.344265676
5951803.34952235
5933973.05830104
5916819.694221376
5900322.324488193
5884460.8334714845
5869215.891705084
5854568.92695216
5840502.09684965
5826998.260044327
5814040.948917671
5801614.343299768
5789703.244654923
5778293.052578167
5767369.738705096
5756919.825871669
5746930.366207294
5737388.917210526
5728283.525275432
5719602.703464772
5711335.414431688
5703471.05112809
5695999.421133247
5688910.729436056
5682195.562691239
5675844.875113504
5669849.970438538
5664202.499454411
5658894.431211608
5653918.050477257
5649265.943350814
5644930.986625856
5640906.336946219
5637185.419624195
5633761.920672742
5630629.777542513
5627777.556581965
5625210.871315882
5622918.778742533
5620901.842003243
5619143.780663672
5617645.55986794
5616402.687280982
5615410.882189389
5614666.075128158
5614164.414560603
5613902.274574532
5613876.271974621
5614083.28895996
5614520.513114521
5615185.497197143
5616076.256202421
5617191.42595227
5618530.537266452
