9637.5041604
7947.995967742306
8201.781144125642
8465.505220636693
8736.4718427231
9012.969579174136
9293.895212082818
9578.519727552653
9866.34375997748
10157.008245089628
10450.239215113308
10745.813727871344
11043.538880145266
11343.2389195374
11644.74736636193
11947.902232856522
12252.543155643536
12558.509708737092
12865.640443797318
13173.772377134213
13482.740749723327
13792.378952381861
14102.51854882024
14412.989354233949
14723.619542346974
15034.235763106604
15344.66325877115
15654.725969380552
15964.246620360982
16273.04678585006
16580.946921488656
16887.766360161506
17193.323263497485
17497.434520939903
17799.91558686693
18100.580244523953
18399.24028339135
18695.705073970083
18989.781020721526
19281.270869939573
19569.972844534495
19855.67957193898
20138.17676448603
20417.24160361807
20692.640770226277
20964.128053637072
21231.441462099676
21494.299749954676
21752.398273982628
22005.40410090069
22252.950319576572
22494.62958588178
22729.98558086991
22958.511552626896
23179.635751975806
23392.72301008003
23597.0756976163
23791.947367928864
23976.576619938278
24150.25426322207
24312.4411133964
24462.954733465165
24602.23405567239
24731.659815181116
24853.847094481418
24972.746999019666
25093.35859524103
25220.955999998576
25360.004273215443
25513.202674067525
25681.087334782907
25862.303752863794
26054.292496870814
26254.041610696604
26458.630951442123
26665.53477244752
26872.721053518577
27078.631852110477
27282.11098362803
27482.319375921397
27678.65760116878
27870.702481596065
28058.158357123626
28240.8210156696
28418.55162491481
28591.258175771673
28758.882400976818
28921.39060243399
29078.767237442953
29231.01043362821
29378.128845010997
29520.139436997677
29657.176867837257
29789.06415071899
29915.92769301643
30037.806886393937
30154.632546749628
30266.65820522233
30373.839495408316
30476.22648261032
30573.875328130558
30666.836676854713
30755.169799378793
30838.934939420502
30918.19416601519
30993.01123602674
31063.451457891697
31129.58155768367
31191.4695480405
31249.18460025895
31302.796919734876
31352.377624858364
31397.998629439066
31439.73252871736
31477.65248900433
31511.832140988987
31542.34547673762
31569.266750409002
31592.670382701213
31612.63086903686
31629.22269148422
31642.520234415326
31652.5977038712
31659.52905064269
31663.38789699354
31664.24746703636
31662.18052069075
31657.259291190818
31649.55542607965
31639.1399316448
31626.083120721185
31610.454563805804
31592.323043399705
31571.756511521835
31548.822050302417
31523.585835584396
31496.113103447766
31466.468119575802
31434.71415137434
31400.913442761474
31365.127191534873
31327.415529232218
31287.83750339445
31246.45106214097
31203.313040970654
31158.47915169606
31112.003973424784
31063.94094549964
31014.342362310093
30963.259369888106
30910.741964205718
30856.838991088407
30801.59814766268
30745.065985258905
30687.287913687043
30628.30820681152
30568.170009346664
30506.91534480126
30444.585124499346
30381.219157609285
30316.856162108506
30251.53377662725
30185.288573097885
30118.15607015471
30050.170747225722
29981.366059251875
29911.77445198837
29841.42737782761
29770.355312096704
29698.5877697819
29626.153322626382
29553.07961656803
29479.393389463276
29405.120489064346
29330.296417166723
29254.926707182298
