559054.47402
1053242.195306079
1056947.838778894
1063048.9003538892
1070336.155239991
1078523.1933599587
1087316.4109881904
1096527.5053071456
1106025.1035027846
1115716.3253249787
1125534.8042976507
1135432.7432102917
1145375.5441779117
1155338.1099465862
1165302.2564571425
1175254.872608925
1185186.5991197806
1195090.8623354929
1204963.1681518583
1214800.5740567192
1224601.2964164526
1234364.4154299228
1244089.6516800208
1253777.1954366397
1263427.57784967
1273041.5736364932
1282620.1250647584
1292164.2860513679
1301675.177319186
1311153.9554089939
1320601.7863658264
1330019.8297687322
1339409.2238791015
1348771.0775746398
1358106.4625437278
1367416.4089060684
1376701.9042659684
1385963.8918436994
1395203.2699767302
1404420.8915150457
1413617.5677637577
1422794.0672723656
1431951.1197513666
1441089.416186032
1450209.611575563
1459312.3275360712
1468398.153532652
1477467.6494858358
1486521.3481140083
1495559.7551941713
1504583.3538972093
1513592.6049647897
1522587.9489444543
1531569.8077293648
1540538.585965204
1549494.672705103
1558438.4424826233
1567370.2579005207
1576290.4685145994
1585199.4138080124
1594097.4233913922
1602984.8185337074
1611861.9127262007
1620729.012476682
1629586.4185894337
1638434.4264143428
1647273.3268786105
1656103.4067589277
1664924.9504430657
1673738.2379365312
1682543.5486969142
1691341.1599998176
1700131.3477410674
1708914.3882673013
1717690.5567624783
1726460.127186351
1735223.377613107
1743980.5826682341
1752732.0223951868
1761477.9753258263
1770218.722662966
1778954.5490328532
1787685.7400385556
1796412.5847179033
1805135.3748224948
1813854.40579318
1822569.975170827
1831282.385672267
1839991.9433502802
1848698.958641927
1857403.7459620847
1866106.6247764989
1874807.918641457
1883507.9566760254
1892207.0728866505
1900905.6068080536
1909603.903255884
1918302.3129383652
1927001.1924369365
1935700.9044588425
1944401.817751261
1953104.3073069248
1961808.7564229819
1970515.5530485967
1979225.093263638
1987937.7797850075
1996654.023205519
2005374.2412202375
2014098.859342805
2022828.311106211
2031563.0379246087
2040303.48943159
2049050.123995763
2057803.4079943153
2066563.8173721782
2075331.8368436457
2084107.9590431324
2092892.6875724087
2101686.5347515335
2110490.0229796255
2119303.6841949206
2128128.0610545757
2136963.705562994
2145811.1810661824
2154671.061398271
2163543.930818525
2172430.385482881
2181331.031893709
2190246.488720788
2199177.3862106353
2208124.366649209
2217088.083987114
2226069.204818257
6256737.657278569
6152846.754958699
6054714.2952635605
5961978.754334177
5874304.586525969
5791380.559701425
5712918.0242415825
5638649.2087043645
5568325.591802335
5501716.386586872
5438607.118613856
5378798.333223068
5322104.37936798
5268352.337417452
5217381.000927492
5169039.96078011
5123188.770021885
5079696.172384082
5038439.406960917
4999303.562952862
4962180.992847006
4926970.77732896
4893578.2304166155
4861914.447139507
4831895.888797566
4803444.000882607
4776484.864877488
4750948.870349459
4726770.422195899
4703887.666467338
4682242.231650378
4661779.00323974
4642445.901986485
4624193.687768928
4606975.77190627
4590748.049045469
4575468.737011854
4561098.229633733
4547598.962144203
4534935.280030018
4523073.331514709
4511980.945222733
4501627.535761105
4491984.006847724
4483022.664777942
4474717.135713622
4467042.287088357
4459974.159564122
4453489.900092354
4447561.225405974
4442180.228625979
4437320.573687575
4432969.813730679
4429096.696124976
4425690.382438559
4422734.264313853
4420212.463633717
4418109.799792687
4416411.770417667
4415104.531876327
4414174.894445572
4413610.32179302
4413398.953538456
4413529.648595239
4413992.070592175
4414776.83924368
4415875.8082739925
