5.063119210227157
5.0578508182250115
5.052578211330541
5.047301397148469
5.04202038415293
5.036735181307893
5.031445798025695
5.026152244163444
5.020854530023829
5.015552666356627
5.010246664360497
5.00493653568499
4.999622292432792
4.99430394716216
4.988981512889574
4.983655003092587
4.978324431712857
4.972989813159375
4.967651162311861
4.962308494524347
4.9569618256289045
4.951611171939544
4.946256550256261
4.940897977869222
4.935535472563088
4.930169052621465
4.924798736831473
4.919424544488426
4.9140464954006156
4.908664609894185
4.903278908818095
4.897889413549155
4.892496145997131
4.887099128609905
4.8816983843786765
4.87629393684321
4.8708858100970955
4.865474028793039
4.860058618148135
4.854639603949156
4.849217012557797
4.843790870915898
4.838361206550621
4.832928047579568
4.8274914227158146
4.822051361272875
4.816607893169546
4.811161048934647
4.805710859711624
4.8002573572630025
4.794800573974678
4.789340542860025
4.783877297563812
4.778410872365892
4.772941302184662
4.767468622580276
4.761992869757577
4.756514080568742
4.75103229251562
4.74554754375173
4.740059873083922
4.734569319973651
4.729075924537863
4.7235797275494775
4.718080770437419
4.712579095286194
4.707074744834996
4.7015677624763015
4.696058192253949
4.690546078860659
4.685031467635004
4.679514404557775
4.673994936247737
4.668473109956762
4.662948973564292
4.657422575571141
4.65189396509259
4.646363191850767
4.640830306166306
4.635295358949226
4.6297584016890685
4.624219486444222
4.618678665830458
4.61313599300864
4.607591521671607
4.602045306030203
4.596497400798471
4.590947861177956
4.585396742841166
4.579844101914132
4.5742899949581055
4.568734478950363
4.563177611264139
4.557619449647671
4.552060052202376
4.5464994773601655
4.540937783859895
4.53537503072298
4.529811277228182
4.524246582885582
4.518681007409772
4.5131146106922815
4.507547452773262
4.501979593812478
4.496411094059614
4.490842013823953
4.485272413443453
4.479702353253278
4.47413189355381
4.468561094578217
4.462990016459601
4.457418719197805
4.451847262625918
4.446275706376551
4.440704109847946
4.435132532169974
4.429561032170101
4.423989668338131
4.418418498795919
4.412847581260199
4.407276973010226
4.401706730854641
4.396136911098746
4.390567569512267
4.384998761297676
4.379430541059154
4.37386296277228
4.368296079754496
4.362729944636464
4.357164609334348
4.351600125023121
4.346036542110956
4.3404739102147545
4.334912278136911
4.329351693843335
4.323783981851998
4.318217538714629
4.312652433952902
4.307088733297103
4.3015264994242415
4.295965792373016
4.290406669820958
4.2848491872787555
4.279293398231272
4.273739354243973
4.268187105047078
4.262636698605627
4.257088181180901
4.251541597386819
4.245996990243705
4.240454401230989
4.234913870339829
4.229375436126285
4.223839135765385
4.218305005106283
4.212773078728586
4.207243389999849
4.201715971134224
4.1961908532521965
4.190668066441406
4.1851476398184735
4.1796296015918735
4.174113979125839
4.168600799005392
4.16309008710259
4.157581868644164
4.152076048042966
4.146572502477363
4.141071256142498
4.1355723328479135
4.13007575611387
4.124581549199382
4.119089735189251
4.113600337070654
4.108113377815163
4.102628880467428
4.0971468682419925
4.091667364629947
4.086190393517654
4.080715979320175
4.075244147132772
4.069774922904687
4.064308333640473
4.058844407635676
4.0533831747555125
4.0479246667678135
4.042468917745006
4.03701596455467
4.03156584746494
4.026118610900435
4.0206743043980335
4.015232983831641
4.009794713004897
4.004359565756172
3.9989276287916535
3.9934990055778616
3.9880738218186207
3.9826522333798446
3.977234438146288
3.971820694504081
