0.06557440758251787
0.06569426371326982
0.06581346872491332
0.06593203402900699
0.06604997104535006
0.0661672911656947
0.06628400571323849
0.0664001259033595
0.06651566280713675
0.06663062731834407
0.06674503012432226
0.06685888168096346
0.06697219219189768
0.06708497159184361
0.0671972295339785
0.06730897538109178
0.06742021820022193
0.06753096676042905
0.06764122953333003
0.06775101469601397
0.06786033013596053
0.06796918345760085
0.06807758199018474
0.06818553279664931
0.06829304268321681
0.06840011820948501
0.06850676569880743
0.06861299124879432
0.06871880074179552
0.06882419985525377
0.0689291940718428
0.0690337886893247
0.06913798883008043
0.06924179945028176
0.06934522534868624
0.06944827117504651
0.06955094143813335
0.06965324051337787
0.06975517265014283
0.06985674197863603
0.06995795251648071
0.07005880817495952
0.0701593127649484
0.07025947000255686
0.07035928351449096
0.07045875684315413
0.07055789345150014
0.07065669672765151
0.07075516998929572
0.07085331648787006
0.07095113941254516
0.07104864189401654
0.07114582700811194
0.07124269777922222
0.07133925718356192
0.07143550815226607
0.07153145357427067
0.07162709629959707
0.07172243914084529
0.07181748487670696
0.07191223625399991
0.07200669598988624
0.07210086677395912
0.07219475127020292
0.07228835211883054
0.07238167193800223
0.07247471332543001
0.0725674788598721
0.07265997110252119
0.07275219259829159
0.07284414587700865
0.07293583345450554
0.07302725783354827
0.07311842150499735
0.07320932694842479
0.07329997663295419
0.07339037301795727
0.07348051855368297
0.07357041568182307
0.07366006683601833
0.07374947444230918
0.07383864091953413
0.07392756867968002
0.07401626012818738
0.07410471766421381
0.07419294368085924
0.07428094056535536
0.07436871069922238
0.07445625645839592
0.07454358021332615
0.07463068432905194
0.07471757116525213
0.07480424307627558
0.07489070241115266
0.07497695151358924
0.07506299272194535
0.07514882836919948
0.07523446078290047
0.07531989228510769
0.07540512519232118
0.07549016181540218
0.07557500445948549
0.07565965542388413
0.07574411700198724
0.07582839148115175
0.07591248114258821
0.07599638826124161
0.07608011510566746
0.07616366393790322
0.07624703701333574
0.07633023658056465
0.0764132648812621
0.07649612415002877
0.07657881661424648
0.07666134449392714
0.07674371000155852
0.07682591534158181
0.07690796271132254
0.07698985429973507
0.07707159228759733
0.07715317884733888
0.07723461614286521
0.07731590632856959
0.07739705155158927
0.07747805394916106
0.07755891564925986
0.07763963877040032
0.07772022542143696
0.07780067770136033
0.07788099769908902
0.07796118749325738
0.07804124915199906
0.07812118473272615
0.07820099628270753
0.07828068583641724
0.07836025541774028
0.07843970703891207
0.07851904270028022
0.07859826439006029
0.07867737408408744
0.07875637374556489
0.07883526532480947
0.07891405075899414
0.07899273197188822
0.07907131087359535
0.07914978936028987
0.07922816931395138
0.0793064526020988
0.07938464107752338
0.07946273657802186
0.07954074092612988
0.07961865592885627
0.07969648337741851
0.07977422504698033
0.07985188269639146
0.0799294580679305
0.08000695288705123
0.08008436886213308
0.08016170768423614
0.08023897102686159
0.0803161605457177
0.08039327787849243
0.0804703246446328
0.08054730244513178
0.08062421286232332
0.08070105745968578
0.08077783778165451
0.0808545553534439
0.08093121168087952
0.08100780825024073
0.0810843465281141
0.081160827961258
0.08123725397647898
0.08131362598051999
0.08138994535996073
0.08146621348113059
0.08154243169003433
0.08161860131229029
0.08169472365308213
0.08177079999712324
0.08184683160863451
0.08192281973133533
0.08199876558844772
0.08207467038271365
0.08215053529642548
0.08222636149146925
0.08230215010938087
0.0823779022714149
0.08245361907862565
0.08252930161196063
0.08260495093236568
0.08268056808090174
0.08275615407887298
0.08283170992796564
0.08290723661039749
0.08298273508907755
0.08305820630777531
0.08313365119129944
0.08320907064568518
0.08328446555839045
