15.22273
9.301274500335515
9.350511694779785
9.396324287754009
9.438514080281552
9.476899371446308
9.511326802694265
9.541675131404567
9.567856843311276
9.589818699817384
9.607541444384914
9.621038755930577
9.630355534590112
9.635565621896836
9.636769071323902
9.634089092152177
9.627668789487373
9.61766781681669
9.604259046071984
9.587625345244316
9.56795653666114
9.545446591451748
9.520291098625645
9.492685031438759
9.462820819919036
9.430886726893997
9.397065515725
9.36153339113982
9.32445918988094
9.286003795086623
9.246319747087297
9.205551023318055
9.163832961019196
9.121292298047292
9.078047309217258
9.034208017944984
8.989876465407601
8.94514702186663
8.900106727121846
8.854835649226223
8.809407252555589
8.763888768077246
8.718341560192073
8.672821485842398
8.627379242693332
8.58206070412577
8.536907239542195
8.49195601910209
8.44724030249066
8.402789711700876
8.358630488093162
8.314785734202575
8.27127564090649
8.228117700656576
8.185326907530289
8.142915944875622
8.100895361318573
8.05927376286966
8.018057853153437
7.9772527620260005
7.936862050953684
7.8968878779272025
7.8573311169989655
7.818191471430266
7.779467579996666
7.741157116832314
7.703256885170498
7.665762905307438
7.62867049708691
7.59197435718078
7.555668631414964
7.519746982376788
7.484202652521128
7.449028582126738
7.414217232124088
7.379760975698217
7.345651922786339
7.311882018093523
7.27844308119421
7.245326843415906
7.212524981654031
7.1800291492966695
7.147831004344772
7.115922234993279
7.084294582704672
7.0529398629891755
7.021849984008825
6.991016963154626
6.960432941666531
6.930090197616023
6.899981157057817
6.870098403789875
6.840434687646283
6.810982931497646
6.781736237056886
6.752687889591452
6.7238313616389735
6.695160315817743
6.666668606819122
6.63835028266366
6.610199585297909
6.582210950604603
6.5543790078935755
6.526698578936801
6.499164676606284
6.471772503169268
6.444517448291179
6.417395086792612
6.3904011762032065
6.36353165415099
6.336782635622965
6.310150410128893
6.283631438797282
6.257222351429524
6.230919943535322
6.204721173369718
6.178623158989707
6.1526231753456715
6.126718655549251
6.100907172393565
6.075186457791265
6.049554386340213
6.024008975868324
5.9985483849698955
5.973170945598102
5.947875008167178
5.922659191772975
5.897522191295138
5.872462834278837
5.847480076321353
5.822572998782153
5.797740806880923
5.7729828279011635
5.7482985094526775
5.723687381704019
5.6991492115964535
5.674683745721116
5.650290899728952
5.625970698560739
5.601723277270265
5.5775488797524515
5.5534478571489245
5.529420666177341
5.50546786741082
5.481590123502711
5.45778819734749
5.434062950168675
5.410415339524421
5.386846417222448
5.3633573271360255
5.339949302913694
5.316623665575905
5.293381820992553
5.270225257236106
5.247155541806062
5.2241743187211
5.20128330547654
5.17848428986536
5.1557791266623925
5.133169734172067
5.11065809064121
5.088246230539574
5.0659362407115465
5.0437302564039275
5.021630457175218
4.999639062693362
4.977758328429356
4.955990541255471
4.934338014957516
4.912803085671292
4.891388107254406
4.870095446605077
4.848927478940169
4.827886583045426
4.806975136511008
4.78619551096608
4.765550067326212
4.745041151027828
4.724671087543169
4.704442177350002
4.684352792766507
4.664418728398701
4.644626679361825
4.624984660475646
4.605494775672661
4.586159083343824
4.566979588173092
4.547958236782933
4.5290969140864314
4.510397439894276
4.49186156571705
4.473490971760066
4.455287264115873
4.437251972159766
4.419386546152802
4.401692355056222
4.384170684559756
4.36682273532583
4.349649621450502
4.332652369140988
