39.33185532736945
39.331223247631556
39.33028626077713
39.3290718716833
39.32759864207566
39.325883645566826
39.32394331759955
39.321793570938375
39.31944982894858
39.31692704906996
39.31423974452947
39.311402005198865
39.308427517712886
39.30532958487589
39.3021211443753
39.2988147868188
39.295422773112136
39.29195705119425
39.28842927214566
39.28485080568646
39.281232755079174
39.27758597145198
39.27392106755678
39.27024843097657
39.266578236795915
39.262920459747775
39.25928488584946
39.25568112354003
39.25211861433068
39.24860664297947
39.245154347200554
39.24177072691842
39.238464653075994
39.23524487600596
39.232120033373
39.229098657695154
39.226189183451
39.22339995377945
39.220739226778015
39.218215181405036
39.2158359229907
39.213609488361364
39.211543850580895
39.209646923312505
39.20792656480387
39.20639058149802
39.20504673127198
39.20390272630463
39.202966235575055
39.202244886992105
39.20174626915554
39.201477932748844
39.20144739156373
39.2016621231556
39.202129569129355
39.20285713505484
39.20385219001062
39.20512206575504
39.206674055523465
39.20851541245018
39.21065334761389
39.21309502770553
39.21584757231727
39.21891805085196
39.22231347905207
39.226040815147826
39.230106955624606
39.23451873060951
39.239282898878216
39.24440614248328
39.24989506100579
39.25575616543279
39.261995871663984
39.26862049365153
39.27563623617811
39.283049187279055
39.290865310315326
39.299090435705665
39.307730252326806
39.316790298592316
39.326275953221774
39.336192425713335
39.34654474653434
39.35733775704592
39.368576099179336
39.38026420488335
39.39240628536336
39.405006320135314
39.418068045918616
39.43159494539432
39.44559023585679
39.460056857788615
39.474997463390814
39.49041440510163
39.50630972413977
39.5226851391091
39.53954203470406
39.556881450556574
39.57470407026688
39.593010210662435
39.61179981133037
39.63107242447052
39.65082720511705
39.67106290177813
39.69177784754372
39.712969951712516
39.73463669198952
39.75677510730599
39.779381791313796
39.80245288660582
39.82598407971375
39.84997059693372
39.87440720102937
39.89928818886035
39.92460738998269
39.9503581662654
39.97653341256512
40.0031255557909
40.0301265660955
40.057527952373285
40.085320770642255
40.11349563040317
40.1420427023604
40.170951727395206
40.20021202680096
40.22981251378386
40.259741706227
40.28998774070946
40.3205383877658
40.351381068364454
40.38250287157742
40.41389057340625
40.44553065672299
40.4774093322777
40.5095125607176
40.52400516239652
40.539663442073184
40.55646378588547
40.57437276128735
40.59334790469362
40.61333987165756
40.63429426689844
40.65615310382972
40.67885596920173
40.70234095888374
40.72654543464839
40.7514066394062
40.776862199293845
40.80285053440246
40.829311195036865
40.856185136738425
40.883414944541364
40.910945014829565
40.93872170154587
40.96669343225794
40.994810798613614
41.02302662495991
41.05129601830281
41.0795764023151
41.10782753772818
41.13601153115039
41.16409283412342
41.192038234047494
41.21981683846709
41.24740005410445
41.274761561954215
41.30186427108867
41.32867064611159
41.35516141132026
41.381319385160694
41.40712947046734
41.43257863478797
41.457655903269114
41.48235235464516
41.5066611252701
41.530577423326406
41.554098555911594
41.577223972216544
41.59995532667698
41.62229656685002
41.644254051908675
41.66583670915043
41.687056237911904
41.7079273729505
41.72846822295885
41.74870070479302
41.76865110077588
41.78835077590621
41.80783710521169
41.82715468075945
41.84635689602048
41.865508047271334
41.884686155600924
41.90398681262192
41.92352851229386
41.943460194244786
41.963972173942125
41.98531243808273
42.00781179062664
42.03192434205565
