6.014656205230289
5.913230677823611
5.826768410929443
5.743346252911206
5.66120301318858
5.580072576648164
5.499910574673689
5.4207082168690075
5.342464922200931
5.265183920692556
5.188871106945807
5.11353433592452
5.039182794013571
4.965826421610125
4.89347540325251
4.8221397380158555
4.751828894851017
4.682551550657131
4.614315404031115
4.547127054781219
4.480991938065124
4.41591430199702
4.35189721835928
4.288942617305072
4.2270513383872865
4.166223191713606
4.106457024392647
4.0477507886330715
3.990101608874017
3.9335058461617227
3.877959158507754
3.8234565568711565
3.7699924560719866
3.7175607209144417
3.66615470756115
3.6157673005810946
3.5663909456487204
3.518017678847167
3.470639152529884
3.424246658332377
3.378831147689483
3.3343832502162964
3.290893290288326
3.2483513021239228
3.206747043643631
3.1660700093503036
3.1263094424576656
3.0874543463901722
3.0494934959825857
3.012415448304435
2.9762085533774947
2.9408609648809017
2.906360650800259
2.872695404265485
2.839852854599946
2.8078204780439666
2.776585609732925
2.7461354548865087
2.716457100700734
2.6875375284001204
2.659363625497648
2.6319221982502907
2.6051999842853735
2.5791836653676983
2.5538598802726415
2.529215237727348
2.5052363293789406
2.481909742747035
2.4592220741165076
2.4371599413256564
2.41570999640497
2.3948589380223986
2.374593523691573
2.354900581701711
2.335767022729117
2.3171798510930337
2.2991261756210726
2.2815932200919895
2.2645683332275635
2.248038998207523
2.23199284168575
2.2164176422889166
2.2013013385823452
2.1866320364914458
2.172398016170338
2.1585877383126593
2.1451898499023474
2.1321931894076434
2.1195867914168045
2.107359890731154
2.0955019382860867
2.0840025411076444
2.072851591956408
2.0620391460005143
2.0515554808720706
2.041391089182691
2.0315366782085453
2.0219814429075544
2.012708497232469
2.0037172249981845
1.9949997993373967
1.9865477941798668
1.9783529210430442
1.9704071093469453
1.962702512107882
1.9552315035524688
1.9479866757578326
1.9409608346428278
1.9341469963880407
1.927538383346885
1.921128420010925
1.9149107288825105
1.90887912628012
1.9030276180902188
1.8973503954773312
1.891841830564192
1.8864964720926922
1.88130904107641
1.8762744264544917
1.8713876807563012
1.8666440157856847
1.8620387983327389
1.8575675459208014
1.8532259225954075
1.8490097347614003
1.844914927074129
1.8409375783894102
1.837073897776983
1.8333202206016006
1.8296730046748988
1.826128826481145
1.8226843774796317
1.8193364604855329
1.816081986131085
1.8129179694084823
1.8098415262954084
1.8068498704638891
1.803940310072998
1.8011102446454108
1.7983571620277934
1.7956786354346412
1.7930723205751098
1.7905359528620977
1.7880673447026376
1.785664382868822
1.7833250259479179
1.7810473018704942
1.778829305515229
1.7766691963891557
1.7745651963814335
1.7725155875896588
1.7705187102166642
1.7685729605363627
1.766676788927161
1.7648286979708088
1.7630272406155418
1.761271018401293
1.7595586797457812
1.757888918289312
1.7562604712969465
1.7546721181162384
1.7531226786888188
1.7516110121142918
1.7501360152648682
1.7486966214489834
1.7472917991224084
1.7459205506455122
1.7445819110848508
1.7432749470578022
1.7419987556188596
1.7407524631860827
1.7395352245062832
1.738346221657833
1.7371846630895924
1.7360497826947348
1.734940838918383
1.7338571138976218
1.7327979126330626
1.7317625621904678
1.730750410931639
1.729760827773402
1.7287932014736496
1.7278469399435064
1.7269214695846697
1.7260162346509538
1.7251306966331685
1.724264333666503
1.723416639959546
1.7225871252441738
1.7217753142454344
1.7209807461709397
1.7202029742185532
1.7194415651024195
1.71869609859579
1.7179661670907838
1.7172513751739238
1.7165513392171277
1.7158656869835547
1.7151940572475328
1.714536099428384
