69387.05556000001
63131.782054640185
63087.10547195618
63082.52987959445
63100.91882734636
63132.286096377495
63170.71027622524
63212.68481982861
63256.139011188476
63299.855923676885
63343.1262151963
63385.54214976038
63426.875037683065
63467.00231371751
63505.864156116826
63543.43768728376
63579.721638321316
63614.727241106026
63648.472826423
63680.98062744554
63712.27489542402
63742.38079610312
63771.32377064856
63799.129173011235
63825.822071929426
63851.42715119766
63875.96866887584
63899.47045225049
63921.95591500312
63943.44808879357
63963.96966500304
63983.54304449825
64002.19039465272
64019.93371378409
64036.794903840586
64052.79585273381
64067.95852826227
64082.305086137865
64095.85799529371
64108.64018442983
64120.67521470913
64131.98748468717
64142.60247498657
64152.54704197365
64161.84977178367
64170.54140850331
64178.655373025525
64186.2283922431
64193.30126042676
64199.9197567413
64206.13574122188
64212.007624547456
64217.60503461958
64223.005775515245
64228.30053832626
64233.593574350685
64239.00338599428
64244.661782980635
64250.70980249979
64257.28819080884
64264.519325368936
64272.477225561146
64281.14398432477
64290.35656625226
64299.758765666775
64308.786061258455
64316.71466800549
64322.78515297062
64326.36647773617
64327.09045005478
64324.8975084081
64319.98801079988
64312.72035609034
64303.50988358564
64292.75502480551
64280.799317037956
64267.91937049848
64254.32802779658
64240.18414967273
64225.60392819204
64210.67124347503
64195.44617711868
64179.971604939856
64164.278133782806
64148.38770201516
64132.316163475865
64116.07513196938
64099.67327949426
64083.11724822083
64066.412287984414
64049.56270036985
64032.57214708135
64015.46633576833
63998.21413710409
63980.82568458828
63963.282831836164
63945.62338137119
63927.843158997304
63909.94335154501
63891.92570966187
63873.795304822466
63855.55032212397
63837.19358437202
63818.72790448446
63800.15602905931
63781.48066979817
63762.7045206362
63743.83026677579
63724.86058891192
63705.798164617874
63686.64566807171
63667.40576882434
63648.08113003824
63628.67440644623
63609.18824218408
63589.625268589
63569.988102016585
63550.27934170999
63530.50156773803
63510.65733901694
63490.74919141794
63470.779635963125
63450.75115711503
63430.66621115463
63410.5272246541
63390.33659301894
63370.09667915839
63349.80981218921
63329.478286261154
63309.10435944235
63288.69025271458
63268.23814899034
63247.75019226108
63227.22848679033
63206.67509638422
63186.09204373111
63165.4813098082
63144.844833352654
63124.184510397616
63103.50219386707
63082.799693232075
63062.078774222595
63041.34115859567
63020.588523955725
62999.82250362765
62979.04468657875
62958.25661738771
62937.45979626189
62916.655679094976
62895.845677571204
62875.031159306
62854.213448029346
62833.39382380354
62812.57352327769
62791.75373997663
62770.935624621095
62750.120285480196
62729.30878875119
62708.502158969604
62687.701379443664
62666.907392715446
62646.12110104407
62625.34336691275
62604.575013555615
62583.8168255053
62563.06954915853
62542.33389335862
62521.610529995625
62500.900094619676
62480.20318706952
62459.52037211358
62438.8521801026
62418.19910763358
62397.5770265656
62376.95581562126
62356.35099608403
