0.008330253329894972
0.008326626194360885
0.00832780074251767
0.00833338171433293
0.00834303917877922
0.008356484889985505
0.00837346066416594
0.008393732083659924
0.008417084648002634
0.008443321122148677
0.00847225952782271
0.008503731523053833
0.008537581045083498
0.008573663149671257
0.008611843006499262
0.0086519950234427
0.008694002079463066
0.008737754850060975
0.008783151212021967
0.00883009571625027
0.008878499119109392
0.008928277964026515
0.008979354206248824
0.009031654874610943
0.009085111765010642
0.00913966116103078
0.00919524357778119
0.009251803535353835
0.009309289300915126
0.009367652741178702
0.009426849092625374
0.009486836789317561
0.009547577290872394
0.009609034918642049
0.009671176699151235
0.009733972214025995
0.009797393455805546
0.009861414689171174
0.009926012317228922
0.009991164752585125
0.010056852293021579
0.01012305700164055
0.010189762591393517
0.01025695431394444
0.010324618852836389
0.010392744220953973
0.010461319662274308
0.010530335557905087
0.010599783336403974
0.010669655388371346
0.010739944985291402
0.010810646202593269
0.01088175384688654
0.010953263387314298
0.011025170890953095
0.011097472962175576
0.011170166685881229
0.01124324957448836
0.011316719518566411
0.011390574740985078
0.011464813754446234
0.01153943532225336
0.011614438422178318
0.011689822213272435
0.011765586005470237
0.011841729231837291
0.01191825142330278
0.011995152185733543
0.01207243117919386
0.012150088099250868
0.012228122660178387
0.012306534579927322
0.012385323566724926
0.012464489307180217
0.012544031455772788
0.012623949625608734
0.01270424338033839
0.012784912227128404
0.012865955610597054
0.012947372907619636
0.013029163422920157
0.013111326385373077
0.013193860944942013
0.013276766170189686
0.013360041046297204
0.01344368447353723
0.013527695266152197
0.013612072151585608
0.013696813770032444
0.013781918674262433
0.013867385329687931
0.013953212114641981
0.014039397320841732
0.014125939154009547
0.014212835734632404
0.014300085098840091
0.01438768519938123
0.014475633906688056
0.014563929010011063
0.014652568218614803
0.01474154916302455
0.014830869396312832
0.014920526395421152
0.015010517561944606
0.01510084022634883
0.015191491643540212
0.015282469000270424
0.01537376941340218
0.01546538993198861
0.015557327538689523
0.01564957915118726
0.0157421416236049
0.01583501174791853
0.015928186255370368
0.01602166181787529
0.01611543504942277
0.016209502507474244
0.016303860694353786
0.016398506058632877
0.01649343499650814
0.01658864385317219
0.01668412892417873
0.016779886456798544
0.016875912651371113
0.016972203662645638
0.017068755601118087
0.017165564534359686
0.01726262648833837
0.01735993744873178
0.01745749336223546
0.01755529013786355
0.017653323648239783
0.01775158973088347
0.017850084189488448
0.017948802795193765
0.018047741287848383
0.01814689537726712
0.018246260744480255
0.018345833042975265
0.018445607899932107
0.018545580917449626
0.01864574767376577
0.018746103724469193
0.018846644603702663
0.0189473658253607
0.019048262884276995
0.019149331257405103
0.01925056640498978
0.019351963771731213
0.01945351878794074
0.019555226870687264
0.019657083424934538
0.019759083844671465
0.019861223514032113
0.019963497808405575
0.02006590209553931
0.020168431736630743
0.02027108208740912
0.020373848499210336
0.02047672632003846
0.020579710895619305
0.020682797570443053
0.020785981688797674
0.020889258595789103
0.020992623638354014
0.02109607216625981
0.02119959953309352
0.02130320109724183
0.021406872222856133
0.0215106082808084
0.021614404649638083
0.021718256716480647
0.021822159877990452
0.021926109541248923
0.022030101124661063
0.022134130058838873
0.022238191787474777
0.022342281768198625
0.02244639547342788
0.022550528391197422
0.02265467602598409
0.022758833899512977
0.022862997551553205
0.022967162540699602
0.023071324445142483
0.02317547886342057
0.023279621415165593
0.023383747741827877
0.023487853507393776
0.023591934399083882
0.023695986128042718
0.023800004430010874
0.023903985065984158
0.024007923822861193
0.02411181651407259
0.024215658980198805
0.02431944708957533
0.02442317673888032
0.024526843853710928
0.024630444389143722
