5.36289
4.523839885411779
4.532943655496112
4.542929207100411
4.553697132193544
4.56521175914242
4.577443968182657
4.5903634450075055
4.6039381914814275
4.618135060988653
4.632920384292732
4.648260533236021
4.66412239037334
4.680473716876053
4.69728342052576
4.714521731354745
4.732160296259312
4.750172205805613
4.768531967028725
4.787215435448087
4.806199718282212
4.825463059213678
4.844984713252928
4.864744818492819
4.884724269926646
4.904904599082779
4.925267862024335
4.945796537323183
4.966473434823685
4.987281619013911
5.008204325545409
5.029224923359993
5.050326852598696
5.071493586281694
5.092708597621348
5.113955345877347
5.1352172429154965
5.1564776522855045
5.1777198807960545
5.198927177243582
5.220082735485444
5.241169701380545
5.2621711831844395
5.283070265071054
5.303850023478567
5.32449354602416
5.344983954765077
5.36530442147436
5.385438205202154
5.4053686710200575
5.425079319265914
5.444553821864905
5.463776043517772
5.482730080608567
5.501400220241161
5.519771263920332
5.53782812306555
5.555556146997906
5.572941082641889
5.589969107897449
5.606626864416298
5.622901489544912
5.638780647209645
5.654252557522941
5.669306024902026
5.683930464502481
5.698115926793412
5.711853120108091
5.725133431034001
5.737948942524916
5.7502924496401855
5.762157472844036
5.7735382688233985
5.784429838803443
5.794827934372587
5.804729060848115
5.814130478240684
5.823030199901482
5.831426988947799
5.839320352598554
5.846710534554701
5.853598505585894
5.859985952497279
5.865875265660375
5.871269525306791
5.876172486790558
5.880588565047593
5.884522818333249
5.887980932049809
5.890969201500946
5.893493405717092
5.895564341350203
5.897186706195725
5.898370185182262
5.899123885774312
5.899457435462016
5.899380970539043
5.898895595934151
5.897968371215034
5.896801899448913
5.8954032367529585
5.893779346901269
5.891937278146016
5.889883967006509
5.887626368173019
5.885171443984038
5.88252595320144
5.8796968280514434
5.87669078917455
5.873514516717738
5.870174607756063
5.8666775685800205
5.86302980769007
5.859237629478528
5.855307228582837
5.85124468488101
5.847055959108416
5.8427468890642205
5.8383231863824605
5.833790433836707
5.829154083147895
5.8244194532680265
5.819591729107249
5.814675960675635
5.809677062612515
5.804599814069856
5.799448858928916
5.794228706319203
5.788943731412378
5.7835981764712425
5.778196152128151
5.7727416388673936
5.7672384886948
5.761690426971833
5.756101054394873
5.750473849103143
5.744812168898161
5.739119253557947
5.733398227232518
5.727652100906698
5.7218837749177744
5.7160960415159945
5.710291587457344
5.7044729966204475
5.698642752634768
5.692803241515384
5.686956754296134
5.681105489654069
5.675251556516501
5.669396976652374
5.663543687233296
5.657693543368554
5.651848320606286
5.646009717394736
5.640179357508859
5.6343587924294365
5.628549503682565
5.622752905128077
5.616970345204551
5.611203109122275
5.605452421007323
5.599719445995131
5.59400529227278
5.588311013068606
5.582637608591332
5.576986027918354
5.571357170829437
5.565751889592297
5.560170990696523
5.55461523653641
5.549085347044221
5.5435820012760875
5.538105838947376
5.5326574619217475
5.527237435654265
5.521846290587016
5.516484523502383
5.511152598829358
5.5058509499103065
5.500579980223662
5.495340064566543
5.490131550197862
5.48495475794234
5.479809983256468
5.474697497258349
5.4696175477216435
5.46457036003473
5.459556138126058
5.454575065356928
5.449627305383518
5.444713002984948
5.439832284867482
5.434985260431614
5.430172022519834
5.425392648130447
5.420647199109591
5.415935722815722
5.411258252759216
5.406614809220907
5.4020053998440964
