9.890024704531545
9.835383896749322
9.767163895602529
9.686347440518068
9.593936302543165
9.490984213501442
9.378582199300794
9.257837299949232
9.12985162454618
8.995703468475735
8.856431219361946
8.713020396249862
8.566393899806181
8.41740534327544
8.266835183288455
8.115389275374937
7.963699434760847
7.812325578747924
7.6617590514889775
7.512426774732436
7.364695920232836
7.218878854232508
7.075238157022149
6.933991568195141
6.795316749350543
6.659355790225035
6.5262194117723915
6.395990841179073
6.268729350028165
6.1444734585712775
6.023243817938396
5.905045786092469
5.789871718872743
5.677702997405201
5.56851181465856
5.462262743035768
5.358914105209903
5.258419167672401
5.1607271763743325
5.065784251773017
4.973534159226379
4.883918969199739
4.796879620344722
4.712356397187818
4.630289332940999
4.550618546824147
4.473284524194619
4.398228347196775
4.325391881966036
4.254717928813979
4.186150340258617
4.119634111361691
4.055115446835338
3.9925418079237405
3.9318619404266637
3.8730258971764937
3.8159850352128437
3.7606920129890917
3.7071007768908237
3.6551665416128998
3.60484576561532
3.5560961228292816
3.50887647161619
3.4631468218329173
3.418868300724234
3.376003118246395
3.334514532322529
3.294366814439747
3.2555252159182992
3.2179559351136104
3.1816260857515837
3.14650366654548
3.1125575321976857
3.079757365851697
3.0480736530273704
3.0174776570456867
2.9879413959273187
2.9594376207312965
2.9319397952863735
2.9054220772568518
2.8798593004770447
2.855226958483434
2.831501189170627
2.8086587604963285
2.786677057161195
2.7655340681915095
2.745208375354749
2.7256791423483935
2.7069261046934616
2.688929560282249
2.6716703480227175
2.655129889945394
2.639290107317259
2.6241334646486316
2.60964294988057
2.5958020681363405
2.582594835882612
2.5699728835585938
2.5577372212116094
2.5458755722965853
2.534376358599358
2.523228586845456
2.512421787204304
2.501945958108861
2.4917915231371834
2.4819492929708478
2.4724104306208665
2.463166424851866
2.454209063661917
2.4455304128467477
2.4371227970307867
2.428978783102378
2.4210911657097065
2.4134529545219725
2.40605736300156
2.3988977984687634
2.3919678532713977
2.3852612968983364
2.378772068899001
2.3724942724906875
2.3664221687527833
2.360550171321634
2.354872841512586
2.3493848838066644
2.3440811416487195
2.338956593512046
2.3340063491913328
2.329225646291722
2.3246098468869616
2.320154434323868
2.3158550101540096
2.311707291176761
2.3077071065804686
2.3038503951707705
2.3001332026770323
2.2965516791294593
2.293102076300788
2.2897807452076138
2.2865841336673527
2.283508783907595
2.280551330225278
2.2777084966936134
2.2749770949151626
2.272354021819727
2.2698362575060953
2.2674208631268367
2.2651049788155087
2.2628858216557726
2.2607606836920446
2.258726929981287
2.256781996685687
2.2549233892059264
2.2531486803547516
2.2514555085706323
2.2498415761711716
2.248304647646019
2.2468425479889245
2.2454531610686366
2.2441344280382434
2.2428843457825702
2.2417009654032123
2.2405823907407516
2.239526776933659
2.238532329013412
2.2375973005352767
2.2367199922442
2.2358987507752643
2.235131967388104
2.2344180767346775
2.233755555659784
2.233142922033699
2.2325787336162892
2.2320615869519567
2.2315901162947736
2.231162992563138
2.2307789223233145
2.230436646801164
2.23013494092146
2.2298726123740886
2.2296485007065105
2.22946147644182
2.2293104402217736
2.2291943219741435
2.2291120801037767
2.229062700706729
2.2290451968068794
2.229058607614406
2.2291019978055453
2.229174456823048
2.2292750981967577
2.229403058883764
2.229557498627563
2.22973759933571
2.229942564475423
2.2301716184866343
2.230424006211976
2.2306989923432154
2.230995860883674
2.231313914626137
2.231652474645829
