12.675879275966636
12.837462648798635
12.925097836479027
12.998406828008298
13.068542542657893
13.137937453280818
13.207143671632473
13.276301152368019
13.345458518496086
13.41464339224516
13.483877895171728
13.55318212619248
13.622574995142708
13.692074468856056
13.761697681997875
13.831461012681276
13.90138014545875
13.971470127187759
14.041745417444803
14.112219934266088
14.182907095747694
14.253819857942343
14.324970749432447
14.396371902914005
14.468035084087767
14.539971718121492
14.612192913917113
14.684709486391503
14.757531976957013
14.830670672367367
14.904135622077671
14.977936654251026
15.052083390530784
15.12658525968499
15.20145151021919
15.276691222043103
15.352313317269385
15.428326570213763
15.50473961665995
15.581560962445895
15.658798991423192
15.736461972835595
15.814558068147731
15.893095337439402
15.972081745178603
16.05152516575328
16.131433388465425
16.21181412219057
16.29267499967542
16.374023581500285
16.45586735972553
16.53821376123999
16.621070150827368
16.7044438339652
16.788342059369604
16.872772021297788
16.957740861619488
17.043255671666866
17.129323493872043
17.21595132320041
17.303146108386823
17.390914752981434
17.47926411621098
17.568201013660893
17.657732217782684
17.747864458231227
17.838604422035264
17.92995875360442
18.02193405457579
18.114536883502026
18.20777375538359
18.301651141046275
18.3961754663659
18.491353111340754
18.587190409013136
18.683693644240126
18.780869052314024
18.87872281743272
18.977261071019566
19.07648988989264
19.176415294282805
19.27704324569996
19.37837964464657
19.480430328177494
19.583201067305087
19.686697564248185
19.790925449523765
19.895890278879744
20.001597530067336
20.10805259945142
20.215260798457034
20.32322734985057
20.431957383853316
20.541455934086
20.651727933342112
20.762778209188134
20.874611479388797
20.987232347155402
21.100645296215284
21.214854685700356
21.329864744853186
21.445679567548346
21.562303106627677
21.679739168047373
21.797991404835564
21.917063310858705
22.036958214395348
22.15767927151608
22.27922945926835
22.401611568665338
22.52482819747788
22.648881742828898
22.7737743935898
22.899508122578823
23.02608467856106
23.153505578050734
23.28177209691602
23.410885261787566
23.54084584127161
23.671654336969432
23.8033109743049
23.93581569316244
24.06916813833817
24.203367649807184
24.338413252810724
24.474303647767155
24.6110372000115
24.748611929368415
24.887025499564526
25.02627520748621
25.166357972289767
25.307270324371512
25.44900839420599
25.591567901061243
25.734944141600682
25.87913197838201
26.024125828264378
26.169919650735835
26.31650693617377
26.463880694052182
26.612033441110455
26.76095718949899
26.910643434918498
27.061083144770237
27.212266746335832
27.364184115006218
27.516824562580364
27.67017682565548
27.82422905413153
27.97896879985404
28.134383005420375
28.290457993175714
28.447179454426166
28.604532438897852
28.76250134447174
28.92106990722527
29.080221191813376
29.239937582222066
29.400200772929708
29.560991760511794
29.72229083572645
29.884077576119072
30.04633083918555
30.20902875613509
30.372148726293943
30.535667412193337
30.699560735385294
30.863803873031273
31.028371255309434
31.193236563686934
31.358372730104964
31.523751937124274
31.6893456190799
31.85512446429415
32.021058418397196
32.187116688805034
32.35326775040412
32.51947935249254
32.685718527026786
32.851951598222996
33.018144193560616
33.18426125623573
33.35026705911014
33.5161252202007
33.68179871975201
33.84724991893333
34.01244058019848
34.17733188934508
34.34188447930597
34.50605845570308
34.669813424189954
34.83310851960512
34.99590243695424
35.15815334625238
35.31981938523323
35.48085815419575
35.64122671115156
35.800882172512324
35.95978135535501
36.117880899520344
