0.011840521666064337
0.011864134083588468
0.0118876854258143
0.011911177698029388
0.011934612896295283
0.011957993000427776
0.0119813199678027
0.012004595727661075
0.012027822175937699
0.012051001170672867
0.012074134528052654
0.012097224019102319
0.012120271367036752
0.01214327824525342
0.012166246275937698
0.012189177029238026
0.01221207202295933
0.012234932722717265
0.012257760542492871
0.012280556845526945
0.012303322945494985
0.012326060107906907
0.01234876955168016
0.012371452450839926
0.01239410993630572
0.012416743097729199
0.01243935298535352
0.012461940611869707
0.012484506954250272
0.012507052955544433
0.012529579526623221
0.012552087547865829
0.012574577870781289
0.0125970513195619
0.012619508692566572
0.01264195076373374
0.012664378283924626
0.012686791982198454
0.01270919256702185
0.012731580727415015
0.012753957134037522
0.012776322440216772
0.01279867728292203
0.012821022283687011
0.012843358049483833
0.012865685173551003
0.01288800423617795
0.012910315805448387
0.012932620437944704
0.01295491867941531
0.012977211065406656
0.012999498121861684
0.013021780365686048
0.013044058305283575
0.01306633244106213
0.013088603265911047
0.01311087126564288
0.013133136919488062
0.013155400700331629
0.013177663075230798
0.013199924505720316
0.013222185448139858
0.013244446353939397
0.013266707669963502
0.013288969838715272
0.01331123329860078
0.01333349848415479
0.01335576582624858
0.013378035752280647
0.013400308686351128
0.013422585049420689
0.013444865259454685
0.013467149731542151
0.013489438878045216
0.013511733108672755
0.013534032830583242
0.013556338448466779
0.013578650364616907
0.013600968978992866
0.01362329468927298
0.013645627890899847
0.013667968977117887
0.013690318339003903
0.013712676365491217
0.013735043443387884
0.013757419957389546
0.013779806290087385
0.013802202821971643
0.01382460993143116
0.013847027994749293
0.01386945738609665
0.013891898477520958
0.013914351638934386
0.013936817238098672
0.013959295640608264
0.013981787209871838
0.014004292307092311
0.014026811291245646
0.014049344519058614
0.014071892344985728
0.01409445512118544
0.014117033197495823
0.014139626921409796
0.0141622366380501
0.014184862690144007
0.014207505417997975
0.014230165159472202
0.014252842249955298
0.014275537022338977
0.01429824980699294
0.014320980931739917
0.014343730721830941
0.014366499499920882
0.014389287586044257
0.0144120952975913
0.014434922949284413
0.014457770853106778
0.014480639318423532
0.014503528651815239
0.01452643915710355
0.014549371135329288
0.01457232488473089
0.014595300700614142
0.014618298875660227
0.014641319699574327
0.014664363459176568
0.014687430438382125
0.014710520918181775
0.014733635176622807
0.01475677348879033
0.014779936126788929
0.01480312335972475
0.014826335453687974
0.014849572671843165
0.014872835274088572
0.01489612351736572
0.014919437655534405
0.014942777939357514
0.014966144616486357
0.014989537931446535
0.01501295812562441
0.015036405437254216
0.015059880101405824
0.015083382349973211
0.015106912411663693
0.015130470511987949
0.015154056873250837
0.015177671714543161
0.015201315251734288
0.01522498769746581
0.015248689261146184
0.015272420148946468
0.015296180563797172
0.01531997070538628
0.015343790770158499
0.015367640951315771
0.015391521438819115
0.015415432419391797
0.015439374076523966
0.015463346590478681
0.015487350138299454
0.015511384893819317
0.01553545102767145
0.015559548707301396
0.015583678096980889
0.015607839357823347
0.015632032647801018
0.015656258121763782
0.015680515931459707
0.015704806225557227
0.0157291291496691
0.01575348484637801
0.015777873455263887
0.01580229511293291
0.01582674995304818
0.015851238106362027
0.015875759700749968
0.015900314861246195
0.015924903710080707
0.01594952636671788
0.01597418294789654
0.01599887356767146
0.016023598337456223
0.01604835736606741
0.016073150759770036
0.016097978622324177
0.01612284105503272
0.016147738156790204
0.016172670024132585
0.016197636751287978
0.01622263843022821
0.016247675150721133
0.016272747000383624
0.016297854064735197
0.016322996427252122
0.016348174169422032
0.01637338737079885
0.01639863610905803
0.016423920460051995
0.01644924049786572
