554.4637319834341
90.25194484369058
135.37791726553587
582.7789586906569
84.7385069788479
127.10776046827185
582.5522063128459
84.26326612543444
126.39489918815168
582.2454960617072
83.7909018388645
125.68635275829675
581.8630767270361
83.32265028935599
124.983975434034
581.4092282244181
82.85965285175097
124.28947927762646
580.88843856649
82.40296508584663
123.60444762876996
580.3053638642948
81.95354684261937
122.93032026392906
579.6647504990532
81.51225139687901
122.26837709531853
578.9713544149704
81.07981698794019
121.61972548191028
578.229865934195
80.65686144015697
120.98529216023545
577.4448432144566
80.24387993272879
120.36581989909318
576.6206559909007
79.84124577232276
119.76186865848415
575.7614404469426
79.44921389396823
119.17382084095235
574.8710654216263
79.06792672649586
118.60189008974379
573.9531096190979
78.69742200134472
118.04613300201709
573.0108490475469
78.33764205578034
117.50646308367051
572.0472535902188
77.9884441805354
116.9826662708031
571.0649914010417
77.64961158332095
116.4744173749814
570.0664397138677
77.32086457841018
115.9812968676153
569.0537006428386
77.00187166316202
115.50280749474304
568.0286206134246
76.6922601997567
115.03839029963505
566.9928121797017
76.3916264800217
114.58743972003255
565.9476771344592
76.09954500933324
114.14931751399988
564.8944299880394
75.81557689942237
113.72336534913356
563.8341210656123
75.5392773076381
113.30891596145716
562.7676586403414
75.27020190079935
112.90530285119902
561.6958296742397
75.00791235483769
112.51186853225654
560.6193188748551
74.75198092717096
112.12797139075643
559.5387258921455
74.50199415769448
111.75299123654175
558.454580575465
74.2575557672008
111.38633365080119
557.3673562865224
74.01828882983469
111.02743324475206
556.2774813221564
73.7838372997804
110.67575594967063
555.1853485429871
73.55386697264133
110.330800458962
554.0913233329701
73.32806595972606
109.99209893958911
552.9957500328366
73.1061447494014
109.65921712410208
551.8989569996976
72.88783592441182
109.33175388661773
550.8012604476288
72.67289359808565
109.0093403971285
549.7029672215909
72.4610926260317
108.69163893904755
548.6043766509905
72.25222764357312
108.37834146535968
547.5057816207072
72.04611197297743
108.06916795946616
546.4074689874094
71.84257643867056
107.76386465800586
545.3097194581838
71.64146812316692
107.4622021847504
544.212807037392
71.44264909145268
107.16397363717903
543.1169981366585
71.24599510705472
106.8689926605821
542.0225504322173
71.05139435900402
106.57709153850604
540.9297115436926
70.8587462153498
106.2881193230247
539.8387175988591
70.6679600157655
106.00194002364827
538.7497917400622
70.47895391307975
105.71843086961964
537.6631426198142
70.29165377122612
105.43748065683918
536.5789629256142
70.10599212509916
105.15898818764875
535.4974279672169
69.92190720609076
104.88286080913616
534.4186943534332
69.73934203563296
104.60901305344944
533.3428987799683
69.55824358785003
104.33736538177504
532.2701569448325
69.37856202140385
104.06784303210578
531.2005626034122
69.20024997977097
103.80037496965649
530.134189337745
69.0232623193865
103.53489347907978
529.0710791387794
68.84755404589761
103.27133106884642
528.0112591809849
68.67308216209744
103.00962324314617
526.9547286579691
68.4998035284887
102.74970529273307
525.9014627129084
68.32767498166946
102.4915124725042
524.8514120472695
68.15665296712541
102.23497945068813
523.8045030158556
67.98669325358829
101.98003988038244
522.7606378526507
67.81775069397145
101.72662604095717
521.7196950182029
67.64977902939367
101.47466854409052
520.6815296589249
67.48273073284595
101.22409609926892
519.6459741682567
67.31655688911283
100.97483533366925
518.612838839376
67.15120710764764
100.72681066147146
517.5819125990257
66.98662946520305
100.47994419780457
516.5529638121358
66.82277047515437
100.23415571273155
515.5257411470863
66.65957508058773
99.9893626208816
514.4999744917998
66.4969866683848
99.74548000257721
513.4753764691868
66.33494716705113
99.50242075057669
512.4516414817314
66.17339687825603
99.26009531738406
511.4284492245996
66.01227479856901
99.01841219785352
510.4054643234778
65.85151856319985
98.77727784479977
509.38233765658174
65.69106455124287
98.53659682686431
508.35870739748816
65.53084797695044
98.29627196542565
507.3342000551424
65.37080298732626
98.05620448098938
506.30843150706994
65.21086276474064
97.81629414711097
505.28100801733285
65.050959632872
97.576439449308
504.25152724191406
64.89102516552585
97.33653774828876
503.2195792117665
64.73099029666838
97.09648544500259
502.1847472947102
64.5707854312039
96.85617814680587
501.1466091327244
64.41034055562302
96.61551083343456
500.10473755315616
64.24958534790856
96.37437802186287
499.0587014526231
64.08844928617005
96.13267392925506
498.00806665281937
63.92686175557207
95.89029263335811
496.95239672779763
63.764752153209
95.64712822981352
495.8912538026453
63.60204999065415
95.40307498598123
494.8241993237599
63.438684993982974
95.15802749097445
493.7507948012005
63.27458720113049
94.91188080169573
492.670602523807
63.109687056499055
94.66453058474859
491.58318624796146
62.94391550277845
94.41587325416768
490.4881118610491
62.777204069983746
94.16580610497563
489.3849480207625
62.609484961749956
93.91422744262493
488.27326677153496
62.440691138953284
93.66103670842995
487.1526441394202
62.27075640075202
93.40613460112803
486.0226607068203
62.09961546316095
93.14942319474144
484.8829021684603
61.927204035287865
92.89080605293181
483.7329598700413
61.75345889337196
92.63018834005796
482.5724313309712
61.578317952771926
92.36747692915789
481.40092075256285
61.40172033805576
92.10258050708364
480.2180395130425
61.223606451346065
91.8354096770191
479.0234066506551
61.04391803907319
91.56587705860979
477.81664933609864
60.862598257284894
91.29389738592737
476.59740333544164
60.67959173565714
91.01938760348571
475.3653134645916
60.4948446403405
90.74226696051078
474.12003403630865
60.30830473577115
90.46245710365673
472.861229300647
60.119921445561936
90.17988216834291
471.5885738796209
59.92964591257945
89.89446886886918
470.3017531967851
59.73743105830004
89.60614658745006
469.00046390230534
59.54323164152357
89.31484746228537
467.6844142939984
59.34700431651019
89.0205064747653
466.35332473469975
59.14870769059075
88.72306153588613
465.00692806621123
58.9483023812857
88.42245357192856
463.6449704966801
58.745751116566694
88.11862667485003
462.2672101141522
58.54101861595822
87.81152792393733
460.87342011063083
58.33407191004206
87.50110786506309
459.4633873183208
58.12488021883809
87.18732032825714
458.0369130665402
57.91341505083857
86.87012257625786
456.59381357495863
57.69965025708893
86.5494753856334
455.13391658427844
57.48356169811423
86.22534254717135
453.65707655510147
57.26512885688518
85.89769328532778
452.1631532633395
57.04433253142632
85.56649879713949
450.6520261929684
56.82115646102075
85.23173469153113
449.123591692551
56.59558699163585
84.89338048745377
447.5777632419582
56.36761311855815
84.55141967783723
446.01447178207
56.13722653235858
84.2058397985379
444.4336660435742
55.90442166390151
83.85663249585227
442.8353128646913
55.669195727630026
83.50379359144505
441.21939749525325
55.43154876284949
83.14732314427425
439.5859238855622
55.19148367279138
82.78722550918707
437.93491854395376
54.94900664525787
82.4235099678868
436.26641664092773
54.70412563313774
82.05618844970661
434.5804830584567
54.456852738426505
81.68527910763976
432.87719918988086
54.20720266519385
81.31080399779079
431.1566661987801
53.955193129650894
80.93278969447634
429.41900526568935
53.70084488643927
80.55126732965891
427.6643577396039
53.44418174658626
80.1662726198794
425.8928852521004
53.18523059075951
79.77784588613929
424.1047698010261
52.92402137814108
79.38603206721162
422.30021380348455
52.66058715077054
78.99088072615581
420.4794401168265
52.39496403314889
78.59244604972334
418.6426920263057
52.127191226891966
78.19078684033795
416.7902331980829
51.85731100023239
77.7859665003486
414.92234759634954
51.58536867217974
77.3780530082696
413.03933936344794
51.31141259116366
76.96711888674548
411.14153266196206
51.035494107999185
76.55324116199878
409.22927147787067
50.75766754303125
76.13650131454689
407.30291938399716
50.47799014733492
75.71698522100239
405.36285926311683
50.196522057867185
75.29478308680079
403.40949299023913
49.91332624648988
74.86998936973482
401.44324107374234
49.62846846280564
74.44270269420846
399.4645422551997
49.342017170773794
74.01302575616069
397.4738530679164
49.05404347909976
73.58106521864966
395.47164735437485
48.76462106541747
73.14693159812622
393.4584157429659
48.473826094312834
72.71073914146926
391.4346650845816
48.18173712926481
72.27260569389722
389.4009178498298
47.88843503860822
71.83265255791234
387.3577114878235
47.59400289565416
71.39100434348124
385.3055977476928
47.29852587312992
70.94778880969488
383.2451419641528
47.002091132131845
70.50313669819776
381.1769223086536
46.704787705812144
70.05718155871823
379.1015290078078
46.406706378048874
69.61005956707331
377.01956353098524
46.107939557375005
69.16190933606251
374.9316377491098
45.808581146469976
68.71287171970496
372.8383730668696
45.50872640754034
68.2630896113105
370.7403995306888
45.208471823940634
67.81270773591096
368.63835491494746
44.90791495840695
67.36187243761043
366.5328837890622
44.60715430829549
66.91073146244324
364.4246365681429
44.30628915823653
66.4594337373548
362.31426855003673
44.00541943062906
66.0081291459436
360.20243894165435
43.70464553441599
65.556968301624
358.0898098775207
43.40406821258959
65.1061023188844
355.97704543355604
43.10378838888531
64.65568258332797
353.8648106367256
42.80390701394701
64.20586052092051
351.7537704902008
42.50452491268832
63.75678736903247
349.644588967291
42.20574262959398
63.308613944390984
347.5379280599824
41.9076602785475
62.861490417821265
345.43444680230914
41.61037739161494
62.415566087422405
343.3348003210221
41.313992770800525
61.970989156200794
341.2396388998768
41.018604342050594
61.5279065130759
339.14960706262013
40.724309012099376
61.08646351814907
337.0653426773086
40.43120252857384
60.64680379286076
334.9874760844519
40.139379343757675
60.209069015636516
332.9166292513665
39.84893248239344
59.77339872359017
330.8534149549596
39.559953413885104
59.33993012082765
328.79843599503374
39.272531929235804
58.908797893853716
326.75228444001533
38.986756023036214
58.48013403455433
324.7155409068695
38.70271178079123
58.05406767118686
322.68877387676025
38.420483271846216
57.630724907769334
320.6725390478623
38.14015244814818
57.210228672222264
318.6673787265276
37.861799049047825
56.79269857357174
316.67382125783644
37.585500512321225
56.378250768481834
314.6923804963748
37.31133189156037
55.96699783734055
312.7235553178928
37.03936578005281
55.55904867007923
310.76782917232714
36.769672241243725
55.15450836186559
308.8256696784733
36.5023187458427
54.75347811876406
306.89752826043883
36.237370115611995
54.356055173417985
554.4637319834341
90.25194484369058
135.37791726553587
582.7789586906569
84.7385069788479
127.10776046827185
582.5522063128459
84.26326612543444
126.39489918815168
582.2454960617072
83.7909018388645
125.68635275829675
581.8630767270361
83.32265028935599
124.983975434034
581.4092282244181
82.85965285175097
124.28947927762646
580.88843856649
82.40296508584663
123.60444762876996
580.3053638642948
81.95354684261937
122.93032026392906
579.6647504990532
81.51225139687901
122.26837709531853
578.9713544149704
81.07981698794019
121.61972548191028
578.229865934195
80.65686144015697
120.98529216023545
577.4448432144566
80.24387993272879
120.36581989909318
576.6206559909007
79.84124577232276
119.76186865848415
575.7614404469426
79.44921389396823
119.17382084095235
574.8710654216263
79.06792672649586
118.60189008974379
573.9531096190979
78.69742200134472
118.04613300201709
573.0108490475469
78.33764205578034
117.50646308367051
572.0472535902188
77.9884441805354
116.9826662708031
571.0649914010417
77.64961158332095
116.4744173749814
570.0664397138677
77.32086457841018
115.9812968676153
569.0537006428386
77.00187166316202
115.50280749474304
568.0286206134246
76.6922601997567
115.03839029963505
566.9928121797017
76.3916264800217
114.58743972003255
565.9476771344592
76.09954500933324
114.14931751399988
564.8944299880394
75.81557689942237
113.72336534913356
563.8341210656123
75.5392773076381
113.30891596145716
562.7676586403414
75.27020190079935
112.90530285119902
561.6958296742397
75.00791235483769
112.51186853225654
560.6193188748551
74.75198092717096
112.12797139075643
559.5387258921455
74.50199415769448
111.75299123654175
558.454580575465
74.2575557672008
111.38633365080119
557.3673562865224
74.01828882983469
111.02743324475206
556.2774813221564
73.7838372997804
110.67575594967063
555.1853485429871
73.55386697264133
110.330800458962
554.0913233329701
73.32806595972606
109.99209893958911
552.9957500328366
73.1061447494014
109.65921712410208
551.8989569996976
72.88783592441182
109.33175388661773
550.8012604476288
72.67289359808565
109.0093403971285
549.7029672215909
72.4610926260317
108.69163893904755
548.6043766509905
72.25222764357312
108.37834146535968
547.5057816207072
72.04611197297743
108.06916795946616
546.4074689874094
71.84257643867056
107.76386465800586
545.3097194581838
71.64146812316692
107.4622021847504
544.212807037392
71.44264909145268
107.16397363717903
543.1169981366585
71.24599510705472
106.8689926605821
542.0225504322173
71.05139435900402
106.57709153850604
540.9297115436926
70.8587462153498
106.2881193230247
539.8387175988591
70.6679600157655
106.00194002364827
538.7497917400622
70.47895391307975
105.71843086961964
537.6631426198142
70.29165377122612
105.43748065683918
536.5789629256142
70.10599212509916
105.15898818764875
535.4974279672169
69.92190720609076
104.88286080913616
534.4186943534332
69.73934203563296
104.60901305344944
533.3428987799683
69.55824358785003
104.33736538177504
532.2701569448325
69.37856202140385
104.06784303210578
531.2005626034122
69.20024997977097
103.80037496965649
530.134189337745
69.0232623193865
103.53489347907978
529.0710791387794
68.84755404589761
103.27133106884642
528.0112591809849
68.67308216209744
103.00962324314617
526.9547286579691
68.4998035284887
102.74970529273307
525.9014627129084
68.32767498166946
102.4915124725042
524.8514120472695
68.15665296712541
102.23497945068813
523.8045030158556
67.98669325358829
101.98003988038244
522.7606378526507
67.81775069397145
101.72662604095717
521.7196950182029
67.64977902939367
101.47466854409052
520.6815296589249
67.48273073284595
101.22409609926892
519.6459741682567
67.31655688911283
100.97483533366925
518.612838839376
67.15120710764764
100.72681066147146
517.5819125990257
66.98662946520305
100.47994419780457
516.5529638121358
66.82277047515437
100.23415571273155
515.5257411470863
66.65957508058773
99.9893626208816
514.4999744917998
66.4969866683848
99.74548000257721
513.4753764691868
66.33494716705113
99.50242075057669
512.4516414817314
66.17339687825603
99.26009531738406
511.4284492245996
66.01227479856901
99.01841219785352
510.4054643234778
65.85151856319985
98.77727784479977
509.38233765658174
65.69106455124287
98.53659682686431
508.35870739748816
65.53084797695044
98.29627196542565
507.3342000551424
65.37080298732626
98.05620448098938
506.30843150706994
65.21086276474064
97.81629414711097
505.28100801733285
65.050959632872
97.576439449308
504.25152724191406
64.89102516552585
97.33653774828876
503.2195792117665
64.73099029666838
97.09648544500259
502.1847472947102
64.5707854312039
96.85617814680587
501.1466091327244
64.41034055562302
96.61551083343456
500.10473755315616
64.24958534790856
96.37437802186287
499.0587014526231
64.08844928617005
96.13267392925506
498.00806665281937
63.92686175557207
95.89029263335811
496.95239672779763
63.764752153209
95.64712822981352
495.8912538026453
63.60204999065415
95.40307498598123
494.8241993237599
63.438684993982974
95.15802749097445
493.7507948012005
63.27458720113049
94.91188080169573
492.670602523807
63.109687056499055
94.66453058474859
491.58318624796146
62.94391550277845
94.41587325416768
490.4881118610491
62.777204069983746
94.16580610497563
489.3849480207625
62.609484961749956
93.91422744262493
488.27326677153496
62.440691138953284
93.66103670842995
487.1526441394202
62.27075640075202
93.40613460112803
486.0226607068203
62.09961546316095
93.14942319474144
484.8829021684603
61.927204035287865
92.89080605293181
483.7329598700413
61.75345889337196
92.63018834005796
482.5724313309712
61.578317952771926
92.36747692915789
481.40092075256285
61.40172033805576
92.10258050708364
480.2180395130425
61.223606451346065
91.8354096770191
479.0234066506551
61.04391803907319
91.56587705860979
477.81664933609864
60.862598257284894
91.29389738592737
476.59740333544164
60.67959173565714
91.01938760348571
475.3653134645916
60.4948446403405
90.74226696051078
474.12003403630865
60.30830473577115
90.46245710365673
472.861229300647
60.119921445561936
90.17988216834291
471.5885738796209
59.92964591257945
89.89446886886918
470.3017531967851
59.73743105830004
89.60614658745006
469.00046390230534
59.54323164152357
89.31484746228537
467.6844142939984
59.34700431651019
89.0205064747653
466.35332473469975
59.14870769059075
88.72306153588613
465.00692806621123
58.9483023812857
88.42245357192856
463.6449704966801
58.745751116566694
88.11862667485003
462.2672101141522
58.54101861595822
87.81152792393733
460.87342011063083
58.33407191004206
87.50110786506309
459.4633873183208
58.12488021883809
87.18732032825714
458.0369130665402
57.91341505083857
86.87012257625786
456.59381357495863
57.69965025708893
86.5494753856334
455.13391658427844
57.48356169811423
86.22534254717135
453.65707655510147
57.26512885688518
85.89769328532778
452.1631532633395
57.04433253142632
85.56649879713949
450.6520261929684
56.82115646102075
85.23173469153113
449.123591692551
56.59558699163585
84.89338048745377
447.5777632419582
56.36761311855815
84.55141967783723
446.01447178207
56.13722653235858
84.2058397985379
444.4336660435742
55.90442166390151
83.85663249585227
442.8353128646913
55.669195727630026
83.50379359144505
441.21939749525325
55.43154876284949
83.14732314427425
439.5859238855622
55.19148367279138
82.78722550918707
437.93491854395376
54.94900664525787
82.4235099678868
436.26641664092773
54.70412563313774
82.05618844970661
434.5804830584567
54.456852738426505
81.68527910763976
432.87719918988086
54.20720266519385
81.31080399779079
431.1566661987801
53.955193129650894
80.93278969447634
429.41900526568935
53.70084488643927
80.55126732965891
427.6643577396039
53.44418174658626
80.1662726198794
425.8928852521004
53.18523059075951
79.77784588613929
424.1047698010261
52.92402137814108
79.38603206721162
422.30021380348455
52.66058715077054
78.99088072615581
420.4794401168265
52.39496403314889
78.59244604972334
418.6426920263057
52.127191226891966
78.19078684033795
416.7902331980829
51.85731100023239
77.7859665003486
414.92234759634954
51.58536867217974
77.3780530082696
413.03933936344794
51.31141259116366
76.96711888674548
411.14153266196206
51.035494107999185
76.55324116199878
409.22927147787067
50.75766754303125
76.13650131454689
407.30291938399716
50.47799014733492
75.71698522100239
405.36285926311683
50.196522057867185
75.29478308680079
403.40949299023913
49.91332624648988
74.86998936973482
401.44324107374234
49.62846846280564
74.44270269420846
399.4645422551997
49.342017170773794
74.01302575616069
397.4738530679164
49.05404347909976
73.58106521864966
395.47164735437485
48.76462106541747
73.14693159812622
393.4584157429659
48.473826094312834
72.71073914146926
391.4346650845816
48.18173712926481
72.27260569389722
389.4009178498298
47.88843503860822
71.83265255791234
387.3577114878235
47.59400289565416
71.39100434348124
385.3055977476928
47.29852587312992
70.94778880969488
383.2451419641528
47.002091132131845
70.50313669819776
381.1769223086536
46.704787705812144
70.05718155871823
379.1015290078078
46.406706378048874
69.61005956707331
377.01956353098524
46.107939557375005
69.16190933606251
374.9316377491098
45.808581146469976
68.71287171970496
372.8383730668696
45.50872640754034
68.2630896113105
370.7403995306888
45.208471823940634
67.81270773591096
368.63835491494746
44.90791495840695
67.36187243761043
366.5328837890622
44.60715430829549
66.91073146244324
364.4246365681429
44.30628915823653
66.4594337373548
362.31426855003673
44.00541943062906
66.0081291459436
360.20243894165435
43.70464553441599
65.556968301624
358.0898098775207
43.40406821258959
65.1061023188844
355.97704543355604
43.10378838888531
64.65568258332797
353.8648106367256
42.80390701394701
64.20586052092051
351.7537704902008
42.50452491268832
63.75678736903247
349.644588967291
42.20574262959398
63.308613944390984
347.5379280599824
41.9076602785475
62.861490417821265
345.43444680230914
41.61037739161494
62.415566087422405
343.3348003210221
41.313992770800525
61.970989156200794
341.2396388998768
41.018604342050594
61.5279065130759
339.14960706262013
40.724309012099376
61.08646351814907
337.0653426773086
40.43120252857384
60.64680379286076
334.9874760844519
40.139379343757675
60.209069015636516
332.9166292513665
39.84893248239344
59.77339872359017
330.8534149549596
39.559953413885104
59.33993012082765
328.79843599503374
39.272531929235804
58.908797893853716
326.75228444001533
38.986756023036214
58.48013403455433
324.7155409068695
38.70271178079123
58.05406767118686
322.68877387676025
38.420483271846216
57.630724907769334
320.6725390478623
38.14015244814818
57.210228672222264
318.6673787265276
37.861799049047825
56.79269857357174
316.67382125783644
37.585500512321225
56.378250768481834
314.6923804963748
37.31133189156037
55.96699783734055
312.7235553178928
37.03936578005281
55.55904867007923
310.76782917232714
36.769672241243725
55.15450836186559
308.8256696784733
36.5023187458427
54.75347811876406
306.89752826043883
36.237370115611995
54.356055173417985
