2.6302
2.186646348656376
2.190016348023004
2.193785192315602
2.197801539786029
2.2019702390574243
2.2062343647625475
2.210559881087099
2.2149264340025443
2.219321847534303
2.2237388378232876
2.228173052924834
2.232621904398227
2.237083871586944
2.24155808806963
2.2460440966014885
2.250541704747442
2.255050900791846
2.2595718058497227
2.264104647855905
2.2686497489294544
2.273207521088926
2.277778467375995
2.28236318669558
2.286962381437576
2.2915768674092996
2.2962075859004885
2.300855617895315
2.3055222005828564
2.310208746426973
2.3149168651512686
2.3196483890931967
2.3244054024832894
2.329190275324451
2.334005702683781
2.338854750373283
2.3437409081918696
2.3486681521363226
2.353641017270782
2.3586646832808755
2.3637450751382607
2.3688889817697065
2.374104196165643
2.3793996809704554
2.38478576424937
2.3902743707749767
2.395879294717481
2.4016165198630683
2.407504593088893
2.413565055159721
2.419822928988409
2.4263072575377964
2.433051581826413
2.4400948201999197
2.4474812066181344
2.4552607499515777
2.4634887324476695
2.4722242560396386
2.48152705739633
2.491451603336868
2.502037253238323
2.5132933835563516
2.5251793408413445
2.5375816438470697
2.5502953265317534
2.5630212571948436
2.575392102827648
2.5870304621127116
2.5976239396481104
2.6069864897881594
2.61507947767691
2.6219889264596454
2.6278777846541823
2.6329369285860347
2.6373500512595482
2.64127506440519
2.6448382903218577
2.648136046654479
2.651239417959443
2.654199707048546
2.657053372689866
2.659826046799191
2.662535612129436
2.6651944750923144
2.6678112049608433
2.6703916981968954
2.672939996901587
2.6754588603641904
2.677950162263301
2.680415165887799
2.6828547144378674
2.6852693624255606
2.6876594177610413
2.690025301403393
2.6923669488119932
2.6946844426526653
2.6969778606855304
2.6992470106579463
2.701492062560036
2.703712965342805
2.7059096998861536
2.708082166279894
2.7102303179688225
2.712354105332693
2.7144534784283625
2.7165283878363287
2.718578785192269
2.720604623519115
2.7226058574258416
2.724582443217185
2.726534338943669
2.7284615044118237
2.730363901167821
2.7322414924636655
2.7340942432120325
2.735922119933965
2.737725090702275
2.7395031250827384
2.7412561940743374
2.7429842700495692
2.744687326695496
2.7463653389559943
2.7480182829755226
2.7496461360446696
2.7512488765475767
2.752826483911455
2.7543789385581587
2.7559062218579315
2.757408316085327
2.758885204377296
2.7603368706933322
2.761763299778534
2.7631644771272352
2.7645403889503495
2.7658910221439896
2.7672163642602565
2.7685164034800387
2.769791128587742
2.771040528947884
2.772264594483533
2.7734633156565356
2.7746366834493816
2.775784689348782
2.7769073253308214
2.7780045838475833
2.7790764578152753
2.780122940603714
2.7811440260271576
2.7821397083363597
2.7831099822118586
2.78405484275837
2.784974285500239
2.7858683063779286
2.7867369017454315
2.7875800683685528
2.788397803424035
2.789190104499472
2.789956969593887
2.7906983971190256
2.7914143859012346
2.7921049351838945
2.792770044630381
2.793409714327496
2.794023944789338
2.7946127369615157
2.7951760922257787
2.795714012404865
2.7962264997677617
2.7967135570350563
2.797175187384627
2.7976113944574657
2.798022182363681
2.7984075556886245
2.7987675194991577
2.7991020488266223
2.7994111741458028
