83.72783814637656
83.84330776912064
84.02825448947628
84.25639743565931
84.52467934305393
84.828884743863
85.16532856891055
85.53062561479102
85.92169546663497
86.33575068387536
86.77027694914344
87.22300998239477
87.69191194587627
88.17514871341454
88.67106872124377
89.1781836477832
89.69515102128788
90.22075863326971
90.75391068300827
91.29361545143078
91.8389743712627
92.38917234237012
92.9434691421824
93.50119179708867
94.06172780646507
94.62451912873665
95.18905681721813
95.75487624950566
96.32155285824399
96.8886983264384
97.45595717422016
98.02300371336402
98.5895393059204
99.15528991305055
99.7200038815939
100.28344995288147
100.84541547923484
101.40570481206525
101.96413784372616
102.52054868592886
103.0747844898809
103.62670436355738
104.17617840482197
104.72308681169663
105.26731908313226
105.80877329071984
106.34735541750801
106.88297875597952
107.41556336183228
107.94503554837864
108.4713274366809
108.99437653706089
109.51412536818567
110.03052110842575
110.54351527641475
111.0530634377616
111.55912493361711
112.06166263868319
112.56064272690222
113.05603446269636
113.54781000651195
114.0359442345324
114.52041457185133
115.00120083768616
115.4782851011836
115.95165154750377
116.42128635270865
116.88717756713622
117.349315007496
117.80769014943779
118.26229603684898
118.71312718953227
119.16017951630154
119.60345024028611
120.04293781850733
120.47864186500614
120.91056309689458
121.33870325323224
121.7630650488083
122.18365210451346
122.60046889543712
123.01352070130875
123.42281355156344
123.82835417809795
124.23014996903413
124.62820892590787
125.02253961642984
125.41315113820392
125.80005307808699
126.18325547444184
126.5627687810796
126.93860383227394
127.31077180950184
127.67928420899035
128.04415281075993
128.40538964866897
128.76300698168095
129.1170172660525
129.46743312859164
129.8142673408681
130.1575327944298
130.49724247555724
130.8334094458355
131.16604681636838
131.49516772744224
131.82078532804215
132.14291275585325
132.46156311825803
132.7767494739099
133.08848481502287
133.39678205041034
133.70165398916166
134.00311332489864
134.3011726208626
134.59584429533413
134.88714060895788
135.1750736484545
135.45965531704374
135.74089732139575
136.01881116006336
136.29340811258936
136.56469922899066
136.83269532002092
137.09740694766046
137.35884441628647
137.61701776438082
137.87193675653694
138.12361087621082
138.37204931871415
138.61726098479085
138.85925447462577
139.09803808238473
139.33361979110379
139.73169032906705
140.1329535337401
140.53651896475102
140.941562290036
141.34732073731922
141.75308887032963
142.15821466397583
142.56209585583213
142.96417655330572
143.3639440772031
143.76092602453065
144.1546875345049
144.54482874015343
144.9309823974556
145.31281167316735
145.6900080827493
146.06228956677637
146.42939869601736
146.79110099576243
147.14718338115
147.4974526956157
147.84173434525056
148.1798710225629
148.5117215135216
148.83715958225338
149.15607292823395
149.4683622111184
149.773940138918
150.07273061523074
150.36466794180896
150.64969607301032
150.92776791860916
151.19884469213972
151.46289530175954
151.71989578107213
151.96982875733337
152.2126829547843
152.44845273091533
152.67713764360295
152.8987420469614
153.11327471562046
153.32074849264998
153.52117996273302
153.71458914750346
153.9009992219649
154.0804362507212
154.25292894280688
154.4185084239188
154.5772080250088
154.72906318690374
154.8741109720543
155.0123902075258
155.14394113704202
155.26880554323802
155.3870263446494
155.4986475652542
155.60371422209613
155.70227222209866
155.79436826745945
155.88004976913805
155.95936476792716
156.03236186270723
156.09909014547574
156.15959914285267
156.2139387638245
156.26215925362393
156.30431115382004
