202.45404650400002
184.17560339382482
184.04689985984237
184.03488509267493
184.08984701889398
184.18276176120708
184.29638370590138
184.4204786475852
184.5489896568364
184.67834878626576
184.80647083380103
184.93215346349382
185.05471954805117
185.17380393470538
185.28922633471376
185.40091557368333
185.50886447167275
185.6131029892505
185.71368226577536
185.8106651523448
185.9041206169572
185.99412045814336
186.08073739479832
186.16404397656748
186.24411198381316
186.32101212020038
186.39481388095723
186.4655855276335
186.53339412874485
186.59830564296814
186.66038503175122
186.7196963948004
186.77630312575465
186.830268088151
186.88165381369316
186.9305227264378
186.9769373980089
187.02096084051453
187.06265684560609
187.10209038021335
187.13932805204198
187.1744386610242
187.20749385673685
187.23856892645975
187.26774374415604
187.2951039173044
187.3207421761097
187.34476005763952
187.36726994595932
187.38839753358658
187.4082847707014
187.42709335343955
187.44500617304126
187.46224185385307
187.47904482056288
187.49569920716175
187.5125293054777
187.52989867454912
187.54820191831982
187.5678433945198
187.58919473616547
187.61252163311565
187.63787283833173
187.66493599712763
187.69289067368942
187.7203254853228
187.7453094466062
187.7656746847939
187.77945936285911
187.7853377077195
187.78284437599956
187.7723205801074
187.75466046730708
187.73101492659814
187.702548818227
187.6703009042271
187.63512679305998
187.59769542597218
187.5585118231517
187.51794842671737
187.4762757330669
187.4336883426017
187.3903255452201
187.346286946674
187.30164396046314
187.25644815141783
187.21073717585534
187.1645390143787
187.11787494376583
187.07076162305685
187.02321255110735
186.97523908166355
186.9269167560268
186.878154955154
186.8289835969556
186.7794156449269
186.72939590146947
186.67903365267605
186.62831593091843
186.57724585510775
186.52583702286222
186.47408353464587
186.42199320063085
186.36957399962975
186.3168338231477
186.2637805246006
186.21042194422563
186.15676592066012
186.10282029456852
186.0485929075741
185.9940915984596
185.93932419782413
185.88429852191385
185.8290223660748
185.77350349807654
185.7177496514848
185.66176851916478
185.60556774698716
185.549154927757
185.4925375953996
185.43572321939288
185.37871919947668
185.32153286062672
185.2641714482619
185.2066421237568
185.14895196017372
185.0911079382516
185.0331169426591
184.97498575846257
184.91672106784193
184.8583294470187
184.79981736348856
184.74119117329852
184.68245711871853
184.62362132601723
184.56468980346747
184.50566843953865
184.44656300128472
184.38737913290606
184.32812235450018
184.2687980609729
184.2094115211227
184.14996787688173
184.09047214271837
184.03092920517923
183.97134382258452
183.91172062485816
183.85206411349327
183.79237866164652
183.73266851435292
183.67293778886457
183.6131904751004
183.55343043620417
183.49366140920768
183.43388700579604
183.3741107131642
183.31433589496464
183.25456579234628
183.1948035250696
183.13505209270326
183.07531437589296
183.01559313770164
182.95589102501532
182.89621057001037
182.836554191682
182.77692419742561
182.7173227846691
182.65775204255786
182.59821395367933
182.53871039583464
182.4792431438429
182.41981387138975
182.36042415289884
182.30107546544318
182.24181403505557
182.18255222952004
