0.9446890760365874
0.9385149647123562
0.9390856438419969
0.9396496196321037
0.9402122854763265
0.9407738927519665
0.9413345438023493
0.9418943258975317
0.9424533170508855
0.9430115879026761
0.9435691992919629
0.9441262184780099
0.9446826966459161
0.9452386851436112
0.9457942318788961
0.9463493816110448
0.9469041761769955
0.9474586546724574
0.9480128536039273
0.9485668070221986
0.9491205466445858
0.9496741019704898
0.9502275003931524
0.9507807673091199
0.9513339262261323
0.9518869988695827
0.952440005287342
0.9529929639525795
0.953545891864159
0.9540988046441113
0.9546517166318139
0.9552046409744915
0.955757589713773
0.9563105738680883
0.9568636035107846
0.9574166878438787
0.9579698352674482
0.9585230534446957
0.9590763493627813
0.9596297293895222
0.9601831993261211
0.960736764456075
0.9612904295904376
0.9618441991096358
0.9623980770020091
0.9629520668992824
0.9635061721091571
0.9640603956452007
0.9646147402542243
0.9651692084413205
0.9657238024927396
0.9662785244967419
0.9668333763626198
0.9673883598379799
0.9679434765244724
0.9684987278920633
0.9690541152919827
0.9696096399684452
0.970165303069278
0.9707211056555133
0.971277048710058
0.9718331331455232
0.972389359811273
0.9729457294997843
0.9735022429523658
0.9740589008642979
0.9746157038894562
0.9751726526444581
0.9757297477123787
0.9762869896460937
0.9768443789712563
0.9774019161889758
0.9779596017782004
0.9785174361978598
0.9790754198887596
0.9796335532752964
0.9801918367669661
0.9807502707597175
0.9813088556371599
0.9818675917716376
0.9824264795251713
0.98298551925033
0.9835447112909688
0.9841040559829102
0.9846635536545381
0.9852232046273345
0.9857830092163409
0.9863429677305945
0.9869030804734896
0.9874633477431183
0.9880237698325626
0.9885843470301626
0.9892127567389737
0.9897673418683522
0.990323810726105
0.9908816534703854
0.9914405115456406
0.9920001326754989
0.992560339315671
0.9931210065017038
0.9936820462782477
0.994243396746827
0.9948050143583849
0.9953668684873893
0.9959289376111549
0.9964912066190328
0.9970536649170764
0.997616305092915
0.9981791219751922
0.9987421119709274
0.9993052725986665
0.999868602159573
1.0004320995056843
1.000995763876638
1.001559594784637
1.0021235919333988
1.0026877551610471
1.0032520843998942
1.0038165796480847
1.004381240949641
1.0049460683803917
1.0055110620380732
1.006076222035345
1.0066415484948934
1.0072070415459666
1.007772701321948
1.0083385279586474
1.0089045215931047
1.0094706823627382
1.0100370104047764
1.0106035058558287
1.0111701688516128
1.0117369995267504
1.0123039980146413
1.0128711644473614
1.0134384989556142
1.0140060016686858
1.014573672714424
1.0151415122192264
1.0157095203080346
1.0162776971043315
1.0168460427301536
1.0174145573060893
1.0179832409512908
1.0185520937834833
1.0191211159189757
1.0196903074726664
1.0202596685580632
1.0208291992872878
1.0213988997710866
1.0219687701188476
1.0225388104386093
1.0231090208370652
1.023679401419584
1.0242499522902204
1.02482067355172
1.0253915653055325
1.0259626276518277
1.026533860689494
1.027105264516164
1.0276768392282138
1.028248584920778
1.0288205016877587
1.0293925896218368
1.0299648488144773
1.0305372793559462
1.0311098813353161
1.0316826548404772
1.0322555999581429
1.0328287167738666
1.0334020053720425
1.0339754658359215
1.0345490982476184
1.0351229026881184
1.0356968792372903
1.0362710279738927
1.0368453489755776
1.0374198423189114
1.0379945080793735
1.0385693463313665
1.0391443571482295
1.0397195406022353
1.040294896764611
1.0408704257055394
1.041446127494169
1.0420220021986202
1.0425980498859926
1.0431742706223786
1.04375066447286
1.0443272315015262
1.044903971771477
1.04548088534483
1.0460579722827312
1.0466352326453523
1.0472126664919101
1.0477902738806695
1.0483680548689458
1.048946009513118
1.0495241378686322
1.0501024399900056
