480886.0407
282002.24838007864
282799.62895636365
283522.5589462919
284166.5724241878
284727.50940000993
285201.82687269076
285586.6935021217
285880.0296878103
286080.5226005748
286187.6220156519
286201.5190055544
286123.1093773062
285953.9441088024
285696.16936657834
285352.4588621004
284925.94131598005
284420.1256672264
283838.8264167155
283186.0911640552
282466.1320187562
281683.2621711502
280841.8385220535
279946.21091280936
279000.6781830151
278009.45101979154
276976.6213528267
275906.13789239357
274801.7872990369
273667.18040777516
272505.7428995077
271320.7098108174
270115.1232936726
268891.8330724731
267653.4990921389
266402.5959030505
265141.4183831252
263872.08845143626
262596.56247963634
261316.63915573256
260033.9675985833
258750.0555606148
257466.27759038564
256183.88305604397
254904.00395561452
253627.66246079444
252355.77815796365
251089.1749638574
249828.5877042223
248574.66835221884
247327.991929719
246089.0620793119
244858.3163181201
243636.1309866589
242422.8259072604
241218.66876713088
240023.8792411821
238838.63531938376
237663.0670691514
236497.27467523038
235341.32262538737
234195.24426713472
233059.0449884091
231932.70489189366
230816.18130572958
229709.41113899334
228612.31308953572
227524.78971125677
226446.72934727807
225378.00793533935
224318.4906907064
223268.0336724359
222226.48523782508
221193.6920585356
220169.48214094713
219153.69263880895
218146.15357955778
217146.69305158884
216155.1380858092
215171.31545716216
214195.05240990658
213226.1773116328
212264.52023710936
211309.91349069664
210362.192066295
209421.19405150716
208486.7609786947
207558.73812710532
206636.97477620846
205721.32442359987
204811.64495404487
203907.79877948042
203009.65294297627
202117.07919287233
201229.95402939362
200348.15872636382
199471.57933053008
198600.10664086766
197733.63617011567
196872.0680906554
196015.30716672057
195163.26267480603
194315.84831401226
193472.98210794776
192634.5862996944
191800.58724122576
190970.91527856115
190145.5046338309
189324.29328533023
188507.22284653786
187694.23844498565
186885.28860177723
186080.3251124662
185279.30292992687
184482.1800497757
183688.91739882308
182899.47872697742
182113.83050294608
181331.94157248444
180553.7840507468
179779.3317132357
179008.56094695177
178241.45040063263
177477.98090821397
176718.13524410268
175961.8984303677
175209.25769683704
174460.20185155957
173714.72164715556
172972.8096660469
172234.46026521677
171499.66953271694
170768.43524887922
170040.7568510028
169316.63553897085
168596.07398467365
167879.07615420115
167165.64789974864
166455.79652295512
165749.53081404202
165046.86104019746
164347.79892732887
163652.35764126916
162960.55176902187
162272.3972998538
161587.91160593164
160907.11342220058
160230.02282519842
159556.6612105238
158887.05126867615
158221.21695901206
157559.1834815738
156900.97724656604
156246.62584127416
155596.15799424562
154949.60353656966
154306.9933601238
153668.35937267143
153033.73444972924
152403.15238314358
151776.64782634244
151154.25623626338
150536.01381197313
149921.95743003636
149312.12457670385
148706.55327703117
148105.28202104996
147508.34968715205
146915.79546286422
146327.6587632114
145743.97914689558
145164.79623052996
144590.14960118808
144020.07872754583
143454.62286990424
142893.82098939648
142337.71165669
141786.33296181235
141239.72241625833
140697.91687517808
140160.7662886343
139628.9114744493
139101.73222724893
138579.49722904756
138062.23851721646
137549.98708671675
137042.77269314913
136540.6237593454
136043.56730005593
135551.62885224554
135064.8324093385
134583.20035932862
134106.75342689632
133635.51061968203
133169.4891788503
132708.70453406454
132253.1702629586
131802.89805518242
131357.89768106685
130918.176964937
