19.80943
27.695206725411595
27.529644080003045
27.364929488269375
27.201292349632425
27.03895525066111
26.87812113323526
26.718969338905172
26.56165378419988
26.406302040262446
26.253015075741533
26.101867582504894
25.952908817958008
25.806163889680946
25.661635400390246
25.51930536775352
25.379137334526238
25.241078589195943
25.10506242492742
24.97101037417068
24.83883436694289
24.708438771752064
24.579722288769076
24.452579674705806
24.326903287603717
24.202584447202934
24.079514612680455
23.957586384346218
23.83669433945535
23.716735714766372
23.597610950001766
23.479224107109026
23.361483180334428
23.244300311752152
23.127591926166883
23.011278798339546
22.895286064364612
22.779543187826626
22.66398389014368
22.54854605330592
22.43317160207292
22.31780637162423
22.202399965676253
22.086905609192666
21.971279999028027
21.85548315515161
21.739478274499092
21.623231588985917
21.50671222878212
21.38989209158753
21.27274571834814
21.155250175616146
21.0373849445654
20.919131816528576
20.800474794812217
20.68140000246797
20.561895595645765
20.441952011468967
20.32156055539615
20.200715343599512
20.079411911399312
19.957647447361094
19.83542074742994
19.712732156023694
19.589583509600658
19.465978082439257
19.34192053437411
19.21741686025898
19.092474340952027
18.967101495648237
18.841308035396267
18.715104817672138
18.588503801888
18.461518323056282
18.334161824703507
18.206449585340167
18.078397542705943
17.95002252502626
17.821342210499242
17.692375087256423
17.56314041376524
17.433658179718694
17.30394906718195
17.174034412329224
17.043936167406912
16.91367686312415
16.78327957139296
16.6527678684719
16.522165798174235
16.391497836151427
16.26078885357013
16.130064081870884
15.999349077604474
15.868669687690824
15.738052015061623
15.607522384698184
15.477107310076935
15.34683346003672
15.21672762608287
15.086816690144282
14.957127592800955
14.827687301999433
14.698522782275242
14.569660964501098
14.441128716180543
14.3129528123066
14.185159906805222
14.057776504583366
13.930828934200933
13.804343321186108
13.678345562012604
13.55286129875714
13.427915894454731
13.303534409168591
13.179741576790656
13.056561782587886
12.934019041508469
12.812136977261135
12.690938786007623
12.570447281360122
12.450684779971562
12.331673147198007
12.213433764568935
12.095987513689758
11.979354763056758
11.863555353934014
11.748608568650061
11.634533148955214
11.521347265730325
11.409068510686932
11.297713886575702
11.187299797903485
11.077842042440706
10.969355803555409
10.861855642729262
10.755355488374192
10.649868654559581
10.545407803397142
10.441984959444918
10.339611504436535
10.238298174906975
10.138055060891753
10.038891605428892
9.940816604814845
9.843838209596756
9.74796392628727
9.653200619787997
9.559554516507397
9.467031208158135
9.375635656218442
9.285372197041346
9.19624454759518
9.108255811817985
9.021408487568108
8.935704474152509
8.851145080413838
8.767731033356714
8.685462487293192
8.604339033486706
8.524359710273387
8.445523013639043
8.367826908229665
8.291268838772815
8.21584574188669
8.141554058253547
8.068389745133313
7.996348289193335
7.925424719629581
7.855613621554364
7.786909149625654
7.719305041892631
7.652794633832044
7.587370872550054
7.523026331124029
7.4597532230589
7.39754341683284
7.33638845050715
7.276279546313048
7.217207625627011
7.159163323005969
7.102151360947972
7.046120256049658
6.991100099907641
6.9370675011053216
6.884011887693781
6.831922482818516
6.780788322700149
6.73059827102392
6.681341032624453
6.633005166878819
6.58557910085536
6.539051142212789
6.493409491837051
6.448642256203277
6.404737459451176
6.361683055162968
6.319466937834347
6.2780769540297445
6.2375009132143155
6.197726598256205
