4.6633
4.324057899967317
4.390345167130113
4.453853971136226
4.514124714053095
4.571246405732769
4.625410122512765
4.676813631405018
4.7256422664151145
4.7720662100829
4.8162411878894655
4.858309763648054
4.898402637946639
4.9366398330769705
4.973131751845182
5.007980119223483
5.041278819341887
5.073114639944813
5.103567935274714
5.132713217099297
5.160619682433256
5.187351685454904
5.212969160186105
5.2375279996833255
5.261080396768532
5.283675150701251
5.3053579436456815
5.3261715903106115
5.346156263725603
5.365349699756332
5.38378738264808
5.401502713613597
5.418527164243194
5.434890416307255
5.450620489340256
5.465743857236573
5.480285554949675
5.494269276264614
5.507717463506846
5.520651389956568
5.533091235655005
5.54505615721632
5.556564352194308
5.567633118496226
5.578278909285721
5.58851738377209
5.598363454243448
5.607831329666106
5.616934556140952
5.625686054479825
5.634098155139471
5.642182630728697
5.649950726284034
5.657413187491337
5.664580287014641
5.671461849079112
5.678067272441833
5.684405551872407
5.690485298254912
5.696314757412875
5.701901827750679
5.707254076796492
5.712378756725207
5.71728281893305
5.721972927729855
5.726455473209675
5.730736583355471
5.734822135429353
5.738717766695608
5.742428884520384
5.745960675888234
5.74931811637289
5.752505978596694
5.7555288402106175
5.75839109142443
5.761096942114354
5.763650428533668
5.766055419649801
5.76831562312981
5.770434590994616
5.772415724960894
5.774262281488262
5.775977376548193
5.777563990129819
5.779024970497071
5.780363038210277
5.781580789924768
5.782680701977988
5.783665133776065
5.7845363309899005
5.78529642857031
5.785947453591178
5.7864913279288555
5.786929870785724
5.787264801065278
5.787497739605574
5.787630211277622
5.787663646954812
5.7875993853591075
5.787438674789589
5.787182674738307
5.786832457398478
5.786389009069528
5.785853231463499
5.785225942916796
5.784507879511387
5.783699696109237
5.782801967303492
5.7818151882899915
5.78073977566242
5.779576068134287
5.778324327190818
5.776984737673953
5.775557408303095
5.774042372134753
5.772439586963691
5.770748935668486
5.768970226504119
5.767103193344347
5.765147495876574
5.763102719751832
5.760968376692633
5.758743904561416
5.756428667392221
5.754021955388544
5.751522984890005
5.7489308983109
5.746244764053451
5.74346357639889
5.740586255379406
5.737611646634275
5.734538521253454
5.731365575612048
5.7280914311993545
5.724714634446082
5.721233656553672
5.717646893329763
5.7139526650339985
5.710149216238522
5.7062347157078115
5.70220725630256
5.6980648549126105
5.693805452424213
5.689426913726942
5.684927027766079
5.680303507646247
5.675553990792654
5.670676039176249
5.665667139609621
5.660524704120601
5.655246070410938
5.649828502407474
5.644269190913946
5.6385652543713976
5.632713739735786
5.626711623481588
5.620555812740429
5.614243146584214
5.607770397462384
5.6011342728032485
5.594331416789769
5.587358412320094
5.5802117831637545
5.5728879963244635
5.56538346462064
5.557694549494997
5.549817564064818
5.541748776424254
5.533484413210565
5.525020663445752
5.516353682665205
5.507479597344986
5.49839450963888
5.489094502436394
5.4795756447523605
5.469833997458344
5.45986561936572
5.449666573669355
5.439232934760241
5.428560795414445
5.417646274364708
5.4064855242598036
5.395074740015392
5.383410167558629
5.371488112966946
5.359304951999595
5.346857140018477
5.334141222292281
5.321153844675555
5.307891764651631
5.294351862725102
5.280531154146617
5.266426919721904
5.252036246576733
5.2373566129245095
5.2223859518654105
5.207122012846502
5.191562880868768
5.175706865190458
5.1595525123362105
