143.68652124677183
142.99918022944203
142.87737029759728
142.77509369608313
142.6781506447166
142.58606933255817
142.49869180182915
142.4158382369421
142.33730662958226
142.26287958505773
142.19233009551255
142.12542623332956
142.06193499385475
142.00162535419162
141.94427070301563
141.88965073350727
141.8375528830172
141.7877733924567
141.7401180474325
141.69440265475305
141.65045330049475
141.6081064294105
141.56720877988886
141.52761720379172
141.48919839621962
141.4518285564939
141.41539299834514
141.3797857244055
141.34490897757544
141.31067277963828
141.27699446558856
141.24379822049812
141.21101462433631
141.17858020895872
141.14643703046409
141.1145322592644
141.0828177895003
141.05124986884618
141.01978874926502
140.98839835888455
140.95704599485265
140.92570203678522
140.8943396802303
140.86293468943077
140.83146516856493
140.79991135057415
140.76825540264355
140.7364812473797
140.70457439872487
140.67252181165557
140.64031174473436
140.60793363461082
140.5753779816014
140.54263624551703
140.50970075094733
140.47656460125341
140.44322160056572
140.40966618312495
140.3758933493491
140.34189860805054
140.30767792426775
140.27322767221594
140.23854459289768
140.20362575595004
140.16846852533843
140.13307052853887
140.09742962887972
140.061543900742
140.0254116073424
139.9890311808481
139.9524012045934
139.9155203971902
139.87838759834165
139.8410017561876
139.8033619160242
139.76546721025736
139.72731684946152
139.68891011442713
139.6502463490938
139.61132495427384
139.57214538208163
139.53270713099283
139.49300974146425
139.45305279205334
139.4128358959818
139.37235869809402
139.33162087216556
139.29062211852326
139.24936216194027
139.20784074977556
139.16605765032895
139.1240126513874
139.08889693250995
139.0587102898251
139.03198867412326
139.00770062015982
138.985120324045
138.9637371114853
138.9431916862307
138.92323126216723
138.9036779901942
138.8844067425864
138.86532948250945
138.84638426719093
138.82752751132034
138.80872854421864
138.7899657807561
138.77122402757416
138.75249258800434
138.73376392887243
138.71503274259004
138.6962952873297
138.6775489228324
138.6587917838421
138.64002255036172
138.62124028602378
138.6024443243799
138.58363418890215
138.56480953670152
138.54597011893117
138.52711575292855
138.50824630261567
138.48936166470958
138.47046175902034
138.45154652162486
138.43261590006395
138.41366984996276
138.3947083326529
138.37573131349907
138.35673876072147
138.33773064456705
138.31870693672602
138.29966760992127
138.28061263761919
138.26154199382594
138.2424556529439
138.2233535896706
138.2042357789272
138.1851021958081
138.16595281554547
138.14678761348375
138.1276065650619
138.1084096458005
138.08919683129284
138.06996809719814
138.05072341923693
138.03146277318763
138.01218613488385
137.99289348021264
137.97358478511302
137.95426002557477
137.9349191776378
137.9155622173912
137.89618912097282
137.87679986456882
137.8573944244132
137.83797277678752
137.81853489802066
137.7990807644885
137.77961035261362
137.7601236388654
137.74062059975958
137.72110121185818
137.70156545176948
137.68201329614791
137.6624447216938
137.64285970515346
137.62325822331908
137.60364025302886
137.58400577116663
137.56435475466222
137.54468718049117
137.525003025675
137.50530226728105
137.48558488242273
137.46585084825927
137.4461001419962
137.42633274088507
137.40654862222374
137.38674776335648
137.36693014167403
137.34709573461373
137.32724451965962
137.30737647434276
137.28749157624114
137.2675898029801
137.24767113223234
137.2277355417181
137.20778300920534
137.18781351251013
137.1678270294966
137.14782353807735
137.1278030162135
137.1077654419151
137.08771079324123
137.06763904830026
137.04755018525023
137.02744418229875
137.00732101770376
136.98718066977338
