1.500611771626097
1.5108077167247205
1.5132519166289327
1.513633299432094
1.513567699332295
1.5134120948638579
1.5132438487153526
1.5130793170768277
1.5129215877498925
1.5127708947507987
1.51262688869005
1.512489128879531
1.51235718714468
1.5122306671081738
1.5121092053599778
1.5119924690132966
1.5118801527825017
1.5117719762327897
1.51166768131018
1.5115670301456818
1.5114698031059437
1.5113757970613038
1.5112848238447878
1.5111967088787857
1.511111289949094
1.511028416108619
1.510947946695346
1.5108697504511401
1.510793704729667
1.5107196947832213
1.510647613119519
1.5105773589206377
1.51050883751725
1.5104419599121364
1.5103766423476743
1.510312805912671
1.5102503761844015
1.5101892829022514
1.5101294596697346
1.5100708436820527
1.510013375476663
1.5099569987046269
1.5099016599209407
1.5098473083903035
1.509793895912828
1.5097413766566
1.5096897070093767
1.5096388454386107
1.509588752362769
1.5095393900322354
1.5094907224190028
1.5094427151143877
1.5093953352341065
1.509348551330097
1.509302333308535
1.509256652353541
1.5092114808561226
1.509166792347944
1.5091225614395403
1.5090787637626377
1.5090353759162678
1.5089923754163912
1.50894974064877
1.5089074508248501
1.5088654859404445
1.5088238267370024
1.5087824546652966
1.508741351851357
1.5087005010644894
1.508659885687252
1.5086194896872407
1.5085792975905856
1.508539294457026
1.5084994658564805
1.5084597978470027
1.5084202769540471
1.508380890150962
1.5083416248406256
1.5083024688381723
1.5082634103547334
1.5082244379821372
1.5081855406785114
1.5081467077547412
1.5081079288617318
1.50806919397843
1.5080304934005706
1.5079918177300988
1.5079531578652443
1.507914504991205
1.5078758505714145
1.5078371863393618
1.507798504290934
1.507759796677267
1.5077210559980625
1.5076822749953682
1.507643446647785
1.5076045641650924
1.5075656209832633
1.5075266107598624
1.5074875273698023
1.507448364901443
1.5074091176530282
1.5073697801294297
1.507330347039204
1.5072908132919334
1.5072511739958458
1.5072114244557075
1.5071715601709634
1.5071315768341296
1.5070914703294174
1.5070512367315827
1.507010872304993
1.5069703735028994
1.5069297369669046
1.5068889595266213
1.50684803819951
1.506806970190888
1.5067657528940992
1.5067243838908413
1.5066828609516383
1.5066411820364491
1.5065993452954096
1.5065573490696933
1.5065151918924875
1.5064728724900733
1.506430389783005
1.506387742887375
1.5063449311161636
1.5063019539806566
1.5062588111919277
1.5062155026623791
1.5061720285073215
1.5061283890465975
1.5060845848062294
1.506040616520087
1.5059964851315657
1.505952191795264
1.505907737878651
1.5058631249637162
1.505818354848591
1.505773429549127
1.5057283513004318
1.5056831225583394
1.5056377460008141
1.5055922245292759
1.5055465612698302
1.5055007595744014
1.5054548230217513
1.5054087554183768
1.5053625607992733
1.5053162434285532
1.5052698077999103
1.5052232586369185
1.5051766008931535
1.5051298397521269
1.5050829806270234
1.5050360291602276
1.504988991222637
1.5049418729127393
1.5048946805554566
1.504847420700739
1.5048001001218982
1.5047527258136795
1.5047053049900485
1.5046578450817034
1.5046103537332856
1.5045628388002936
1.5045153083456886
1.5044677706361815
1.5044202341382031
1.5043727075135418
1.504325199614649
1.5042777194796086
1.5042302763267612
1.5041828795489827
1.5041355387076127
1.5040882635260333
1.5040410638828912
1.503993949804966
1.503946931459684
1.5039000191472764
1.5038532232925828
1.5038065544365045
1.503760023227106
1.5037136404103737
1.5036674168206294
1.5036213633706097
1.5035754910412122
1.5035298108709203
1.5034843339449089
1.5034390713838426
1.5033940343323768
1.503349233947367
1.5033046835290447
1.5032603881374549
1.5032163621795802
1.503172621524868
1.503129171743321
1.5030860248490892
1.503043191960806
