1119.3274142999999
754.103868507134
763.1637401717809
770.9092662323238
778.2927612780563
785.0945213061653
791.418289921062
797.3109407011282
802.8148873170669
807.9680960689147
812.8044226196013
817.3540287132028
821.6438085322991
825.6977737668457
829.5374000629225
833.181924035438
836.6486095259179
839.9529695452715
843.1089687317768
846.1291915640053
849.0249937027479
851.8066352539767
854.4833966737618
857.0636799448051
859.5550992175527
861.9645633381734
864.2983451556512
866.5621472617831
868.7611563719173
870.9000961637971
872.9832707728316
875.0146079640243
876.9976935146547
878.9358060849363
880.8319445381472
882.6888545696888
884.5090546541807
886.2948566434022
888.0483844086104
889.7715903865424
891.466274558707
893.1340954116288
894.7765857660527
896.3951615067551
897.991133846716
899.5657182952929
901.1200433835849
902.6551583563003
904.1720406463747
905.6716005158748
907.1546894543188
908.6221036502898
910.074589155499
911.5128461991435
912.9375331078061
914.3492698224576
915.7486406559062
917.1361990430577
918.5124674630558
919.8779416689944
921.2330924766208
922.5783676989513
923.9141940128053
925.2409786311252
926.5591107557011
927.8689630422648
929.1708928067521
930.4652432381398
931.7523447971108
933.0325145070258
934.3060595520232
935.5732762044039
936.834450590551
938.0898613573946
939.3397776169052
940.5844593003407
941.8241629843541
943.0591340082987
944.2896156031017
945.5158420775986
946.7380433277058
947.9564452388792
949.1712677535337
950.3827267898278
951.5910342165198
952.7963986071078
953.9990235654913
955.199110821067
956.3968586258472
957.5924623958581
958.7861149803368
959.978006787474
961.1683260750825
962.357259019163
963.5449899581062
964.7317015336056
965.9175748666268
967.1027896849076
968.2875244795088
969.4719566437485
970.6562626220881
971.8406175391813
973.0251971973536
974.210175459946
975.3957261338021
976.5820227180325
977.7692384198532
978.9575463516938
980.1471195742054
981.3381312215113
982.5307546029596
983.7251633044004
984.9215312555885
986.1200328882583
987.3208431315774
988.5241380780097
989.73009311217
990.9388858700494
992.1506944306401
993.3656978452059
994.5840762551048
995.8060109409419
997.0316844649718
998.2612806719061
999.4949848155496
1000.7329836601782
1001.9754654839593
1003.2226202517766
1004.4746396102336
1005.7317169964141
1006.9940477097497
1008.261829015338
1009.5352601752008
1618.8510434765099
1610.589323041215
1602.5918424838544
1594.854632433512
1587.3731302163058
1580.1423636591628
1573.157081543887
1566.4118503651584
1559.9011274330037
1553.6193181884323
1547.5608190339149
1541.7200534195604
1536.0914933636204
1530.6696876644532
1525.4492732440156
1520.4249885464405
1515.5916833964689
1510.9443254078906
1506.4780056682478
1502.1879416682457
1498.0694794021344
1494.1180946882782
1490.3293930649818
1486.6991091975294
1483.223105754099
1479.8973717215306
1476.7180207172075
1473.6812881162812
1470.7835290695398
1468.0212158516238
1465.3909343393605
1462.8893820950664
1460.5133647064943
1458.2597932070214
1456.1256807228353
1454.1081398636793
1452.204379554133
1450.4117021017655
1448.7275005571807
1447.1492546797958
1445.67453219207
1444.3009803949028
1443.0263272543916
1441.8483779762619
1440.765012757595
1439.7741844480643
1438.8739160826487
1438.0622991963505
1437.3374917856763
1436.6833095581476
1436.1267842460497
1435.6519212798485
1435.271738471472
1434.9555532817753
1434.7164312378407
1434.5529559895544
1434.4637703554256
1434.4475768919583
1434.503140433506
1434.6292911807318
1434.8249305822446
1435.0890392681624
1435.4206903344395
1435.8190691912146
1436.2835054112425
1436.8135246062955
1437.4089376981615
