1477.7677341428468
768.3439742639506
768.9856262161137
769.5316975487932
769.9839874188565
770.3445125231026
770.6156639125591
770.8001893240266
770.9011403146936
770.9218115387064
770.865678876677
770.7363392125498
770.5374536954746
770.2726958577338
769.9457055638176
769.5600493889268
769.1191876776008
768.6264482305932
768.085006321151
767.4978705551349
766.8678739621175
766.1976696315065
765.4897301812823
764.7463503578017
763.9696521040469
763.1615914917253
762.32396698212
761.4584285550452
760.5664873198932
759.6495252938502
758.708805097663
757.7454793774783
756.7605998116079
755.7551256036945
754.729931398993
753.6858145889935
752.6235019921471
751.5436559159072
750.4468796183014
749.3337221967247
748.2046829381768
747.0602151692814
745.9007296467519
744.7265975298671
743.5381529762453
742.3356954012304
741.1194914395403
739.8897766458357
738.6467569685309
737.3906100287237
736.1214862335657
734.8395097508114
733.544779368756
732.2373692632915
730.9173296914216
729.5846876282907
728.2394473626584
726.8815455171092
725.5110379217284
724.1278149867882
722.73179550773
721.3228786214224
719.9009440793525
718.4658528173743
717.0174475442578
715.5555533496864
714.0799783328472
712.5905142521676
711.0869371964116
709.5690082761022
708.0364743356488
706.4890686839044
704.926511842706
703.3484576743175
701.7547043780141
700.1448922207953
698.5186983693044
696.875791161852
695.2158309323723
693.5384708419996
691.843357718894
690.1301328899946
688.3984330486303
686.6478910816439
684.8781369302292
683.0887984383505
681.2795022029064
679.449874412768
677.5995417447778
675.7281321093275
673.8352755891201
671.9206052260589
669.9837578621705
668.0243749650077
666.0421034466722
664.0365964757669
662.0075142815899
659.9545249498432
657.8773052091497
655.7755412076427
653.6489292788781
651.4971766963134
649.3200024155833
647.1171378038053
644.8883273551107
642.6333293916382
640.351916749192
638.0438774467942
635.7090153393364
633.3471507526051
630.9581210998923
628.5417814794982
626.0980052523906
623.6266845993462
621.1277310569059
618.6010760315139
616.0466712912206
613.4644894343701
610.8545248363815
608.2167920707479
605.5513292948455
602.8581966362341
600.1374770316847
597.3892765472831
594.6137201463023
591.8109699511876
588.9811987146005
586.1246076195005
583.2414222238002
580.3318925689292
577.3962932986584
574.4349237538962
571.4481080382806
568.4361950533959
565.399563102173
562.338601554632
559.2537380541008
556.1454204752292
553.0141211429186
549.8603367158348
546.6845879995418
543.4874197197806
540.269400259663
537.031121360884
533.773197788497
530.4962669587982
527.2009885298488
523.8880439542559
520.5581359938583
517.2119881960521
513.8503443315799
510.47396779365334
507.08364095846696
503.680164507183
500.2643567096412
496.83705267019224
493.39910353614266
489.9513756695167
486.4947497829211
483.0301200405441
479.5583931254251
476.08048727431157
472.5973312816355
469.1098634742584
465.61903065883007
462.1257870437845
458.63109313814186
455.13591462944066
451.6412212432966
448.14798558719855
444.65718198128417
441.1697852789773
437.6867696804338
434.20910754185945
430.73776818381776
427.27371670172306
423.8179127817011
420.37130955792117
416.9348522847447
413.50947751658475
410.09421319231853
406.6957314988533
403.30912103612087
399.9372271078926
396.58092517704773
393.24107546780783
389.9185219531393
386.6140914263144
383.32859261972663
380.06281536707974
376.81752980994236
373.59348565030456
370.3914114505944
367.2120139825046
364.0559776256967
360.9239638173084
357.8166105529249
354.73453193950405
351.6783178004991
348.6485333332732
