1448.761875183804
1449.395983694374
1449.978028829855
1450.5109799900658
1450.997754788345
1451.4411996096092
1451.8440760696692
1452.209049862812
1452.5386818354045
1452.8354211681165
1453.1016005183096
1453.3394329505245
1453.5510104690536
1453.7383039596925
1453.9031643480107
1454.0473247870634
1454.1724036967998
1454.2799084899705
1454.3712398336309
1454.4476963107138
1454.5104793618682
1454.5606984032715
1454.5993760310253
1454.6274532366995
1454.6457945715076
1454.6551932082225
1454.656375860384
1454.6500075275137
1454.6366960430119
1454.616996408273
1454.5914149023515
1454.5604129613566
1454.52441082578
1454.4837909572127
1454.4389012285085
1454.3900578935009
1454.3375483439274
1454.2816336623564
1454.2225509807133
1454.1605156545154
1454.0957232631874
1454.0283514469256
1453.9585615905014
1453.8865003642118
1453.8123011318862
1453.7360852355268
1453.6579631657357
1453.578035626654
1453.4963945036802
1453.4131237417596
1453.3283001415602
1453.241994080394
1453.1542701642716
1453.0651878170315
1452.9748018120754
1452.8831627518018
1452.7903174994638
1452.6963095677913
1452.601179468386
1452.5049650255448
1452.4077016578963
1452.3094226309117
1452.2101592831173
1452.1099412285714
1452.0087965379432
1451.9067519003286
1451.8038327677289
1451.7000634839571
1451.5954673995584
1451.490066974185
1451.3838838677327
1451.2769390214103
1451.1692527298148
1451.0608447049551
1450.9517341330998
1450.841939725216
1450.7314797616987
1450.620372132018
1450.508634369841
1450.3962836841329
1450.2833369866858
1450.169810916479
1450.0557218612266
1449.9410859764348
1449.8259192022522
1449.710237278372
1449.5940557572035
1449.477390015527
1449.3602552647933
1449.2426665602452
1449.1246388089853
1449.006186777124
1448.9127667758964
1448.8438888857918
1448.79937203262
1448.7790368407323
1448.7827055085972
1448.8102017184985
1448.8613505702635
1448.9359785319266
1449.0339134023197
1449.1549842820777
1449.2990215505777
1449.4658568470793
1449.6553230548307
1449.867254287288
1450.1014858758338
1450.3578543585734
1450.6361974699046
1450.9363541306532
1451.258164438622
1451.6014696594514
1451.9661122177142
1452.3519356881955
1452.7587847873224
1453.1865053647098
1453.6349443948145
1454.1039499686758
1454.5933712857368
1455.1030586457414
1455.6328634406998
1456.1826381469173
1456.7522363170879
1457.341512572449
1457.9503225949943
1458.5785231197467
1459.2259719270855
1459.8925278351342
1460.5780506922008
1461.2824013692748
1462.005441752579
1462.7470347361752
1463.5070442146246
1464.2853350756984
1465.0817731931468
1465.896225419516
1466.72855957902
1467.5786444604612
1468.446349810207
1469.3315463252127
1470.2341056460973
1471.1539003502708
1472.0908039451085
1473.0446908611775
1474.0154364455102
1475.0029169549289
1476.0070095494168
1477.0275922855383
1478.0645441099075
1479.1177448527026
1480.1870752212285
1481.2724167935264
1482.373652012029
1483.490664177262
1484.6233374415926
1485.7715568030214
1486.9352080990193
1488.1141780004132
1489.308354005311
1490.5176244330735
1491.741878418329
1492.9810059050333
1494.2348976405697
1495.5034451698953
1496.7865408297273
1498.0840777427723
1499.3959498119998
1500.7220517149517
1502.0622788980997
1503.4165275712396
1504.7846947019275
1506.166678009957
1507.5623759618752
1508.9716877655399
1510.3945133647157
1511.83075343371
1513.2803093720463
1514.74308329918
1516.2189780492463
1517.7078971658543
1519.2097448969123
1520.7244261894932
1522.2518466847387
1523.7919127127975
1525.3445312878032
1526.9096101028867
1528.4870575252273
1530.0767825911348
1531.6786950011751
1533.292705115323
1534.9187239481573
1536.5566631640854
1538.2064350726062
1539.867952623606
1541.5411294026896
1543.2258796265437
1544.922118138335
1546.6297604031424
1548.3487225034219
1550.0789211345038
