-0.6322476537380216
-0.6880380734176607
-0.6741498972139658
-0.6604381817201835
-0.6469102033275064
-0.6335737503820105
-0.6204361052287786
-0.6075039170589166
-0.594783205103385
-0.5822793786301069
-0.5699972556330598
-0.557941076894842
-0.5461145150258248
-0.5345206790790542
-0.5231621158503015
-0.5120408092057482
-0.5011581788301043
-0.49051507969390357
-0.48011180335218845
-0.46994808195677895
-0.4600230956133241
-0.4503354834752933
-0.4408833587471837
-0.4316643275823827
-0.4226755117054457
-0.4139135744695346
-0.4053747499678762
-0.39705487475877166
-0.38894942172358127
-0.3810535352055391
-0.3733620691490179
-0.3658696221234431
-0.35857057630803507
-0.3514591345908423
-0.3445293573191392
-0.3377751969990671
-0.3311905345570447
-0.32476921110776463
-0.3185050595380823
-0.31239193389544073
-0.3064237367609385
-0.3005944445139294
-0.29489813043083135
-0.2893289855890798
-0.2838813375764166
-0.2785496668481355
-0.2733286218565621
-0.2682130302979195
-0.2631979101783773
-0.2582784780706164
-0.2534501558554042
-0.24870857505205013
-0.24404958097377655
-0.23946923391408212
-0.23496381323021912
-0.23052980198739836
-0.22616390700749361
-0.22186304069791252
-0.21762432079716126
-0.21344506543303218
-0.2093227874298957
-0.2052551879632765
-0.20124014965655726
-0.1972757292105824
-0.19336014965257323
-0.18949179228718147
-0.18566918842745528
-0.18189101097916563
-0.17815606594739258
-0.17446328392913216
-0.17081171165138156
-0.16720050360865824
-0.16362891384958322
-0.16009628795684672
-0.15660205526032817
-0.15314572131803575
-0.1497268606952451
-0.1463451100673028
-0.14300016166735768
-0.13969175709606196
-0.13641968150623549
-0.1331837581717896
-0.1299838434466562
-0.12681982211630313
-0.12369160314143732
-0.1205991157938121
-0.11754230615860833
-0.11452113405531102
-0.11153557027208769
-0.1085855804033701
-0.10567119099956665
-0.10279235302271217
-0.09994907376380438
-0.09714134987665
-0.09436917962116281
-0.09163256235454945
-0.08893149829112267
-0.08626598851639256
-0.08363603524362044
-0.08309313576886167
-0.08313056364445444
-0.0831673784782372
-0.08320358791993122
-0.08323920528550534
-0.08327423724684747
-0.08330869309072834
-0.08334258216513597
-0.08337591337889905
-0.08340869725439753
-0.08344094228884863
-0.08347265812320531
-0.08350385406620787
-0.08353453936944445
-0.0835647232140779
-0.08359441469910675
-0.083623622830965
-0.08365235651444428
-0.08368062454472779
-0.0837084356005042
-0.08373579823807505
-0.08376272088632944
-0.08378921184254168
-0.08381527926891881
-0.08384093118980529
-0.08386617548953204
-0.08389101991079477
-0.08391547205355734
-0.08393953937440111
-0.08396322918629788
-0.08398654865874924
-0.08400950481823363
-0.08403210454900475
-0.08405435459408979
-0.08407626155657218
-0.08409783190105154
-0.08411907195529149
-0.08413998791203038
-0.08416058583090832
-0.08418087164054325
-0.08420085114067309
-0.08422053000439907
-0.08423991378047901
-0.08425900789569324
-0.08427781765723955
-0.0842963482551619
-0.08431460476480286
-0.084332592149249
-0.08435031526181339
-0.08436777884848282
-0.08438498755037158
-0.08440194590614551
-0.08441865835444133
-0.08443512923626278
-0.08445136279731535
-0.08446736319034721
-0.08448313447743892
-0.0844986806322466
-0.08451400554221658
-0.08452911301076435
-0.08454400675939017
-0.08455869042975926
-0.08457316758576208
-0.08458744171547805
-0.08460151623314434
-0.08461539448103778
-0.08462907973135216
-0.08464257518797685
-0.08465588398828333
-0.08466900920482669
-0.08468195384702452
-0.08469472086277818
-0.08470731314005756
-0.08471973350843379
-0.08473198474058083
-0.08474406955373509
-0.08475599061109605
-0.08476775052320572
-0.08477935184927704
-0.08479079709849714
-0.0848020887312739
-0.08481322916046882
-0.08482422075257304
-0.08483506582885157
-0.0848457666664772
-0.08485632549959295
-0.08486674452038269
-0.08487702588007744
-0.08488717168994898
-0.08489718402227267
-0.08490706491125348
-0.0849168163539371
-0.08492644031108106
-0.08493593870801704
-0.0849453134354627
-0.08495456635032753
-0.08496369927650449
-0.08497271400560498
-0.08498161229771403
-0.08499039588208591
-0.08499906645783947
-0.6322476537380216
-0.6880380734176607
-0.6741498972139658
-0.6604381817201835
-0.6469102033275064
-0.6335737503820105
-0.6204361052287786
-0.6075039170589166
-0.594783205103385
-0.5822793786301069
-0.5699972556330598
-0.557941076894842
-0.5461145150258248
-0.5345206790790542
-0.5231621158503015
-0.5120408092057482
-0.5011581788301043
-0.49051507969390357
-0.48011180335218845
-0.46994808195677895
-0.4600230956133241
-0.4503354834752933
-0.4408833587471837
-0.4316643275823827
-0.4226755117054457
-0.4139135744695346
-0.4053747499678762
-0.39705487475877166
-0.38894942172358127
-0.3810535352055391
-0.3733620691490179
-0.3658696221234431
-0.35857057630803507
-0.3514591345908423
-0.3445293573191392
-0.3377751969990671
-0.3311905345570447
-0.32476921110776463
-0.3185050595380823
-0.31239193389544073
-0.3064237367609385
-0.3005944445139294
-0.29489813043083135
-0.2893289855890798
-0.2838813375764166
-0.2785496668481355
-0.2733286218565621
-0.2682130302979195
-0.2631979101783773
-0.2582784780706164
-0.2534501558554042
-0.24870857505205013
-0.24404958097377655
-0.23946923391408212
-0.23496381323021912
-0.23052980198739836
-0.22616390700749361
-0.22186304069791252
-0.21762432079716126
-0.21344506543303218
-0.2093227874298957
-0.2052551879632765
-0.20124014965655726
-0.1972757292105824
-0.19336014965257323
-0.18949179228718147
-0.18566918842745528
-0.18189101097916563
-0.17815606594739258
-0.17446328392913216
-0.17081171165138156
-0.16720050360865824
-0.16362891384958322
-0.16009628795684672
-0.15660205526032817
-0.15314572131803575
-0.1497268606952451
-0.1463451100673028
-0.14300016166735768
-0.13969175709606196
-0.13641968150623549
-0.1331837581717896
-0.1299838434466562
-0.12681982211630313
-0.12369160314143732
-0.1205991157938121
-0.11754230615860833
-0.11452113405531102
-0.11153557027208769
-0.1085855804033701
-0.10567119099956665
-0.10279235302271217
-0.09994907376380438
-0.09714134987665
-0.09436917962116281
-0.09163256235454945
-0.08893149829112267
-0.08626598851639256
-0.08363603524362044
-0.08309313576886167
-0.08313056364445444
-0.0831673784782372
-0.08320358791993122
-0.08323920528550534
-0.08327423724684747
-0.08330869309072834
-0.08334258216513597
-0.08337591337889905
-0.08340869725439753
-0.08344094228884863
-0.08347265812320531
-0.08350385406620787
-0.08353453936944445
-0.0835647232140779
-0.08359441469910675
-0.083623622830965
-0.08365235651444428
-0.08368062454472779
-0.0837084356005042
-0.08373579823807505
-0.08376272088632944
-0.08378921184254168
-0.08381527926891881
-0.08384093118980529
-0.08386617548953204
-0.08389101991079477
-0.08391547205355734
-0.08393953937440111
-0.08396322918629788
-0.08398654865874924
-0.08400950481823363
-0.08403210454900475
-0.08405435459408979
-0.08407626155657218
-0.08409783190105154
-0.08411907195529149
-0.08413998791203038
-0.08416058583090832
-0.08418087164054325
-0.08420085114067309
-0.08422053000439907
-0.08423991378047901
-0.08425900789569324
-0.08427781765723955
-0.0842963482551619
-0.08431460476480286
-0.084332592149249
-0.08435031526181339
-0.08436777884848282
-0.08438498755037158
-0.08440194590614551
-0.08441865835444133
-0.08443512923626278
-0.08445136279731535
-0.08446736319034721
-0.08448313447743892
-0.0844986806322466
-0.08451400554221658
-0.08452911301076435
-0.08454400675939017
-0.08455869042975926
-0.08457316758576208
-0.08458744171547805
-0.08460151623314434
-0.08461539448103778
-0.08462907973135216
-0.08464257518797685
-0.08465588398828333
-0.08466900920482669
-0.08468195384702452
-0.08469472086277818
-0.08470731314005756
-0.08471973350843379
-0.08473198474058083
-0.08474406955373509
-0.08475599061109605
-0.08476775052320572
-0.08477935184927704
-0.08479079709849714
-0.0848020887312739
-0.08481322916046882
-0.08482422075257304
-0.08483506582885157
-0.0848457666664772
-0.08485632549959295
-0.08486674452038269
-0.08487702588007744
-0.08488717168994898
-0.08489718402227267
-0.08490706491125348
-0.0849168163539371
-0.08492644031108106
-0.08493593870801704
-0.0849453134354627
-0.08495456635032753
-0.08496369927650449
-0.08497271400560498
-0.08498161229771403
-0.08499039588208591
-0.08499906645783947
