410022.295488
343381.1784984946
343344.182477158
343307.744427491
343271.3966546735
343235.0344109513
343198.5962492745
343162.0278640345
343125.27801584324
343088.29800768505
343051.04155782197
343013.4647208501
342975.52581828245
342937.1853742663
342898.40605579986
342859.1526172584
342819.3918490655
342779.09253038105
342738.22538565315
342696.76304492
342654.68000771914
342611.95261048555
342568.5589973204
342524.47909400176
342479.6945851347
342434.1888943174
342387.94716721727
342340.9562574446
342293.20471511665
342244.6827780057
342195.3823651596
342145.29707289604
342094.4221730537
342042.7546134042
341990.293020105
341937.03770209564
341882.99065731774
341828.1555806514
341772.5378734512
341716.1446545635
341658.984772712
341601.0688201163
341542.40914723027
341483.01987846027
341422.91692873527
341362.1180207837
341300.64270298363
341238.51236762886
341175.7502694674
341112.381544345
341048.4332277981
340983.9342734301
340918.91557088407
340853.4099632544
340787.4522637246
340721.07927126955
340654.32978520833
340587.24461841607
340519.8666089786
340452.24063009577
340384.4135979969
340316.4344776803
340248.35428622115
340180.2260934243
340112.1050196883
340044.04823052284
339976.1149282067
339908.3663393046
339840.8656988258
339773.67823015293
339706.8711207811
339640.51349356805
339574.6763732869
339509.4326482843
339444.8570270165
339381.02598928945
339318.0177320034
339255.91210923303
339194.79056649114
339134.7360690194
339075.8330239919
339018.1671965135
338961.82561933703
338906.8964962202
338853.4690988968
338801.63365763397
338751.4812453987
338703.1036556657
338656.5932739496
338612.0429431552
338569.5458228941
338529.19524293434
338491.0845509964
338455.30695514096
338421.9553610322
338391.1222044022
338362.8992790775
338337.37756096857
338314.6470284642
338294.79647971067
338277.9133472912
338264.0835108645
338253.3911083503
338245.9183462909
338241.74531004304
338240.94977449847
338243.6070160369
338249.78962646873
338259.56732972007
338273.00680205354
338290.17149660963
338311.1214730883
338335.9132333748
338364.5995639351
338397.2293857685
338433.8476127475
338474.49501910043
338519.21968019434
338568.03060710285
338620.96701911336
338678.0520159758
338739.3040582101
338804.7369044276
338874.35956235626
338948.176254042
339026.18639560795
339108.3845918868
339194.76064615854
339285.2995851488
339379.9816993604
339478.78259872
339581.67328343925
339688.6202298906
339799.58549122076
339914.52681231865
339474.55952267454
339030.2573203496
338600.641589855
338186.0185612029
337786.54935350537
337402.29550807085
337033.23120349826
336679.25529733434
336340.20380562486
336015.86176517943
335705.97390834434
335410.2539584321
335128.39255559735
334860.06391816196
334604.9313819634
334362.6519677961
334132.88011979836
333915.27074387873
333709.4816594707
333515.175562257
333332.0215810863
333159.6964995556
332997.88570170524
332846.2838919235
332704.5956312603
332572.53572581854
332449.8294974448
332336.2129625105
332231.4329409439
332135.24711481726
332047.42405350343
331963.469084545
331882.5546354852
331809.7841759166
331744.9229471688
331687.75034808257
331638.0564725746
331595.64565913245
331560.3348501315
331531.95407097327
331510.34671316895
331495.36995820986
331486.89537420037
331484.8097255479
331489.01604730624
331499.4350507181
331516.00694688887
331538.69380315236
331567.4825847514
331602.3890874706
331643.4630412777
331690.79477143375
331744.5239573007
331804.85125536565
331872.0538915003
331946.50684405543
332028.7120446035
332119.3393087066
332219.2848177649
332329.75653849734
332452.402209159
332589.50690004614
332744.3088941496
332921.5265526353
333128.2837693589
