212.98999999999998
223.4291165195589
222.94317222180467
222.46450503341293
221.9933310550895
221.52987223121033
221.07431166424723
220.6267849107816
220.18737854058517
219.75613077020168
219.33303318290768
218.91803327176302
218.51103765361637
218.11191581073743
217.72050421408068
217.33661068365092
216.96001884888565
216.59049258457873
216.22778031426606
215.87161909171107
215.5217383907666
215.17786355330318
214.8397188631196
214.50703023011056
214.17952748305999
213.85694628101768
213.53902966231257
213.22552925695973
212.91620619276512
212.61083172808156
212.30918764524188
212.0110664384888
211.71627132902717
211.42461613790746
211.13592504504095
210.85003225993108
210.56678162685077
210.2860261843157
210.00762769589412
209.73145616672923
209.45738935765988
209.18531230656222
208.915116864486
208.64670125235722
208.37996964242882
208.1148317673094
207.85120255823938
207.58900181332086
207.32815389562205
207.06858746043932
206.81023521050972
206.55303367759691
206.29692302860528
206.04184689420953
205.78775221788706
205.53458912321153
205.28231079728738
205.03087372743613
204.78023607198654
204.53036030670805
204.28121081405115
204.03275477733837
203.7849619755738
203.5378047290439
203.2912578481314
203.0452985844543
202.79990658353665
202.5550638383321
202.31075464304544
202.06696554681096
201.82368530686873
201.5809048409902
201.33861717895996
201.09681773987884
200.85550302181394
200.61467236765895
200.3743267481467
200.1344689868467
199.89510370515387
199.6562372663498
199.41787771885362
199.1800347388468
198.9427195721846
198.70594497605944
198.46972516019204
198.23407572787295
197.99901361689984
197.76455704056718
197.53072542853482
197.29753936849534
197.06502054735574
196.83319169338648
196.60207651859042
196.3716996616335
196.14208663136
195.91326375094673
195.68525810274775
195.45809747387221
195.2318103025358
195.0064256252206
194.78197302467333
194.55848257876863
194.3359848102617
194.11451063744846
193.89409132575142
193.6747584402441
193.45654379912742
193.23947942816554
193.02359751608915
192.80893037097152
192.5955103775815
192.3833699557129
192.17254151949297
191.9630574376675
191.75494999486008
191.54825135380221
191.34299351852778
191.1392082985282
190.93692747229042
190.73618196021667
190.5370029806765
190.3394212252995
190.14346702618377
189.94917032552326
189.756560911282
189.56566734714175
189.3765184622565
189.1891423677432
189.0035666351441
188.81981828121013
188.63792374504766
188.45790886488004
188.27979885544147
188.1036182861387
187.92939081215158
187.7571401285714
187.5868885308841
187.4186577912953
187.2524689500629
187.08834228880292
186.92629731262696
186.7663527341746
186.60852645855132
186.45283556903036
186.29929631350214
186.14792409166967
185.99873344299488
185.8517380354021
185.70695065474447
185.5643831950435
185.42404664951027
185.2859511023604
185.1501057214335
185.01651875163193
184.8851975091908
184.75614837679538
184.62937679956084
184.5048872818881
184.38268338521542
184.2627677266767
184.1451419786865
184.02980686946415
183.91676218451283
183.80600676906758
183.6975385315244
183.5913544478626
183.48745056707048
183.38582201758197
183.28646301473313
183.18936686923914
183.09452599669817
183.001931928119
182.91157532147093
182.8234459742501
182.7375328370535
182.65382402815004
182.57230684903342
182.49296780107366
182.41579260230566
182.34076620716345
182.26795941468964
182.1970944017339
182.12841720480927
182.06182130286612
181.99728816421373
181.93479859827022
181.8743327981807
181.8158703681215
181.75939034882882
181.7048712432973
181.65229104289463
181.60162725387795
181.55285692426565
181.50595667100885
181.46090270740234
181.4176708706821
181.37623664974566
181.33657521294126
181.29866143586634
181.26246992911732
