1.7053315616996778
1.7054054165968315
1.7054126417072248
1.7053649681268281
1.7052655804098993
1.705114181122441
1.7049091274014743
1.704648328237853
1.7043296175333598
1.7039509057543447
1.7035102383850353
1.7030058154039724
1.7024359946729741
1.7017992888663853
1.7010943599633521
1.7003200129624831
1.6994751894857976
1.6985589615251642
1.6975705254144806
1.6965091960430716
1.6953744013005387
1.6941656767355397
1.6928826604101095
1.6915250879329302
1.6900927876574536
1.6885856760334177
1.687003753102665
1.6853470981415446
1.6836158653965225
1.6818102800112371
1.6799306340304612
1.6779772825456374
1.6759506399613533
1.673851176384479
1.6716794141358249
1.6694359243843424
1.6671213239039646
1.6647362719530907
1.662281467276604
1.6597576452300955
1.6571655750257044
1.6545060570986807
1.651779920593483
1.6489880209678678
1.6461312377131194
1.6432104721882415
1.6402266455656183
1.6371806968853897
1.6340735812154996
1.6309062679141766
1.627679738991379
1.6243949875656027
1.6210530164122794
1.6176548365999373
1.6142014662101978
1.6106939291376507
1.6071332539656673
1.6035204729141932
1.599856620855651
1.5961427343951087
1.5923798510109906
1.5885690082526949
1.5847112429916106
1.5808075907221475
1.5768590849095423
1.5728667563813576
1.5688316327597238
1.5647547379315574
1.5606370915541252
1.5564797085935
1.552283598893587
1.5480497667735884
1.5437792106518793
1.5394729226944541
1.535131888486218
1.53075708672353
1.52634948892655
1.5219100591700345
1.5174397538313655
1.5129395213546832
1.5084103020300905
1.503853027787011
1.499268622000833
1.4946579993120785
1.490022065457385
1.4853617171116709
1.4806778417408988
1.4759713174649118
1.4712430129298653
1.4664937871898178
1.4617244895970833
1.456935959700984
1.4521290271546685
1.4473045116296885
1.4424632227380578
1.4376059599615307
1.4327335125878484
1.4278466596537414
1.4229461698944623
1.418032801699653
1.4131073030753578
1.4081704116119949
1.403222854458113
1.3982653482954108
1.3932985993400804
1.388323303310027
1.3833401454335315
1.3783498004472678
1.3733529326010885
1.3683501956678552
1.3633422329578342
1.3583296773375244
1.3533131512527659
1.3482932667560048
1.3432706255375733
1.3382458189608548
1.3332194281012009
1.3281920237884701
1.3231641666530642
1.3181364071753283
1.3131092857381914
1.3080833326829273
1.3030590683679064
1.298037003230223
1.2930176378500742
1.288001463017773
1.2829889598032878
1.2779805996281768
1.2729768443398217
1.2679781462878406
1.2629849484025755
1.2579976842755427
1.2530167782417463
1.2480426454637479
1.2430756920173966
1.2381163149791143
1.233164902514647
1.2282218339691775
1.2232874799587197
1.2183622024626937
1.2134463549176007
1.2085402823117055
1.203644321280653
1.1987588002039218
1.1938840393020547
1.189020350734573
1.1841680386985072
1.1793273995274707
1.1744987217912055
1.1696822863955312
1.1648783666826314
1.160087228531612
1.1553091304592715
1.1505443237210233
1.1457930524119055
1.1410555535676343
1.136332057265635
1.1316227867260042
1.1269279584123542
1.1222477821324868
1.117582461138852
1.1129321922287507
1.1082971658442309
1.1036775661716416
1.0990735712408064
1.0944853530237695
1.0899130775330925
1.0853569049196552
1.0808169895699313
1.0762934802027095
1.0717865199652292
1.0672962465287008
1.0628227921831823
1.0583662839317936
1.0539268435842337
1.0495045878495877
1.0450996284283944
1.0407120721039582
1.0363420208328853
1.0319895718348246
1.0276548176813989
1.023337846384305
1.0190387414825797
1.014757582129001
1.0104944431756282
1.0062493952584577
1.0020225048811906
0.9978138344980962
0.9936234425959712
0.9894513837751748
0.9852977088297427
0.9811624648265675
0.977045695183644
0.9729474397473684
0.9688677348688938
0.9648066134795329
0.9607641051652112
0.956740236239959
0.9527350298184517
0.9487485058875881
