-8.259802838611375
18.645536921274143
2.2179377327638945
-17.397864092636244
19.101993086940375
2.2472262754833197
-17.49914587704077
19.154755698134704
2.255209902801791
-17.586495156909287
19.201939953093138
2.262024084848852
-17.664466737539662
19.245055247167695
2.268318588620011
-17.734558091011007
19.284609322050212
2.2742134072277076
-17.797703169575847
19.320934169938397
2.2797479589725653
-17.85466142081764
19.354311499896706
2.2849480538760996
-17.906090121832953
19.384995560109616
2.2898360329071363
-17.952565401571373
19.413215266043817
2.2944324226150563
-17.99459652568057
19.439179910328697
2.2987562448057353
-18.032634535743284
19.46307975142017
2.3028252392852213
-18.067080447040112
19.485088078750557
2.306655964885169
-18.098291868140297
19.50536279899841
2.3102638981572
-18.126588575282586
19.524047859334487
2.313663518340212
-18.15225723444142
19.54127452961978
2.3168683814093654
-18.17555542280493
19.557162560592083
2.3198911851349275
-18.196715070589676
19.571821231980497
2.3227438267398908
-18.215945420439642
19.585350302213005
2.3254374544745806
-18.23343558315467
19.597840869671067
2.3279825141914245
-18.249356753878875
19.609376154117793
2.330388791801291
-18.263864141342122
19.62003220591533
2.3326654523170047
-18.27709865342782
19.62987854975941
2.3348210760498094
-18.289188374976472
19.63897876903257
2.3368636923965362
-18.30024986769924
19.647391036240627
2.3388008115627934
-18.310389317117675
19.655168594515608
2.340639454485662
-18.31970354756728
19.662360194708924
2.3423861811571802
-18.328280922915408
19.669010492197092
2.344047117501578
-18.336202147975268
19.675160407157044
2.3456279809219285
-18.34354098334943
19.68084745172878
2.3471341046039282
-18.350364884582028
19.68610602717893
2.3485704606442623
-18.356735574859325
19.690967693893683
2.3499416820567847
-18.36270955932056
19.695461416768904
2.351252083699434
-18.36833858778785
19.699613788327852
2.3525056821587085
-18.373669058616
19.703459137329013
2.3537045803289858
-18.378747547927816
19.70699017735669
2.3548571544395154
-18.38361068376831
19.71025726665836
2.3559617394911574
-18.38829606142966
19.71326944283249
2.357022966094287
-18.392837175272472
19.716044143821527
2.3580436250825185
-18.397264734181263
19.7185974085267
2.359026306792086
-18.401606899656926
19.7209439953181
2.359973415696442
-18.405889497538187
19.723097488465694
2.3608871832340066
-18.410136210287508
19.72507039510878
2.3617696797268866
-18.414368752338422
19.726874233846697
2.362622825548911
-18.418607030294083
19.728519615748585
2.3634484015943817
-18.422869289346483
19.730016318471257
2.3642480590837125
-18.42717224728893
19.73137335410598
2.365023328738858
-18.431531217206796
19.732599031314823
2.365775629361431
-18.435960219898735
19.733701012261534
2.3665062758451842
-18.440472086978588
19.734686364797607
2.367216486654114
-18.445078555439647
19.73556161031593
2.367907390796341
-18.449790354465723
19.736332767650424
2.368580034323272
-18.454617285163888
19.737005393361446
2.3692353863820115
-18.45956829379616
19.737584618718447
2.369874344848418
-18.46465153911619
19.738075183659326
2.370497741566535
-18.46987445427928
19.73848146798482
2.371106347219471
-18.47524380376892
19.738807520019275
2.3717008758551312
-18.480765735804642
19.739057082950495
2.3722819890893367
-18.486445830539584
19.739233619042615
2.3728503000075953
-18.492289144468227
19.739340331898156
2.37340637678559
-18.498300251291532
19.739380186929772
2.3739507460473437
-18.504483279560592
19.73935593019027
2.3744838959790404
-18.510841947359292
19.73927010569378
2.3750062792151776
-18.517379594246727
19.739125071352603
2.375518315513004
-18.524099210703838
19.73892301364141
2.3760203942299394
-18.531003465264245
19.73866596109231
2.376512876617905
-18.538094729536514
19.738355796715286
2.376996097947614
-18.545375101243152
19.737994269430782
2.3774703694748878
-18.552846425492355
19.737583004593173
2.3779359802604048
-18.560510314368965
19.737123513678966
2.378393198853476
-18.56836816502449
19.73661720320629
2.3788422748496334
-18.576421176327145
19.73606538294655
2.379283440331394
-18.584670364256514
19.73546927348565
2.3797169112005947
-18.593116576072255
19.73483001318576
2.380142888410408
-18.60176050340216
19.734148664595942
2.380561559104298
-18.610602694309627
19.733426220354737
2.380973097669066
-18.61964356443126
19.732663608625813
2.381377666707997
-18.628883407245223
19.731861698102957
2.3817754179404997
-18.63832240356957
19.731021302618927
2.382166493033301
-18.647960630283926
19.730143185389025
2.382551024368811
-18.657798068445143
19.72922806291929
2.3829291357547775
-18.66783461072644
19.728276608604176
2.3833009430803638
-18.678070062083304
19.727289457228697
2.383666556138738
-18.68850416996807
19.72626720326008
2.3840260743128474
-18.699136595513767
19.725210410797725
2.3843795944158965
-18.70996694131002
19.7241196114289
2.384727206306409
-18.72099475109464
19.72299530766295
2.3850689944452297
-18.732219514196604
19.721837975325656
2.3854050384658785
-18.743640670268114
19.72064806544244
2.3857354134428053
-18.75525761272929
19.719426006120955
2.3860601902782075
-18.767069691945178
19.718172204233632
2.3863794359720747
-18.779076220695444
19.71688704711166
2.386693214051231
-18.791276479355474
19.715570902610278
2.3870015835066556
-18.803669699046875
19.71422412529418
2.387304603822834
-18.81625509892234
19.71284705055061
2.387602328183207
-18.82903186271628
19.7114400004155
2.3878948083593956
-18.8419991486143
19.710003283431778
2.3881820937440135
-18.85515609121312
19.708537195594108
2.3884642315368323
-18.868501803390835
19.707042021217212
2.3887412669174006
-18.882035378078907
19.705518033730936
2.3890132432049622
-18.895755889918586
19.703965496409612
2.3892802020065154
-18.909662396780327
19.702384663039933
2.38954218335443
-18.923753941179687
19.700775778530556
2.3897992258339458
-18.938029551596493
19.699139079470367
2.3900513667018073
-18.952488243671812
19.69747479463656
2.3902986419965164
-18.967129021342103
19.69578314545739
2.3905410866410244
-18.98195087786539
19.694064346432587
2.3907787345385185
-18.9969527967916
19.692318605514096
2.391011618661861
-19.012133752838405
19.690546124449632
2.391239771137289
-19.027492712718956
19.68874709909212
2.391463223322893
-19.043028635902107
19.68692171967621
2.391682005882422
-19.058740475300638
19.68507017106393
2.3918961488548485
-19.07462717791712
19.683192632961987
2.3921056817201176
-19.090687685448785
19.681289280111145
2.392310633461577
-19.10692093481993
19.679360282449423
2.3925110326255026
-19.123325858688485
19.6774058052499
2.392706907378013
-19.139901385897083
19.675426009234805
2.3928982855599212
-19.156646441888668
19.673421050665137
2.3930851947397342
-19.173559949088432
19.671391081407446
2.393267662265244
-19.19064082722941
19.669336248977793
2.3934457153142485
-19.207887993662407
19.66725669656298
2.3936193809443798
-19.225300363602305
19.66515256301846
2.3937886861428934
-19.24287685037294
19.663023982842883
2.393953657876495
-19.260616365577132
19.660871086129266
2.3941143231417077
-19.2785178192464
19.658693998490698
2.394270709016341
-19.296580119958314
19.656492840960347
2.3944228427123253
-19.314802174894336
19.654267729863786
2.394570751630653
-19.333182889867242
19.652018776662473
2.3947144634188593
-19.35172116928055
19.649746087764203
2.3948540060316397
-19.370415916063415
19.64744976430059
2.3949894077955745
-19.38926603152383
19.645129901865463
2.3951206974783297
-19.408270415142226
19.642786590212243
2.395247904363762
-19.42742796429965
19.64041991290337
2.395371058333523
-19.446737573901025
19.638029946907857
2.3954901899567327
-19.46619813592166
19.635616762139062
2.39560533058901
-19.48580853883446
19.63318042092437
2.39571651248253
-19.50556766688906
19.63072097739695
2.3958237689092163
-19.52547439925566
19.628238476797534
2.3959271342994186
-19.545527608969834
19.625732954671545
2.3960266443988965
-19.565726161656755
19.6232044359436
2.396122336447684
-19.58606891398352
19.620652933848387
2.3962142493851313
-19.606554711807252
19.618078448690788
2.396302424085963
-19.627182387892812
19.61548096640234
2.3963869036343706
-19.64795075917523
19.61286045685377
2.3964677336435294
-19.668858623410475
19.610216871871906
2.3965449626309168
-19.68990475507671
19.60755014289609
2.396618642462028
-19.711087900340242
19.604860178192567
2.396688828878516
-19.732406770834864
19.602146859519923
2.3967555821318203
-19.75386003591656
19.599410038108
2.3968189677492484
-19.775446312963318
19.596649529769497
2.396879057468259
-19.797164155125568
19.593865108903287
2.3969359303867694
-19.819012035687873
19.591056501064305
2.396989674393664
-19.840988327942828
19.588223373654497
2.3970403879680173
-19.86309127893419
19.585365324118595
2.397088182470088
-19.885318974804623
19.582481864766006
2.397133185098753
-19.907669294300316
19.579572402954057
2.3971755427687245
-19.93013984542516
19.57663621476042
2.3972154272821076
-19.952727877340422
19.573672409301988
2.397253042364449
-19.975430155106782
19.570679879263913
2.397288633456897
-19.99824277691477
19.56765723046056
2.39732250170837
-20.02116089891335
19.56460267835924
2.3973550245997446
-20.044178305402035
19.561513890282104
2.3973866874928933
-20.06728670626216
19.558387733567432
2.3974181341232437
-20.090475182422814
19.5552198087429
2.3974502780181073
-20.113725502468554
19.552003815855688
2.397484365748946
-20.137010907484676
19.548729810624184
2.3975224202084946
-20.160283063417705
19.54538074030683
2.3975678845119464
-20.183440862046908
19.541922087361783
2.3976277432404705
-20.2061869835875
19.538257167100642
2.397721561814142
-20.238468060898768
19.540883719887645
2.39626203918015
-20.26120562405275
19.537753972476082
2.396191314117381
-20.284119976694
19.534644666040847
2.3961259351927655
-20.307168846492726
19.531540951954405
2.3960596709733273
-20.330343589007306
19.528439816570923
2.395991548256526
-20.35364047290471
19.525340013875887
2.3959213511328836
-20.37705658665342
19.52224062198388
2.395848977679837
-20.400589245233657
19.51914083136561
2.3957743477879423
-20.424235897478408
19.51603990943647
2.395697389647519
-20.447994105524653
19.51293719073955
2.395618037480502
-20.471861535112616
19.509832071161288
2.395536230898542
-20.495835947952077
19.50672400307021
2.39545191451358
-20.519915194870247
19.503612490907216
2.3953650376038564
-20.54409720947165
19.50049708713275
2.395275553805971
-20.5683800023245
19.497377388496076
2.3951834208275042
-20.5927616555561
19.4942530325978
2.395088600178566
-20.617240317868628
19.491123694722784
2.3949910569208295
-20.641814199925943
19.487989084922066
2.3948907594331037
-20.666481570091772
19.484848945322597
2.3947876791920657
-20.69124075048938
19.481703047647727
2.394681790567594
-20.71609011334586
19.478551190931107
2.394573070631383
-20.741028077627906
19.47539319940893
2.3944614989782296
-20.766053105908334
19.472228920575077
2.394347057559021
-20.79116370148946
19.469058223388338
2.3942297305247813
-20.81635840572779
19.46588099661759
2.394109504080953
-20.841635795547575
19.46269714731508
2.3939863663513643
-20.866994481167882
19.4595065994077
2.3938603072510944
-20.89243310396885
19.456309292395865
2.3937313183678173
-20.917950334544223
19.45310518015331
2.3935993928509784
-20.943544870859345
19.449894229818263
2.3934645253082873
-20.969215436598752
19.446676420769144
2.393326711709112
