0.08405019760975559
0.08407738139880057
0.0841047210016906
0.08413221563403467
0.08415986558706089
0.08418767142363172
0.08421563388148942
0.08424375387465784
0.08427203250351056
0.08430047106076083
0.08432907103204841
0.08435783409159708
0.08438676209375084
0.08441585706125995
0.08444512117116264
0.08447455673903288
0.08450416620226119
0.08453395210291659
0.08456391707061926
0.08459406380573971
0.0846243950631406
0.08465491363659186
0.08468562234392162
0.0847165240129105
0.08474762146789865
0.08477891751704697
0.08481041494017653
0.08484211647710206
0.08487402481637198
0.08490614258433395
0.08493847233443381
0.08497101653670802
0.08500377756738023
0.08503675769853192
0.08506995908780454
0.08510338376813234
0.08513703363745272
0.08517091044844062
0.08520501579825507
0.08523935111832587
0.08527391766421237
0.08530871650557346
0.08534374851629646
0.08537901436483726
0.08541451450482987
0.0854502491660291
0.08548621834564082
0.0855224218001257
0.08555885903752329
0.08559552931037197
0.08563243160928645
0.0856695646572618
0.08570692690474722
0.08574451652555957
0.08578233141359531
0.08582036918079913
0.08585862715559431
0.08589710238264002
0.0859357916235189
0.0859746913584511
0.08601379778904325
0.08605310684206781
0.08609261417426528
0.08613231517814667
0.08617220498877375
0.08621227849147996
0.08625253033049123
0.08629295491839899
0.08633354644643007
0.08637429889545448
0.08641520604766417
0.08645626149885706
0.08649745867125105
0.0865387908267553
0.08658025108062085
0.08662183241539571
0.08666352769510334
0.08670532967957244
0.08674723103883822
0.08678922436754534
0.08683130219928017
0.08687345702076489
0.0869156812858502
0.08695796742924687
0.08700030787994101
0.08704269507424693
0.08708512146841915
0.08712757955086833
0.08717006185382876
0.08721256072638141
0.08725506929778305
0.08729758005834494
0.08734008582177574
0.08738257949583135
0.08742505409059452
0.08746750272615157
0.08750991863966619
0.08755229519185415
0.08759462587286646
0.08763687643151741
0.08767903293379667
0.08772108941197511
0.08776304006105398
0.08780487924169832
0.0878466014821636
0.08788820147970074
0.08792967410146604
0.08797101438498478
0.08801221753817214
0.0880532789389982
0.08809419413475787
0.08813495884101738
0.08817556894024965
0.08821602048018744
0.08825630967191926
0.08829643288775271
0.08833638665886892
0.08837616767279015
0.08841577277068233
0.08845519894451255
0.08849444333408073
0.08853350322394338
0.08857237604024651
0.08861105934748334
0.08864955084519179
0.08868784836460514
0.08872594986526908
0.0887638534316361
0.08880155726964895
0.08883905970332205
0.0888763591713307
0.08891345422361592
0.08895034351801229
0.08898702581690553
0.08902349998392602
0.08905976498068326
0.08909581986354623
0.08913166378047371
0.08916729596789846
0.08920271574766768
0.08923792252404333
0.08927291578076389
0.08930769507816973
0.08934226005039343
0.08937661040261632
0.08941074590839203
0.08944466640703769
0.08947837180109307
0.08951186205384784
0.08954513718693663
0.089578197278002
0.08961104245842451
0.08964367291111948
0.08967608886839963
0.08970829060990292
0.08974027846058448
0.08977205278877166
0.08980361400428116
0.08983496255659701
0.08986609893310812
0.08989702365740447
0.08992773728763011
0.08995824041489203
0.0899885336617237
0.09001861768060128
0.09004849315251179
0.09007816078557154
0.09010762131369354
0.09013687549530239
0.09016592411209558
0.09019476796784946
0.09022340788726896
0.0902518447148793
0.09028007931395893
0.09030811256551176
0.09033594536727811
0.0903635786327827
0.09039101329041851
0.09041825028256566
0.09044529056474357
0.0904721351047961
0.09049878488210762
0.09052524088684975
0.09055150411925723
0.09057757558893222
0.09060345631417561
0.09062914732134517
0.09065464964423861
0.09067996432350146
0.0907050924060585
0.09073003494456791
0.09075479299689759
0.09077936762562254
0.09080375989754248
0.09082797088321946
0.09085200165653426
0.09087585329426102
0.09089952687565946
0.09092302348208393
0.0909463441966092
