0.345949282110976
0.3396624440162138
0.3360435059016384
0.33296248539183265
0.3300297003741002
0.3271611189390427
0.32433756806188657
0.32155387302394933
0.31880789950411914
0.31609818957589364
0.31342345378340086
0.3107824639058394
0.3081740317306884
0.3055970058360905
0.30305027176795185
0.3005327525452555
0.29804340891307485
0.29558123928651003
0.2931452794294232
0.2907346019229709
0.28834831547263107
0.2859855640939236
0.28364552620940164
0.2813274136831497
0.2790304708138321
0.27675397330308465
0.27449722721263564
0.27225956792072403
0.2700403590861199
0.2678389916262123
0.2656548827141204
0.26348747479858536
0.26133623464940303
0.25920065243037443
0.2570802408010969
0.25497453404842746
0.2528830872480055
0.2508054754559291
0.24874129293039213
0.2466901523829077
0.2446516842585673
0.24262553604468817
0.24061137160644688
0.23860887055193788
0.236617727619835
0.2346376520924067
0.23266836723564085
0.23070960976024427
0.22876112930560513
0.22682268794523508
0.22489405971282522
0.222975030148053
0.22106539586130622
0.21916496411651074
0.21727355243128701
0.215390988193668
0.21351710829465217
0.2116517587758901
0.20979479449182561
0.20794607878564486
0.2061054831784094
0.20427288707077956
0.20244817745675328
0.20063124864887755
0.19882200201440783
0.19702034572191654
0.19522619449787093
0.19343946939272536
0.19166009755609198
0.1898880120205735
0.1881231514938543
0.1863654601586793
0.18461488748034757
0.182871388021381
0.18113492126303007
0.1794054514333056
0.1776829473412308
0.17596738221702257
0.17425873355792953
0.1725569829794607
0.1708621160717495
0.1691741222608157
0.16749299467449055
0.165818730012786
0.16415132842249433
0.16249079337581804
0.1608371315528329
0.15919035272760163
0.15755046965775732
0.15591749797738705
0.15429145609305536
0.15267236508280402
0.15106024859798572
0.14945513276778438
0.14785704610628073
0.1462660194219375
0.14468208572937355
0.14310528016330396
0.14153563989453216
0.1399732040478818
0.13841801362195674
0.13687011141063357
0.13532954192617866
0.13379635132390374
0.13227058732826213
0.1307522991603017
0.1292415374663904
0.12773835424813376
0.12624280279340777
0.12475493760843422
0.12327481435082653
0.12180248976354001
0.12033802160966328
0.11888146860798605
0.11743289036928838
0.11599234733329336
0.11455990070623208
0.11313561239896607
0.11171954496562658
0.11031176154271786
0.10891232578864686
0.1075213018236366
0.10613875416998554
0.10476474769263905
0.1033993475400362
0.10204261908520584
0.10069462786707972
0.09935543953199691
0.0980251197753783
0.09670373428354577
0.09539134867566915
0.09408802844582285
0.0927938389051365
0.09150884512402856
0.0902331118745096
0.08896670357255011
0.08770968422050286
0.08646211734957829
0.08522406596237032
0.08399559247543172
0.08277675866190114
0.08156762559418927
0.08036825358672481
0.07917870213877357
0.07799902987733921
0.07682929450015738
0.0756695527187996
0.07451986020190064
0.07338027151853072
0.07225084008173052
0.07113161809223191
0.07002265648238876
0.06892400486034318
0.06783571145445415
0.06675782305801893
0.06569038497431799
0.06463344096201526
0.06358703318094797
0.06255120213834281
0.061525986635494315
0.06051142371494445
0.05950754860820372
0.05851439468405381
0.05753199339747549
0.056560374239244225
0.055599564686238695
0.054649590152507733
0.05371047394114183
0.05278223719699692
0.051864898860319
0.05095847562131753
0.050062981875738606
0.04917842968148609
0.048304828716343506
0.0474421862368462
0.04659050703835603
0.04574979341638964
0.04492004512925382
0.044101259362037765
0.04329343069201716
0.042496551055520415
0.04171060971631055
0.0409355932355351
0.04017148544329552
0.039418267411889474
0.03867591743077676
0.03794441098332195
0.03722372072536436
0.03651381646566737
0.03581466514829752
0.035126230836984934
0.03444847470151474
0.03378135500619959
0.03312482626565457
0.032478842653321065
0.03184335354211295
0.031218303826608184
0.03060363806345464
0.029999296944838844
0.02940521825568679
