433.476323067453
337.00324626925
332.8007182995976
328.8806354969273
325.2358455409473
321.84451877055653
318.68411696237865
315.73402793722477
312.9758428240166
310.39317554113114
307.9714204753111
305.6975269190779
303.55980231171696
301.5477429142258
299.6518883177395
297.8636962423424
296.1754345452726
294.58008783341353
293.07127649157843
291.64318628951986
290.29050702406516
289.00837889725045
287.792345534897
286.63831271976585
285.5425120550365
284.5014688922172
283.5119739567408
282.57105818771095
281.6759703782141
280.82415726162975
280.0132457391965
279.24102698629315
278.50544221073676
277.80456986688154
277.1366141552909
276.4998946600005
275.8928369944146
275.3139643432414
274.7618898019429
274.2353094273102
273.73299592327794
273.2537928951635
272.79660961342137
272.36041623485056
271.94423943518353
271.54715841218984
271.1683012230126
270.8068414234433
270.461994980361
270.1330174316488
269.81920127063165
269.5198735344689
269.2343935780726
268.96215101699494
268.7025638244034
268.4550765687326
268.2191587799357
267.9943034334168
267.78002554178363
267.57586084549126
267.38136459428523
267.1961104121019
267.0196892387623
266.8517083423874
266.6917903970218
266.53957262043
266.39470596747697
266.2568543748987
266.12569405363735
266.0009128252236
265.88220949900443
265.76929328726885
265.6618832555683
265.55970780575404
265.4625041894479
265.3700180498536
265.28200298997245
265.19822016544884
265.11843790040325
265.04243132473925
264.96998203152987
264.9008777531906
264.8349120552438
264.7718840465773
264.71159810516974
264.6538636183399
264.5984947366418
264.54531014059665
264.49413281950416
264.4447898616398
264.39711225518533
264.35093469929126
264.3060954247175
264.262436023528
264.2198012873572
264.17803905380555
264.13700006054455
264.09653780674364
264.05650842146486
264.01677053868525
263.97718517864354
263.9376156352188
263.8979273690779
263.85798790633834
263.81766674252253
263.77683525158835
263.7353665998356
263.69313566450955
263.65001895692996
263.60589454998905
263.56064200987487
263.5141423318861
263.46627788021425
263.4169323315818
263.3659906226293
263.31333890096056
263.25886447974943
263.2024557958365
263.14400237123806
263.0833947779957
263.0205246063122
262.9552844359157
262.8875678105889
262.8172692158385
262.7442840596382
262.66850865622155
262.5898402128839
262.5081768197537
262.4234174425134
262.3354619180298
262.2442109528744
262.1495661247004
262.05142988645804
261.94970557341566
261.84429741296856
261.7351105372044
261.62205099820295
261.50502578604085
261.38394284947566
261.2587111192719
261.129240534147
260.99544206929176
260.85722776743154
260.7145107723879
260.56720536508936
260.41522700198743
260.25849235582007
260.0969193586619
259.93042724720135
259.75893661016755
259.5823694378326
259.4006491735106
259.21370076695433
259.02145072955705
258.82382719125707
258.62075995902313
258.41218057680857
258.19802238683775
257.9782205920887
257.7527123198249
257.52143668601326
257.28433486046873
257.0413501325449
256.79242797717944
256.53751612110517
256.27656460901505
256.0095258694609
255.73635478026148
255.4570087331816
255.17144769762547
254.87963428309672
254.5815338001431
254.27711431951266
253.96634672923437
253.64920478930955
253.32566518372744
252.9957075694645
252.65931462215855
252.3164720781142
251.9671687723028
251.61139667200987
251.2491509057724
250.88042978725323
250.50523483368698
250.12357077853662
249.73544557798925
249.34087041092997
248.93985967202624
248.53243095755988
248.1186050436498
247.6984058565142
247.27186043442782
246.8389928296382
246.3998477492066
245.95446301375267
245.50286342996165
245.0450975385775
244.5812097390784
244.1112470239648
243.63525885859977
433.476323067453
337.00324626925
332.8007182995976
328.8806354969273
325.2358455409473
321.84451877055653
318.68411696237865
315.73402793722477
312.9758428240166
310.39317554113114
307.9714204753111
305.6975269190779
303.55980231171696
301.5477429142258
299.6518883177395
297.8636962423424
296.1754345452726
294.58008783341353
293.07127649157843
291.64318628951986
290.29050702406516
289.00837889725045
287.792345534897
286.63831271976585
285.5425120550365
284.5014688922172
283.5119739567408
282.57105818771095
281.6759703782141
280.82415726162975
280.0132457391965
279.24102698629315
278.50544221073676
277.80456986688154
277.1366141552909
276.4998946600005
275.8928369944146
275.3139643432414
274.7618898019429
274.2353094273102
273.73299592327794
273.2537928951635
272.79660961342137
272.36041623485056
271.94423943518353
271.54715841218984
271.1683012230126
270.8068414234433
270.461994980361
270.1330174316488
269.81920127063165
269.5198735344689
269.2343935780726
268.96215101699494
268.7025638244034
268.4550765687326
268.2191587799357
267.9943034334168
267.78002554178363
267.57586084549126
267.38136459428523
267.1961104121019
267.0196892387623
266.8517083423874
266.6917903970218
266.53957262043
266.39470596747697
266.2568543748987
266.12569405363735
266.0009128252236
265.88220949900443
265.76929328726885
265.6618832555683
265.55970780575404
265.4625041894479
265.3700180498536
265.28200298997245
265.19822016544884
265.11843790040325
265.04243132473925
264.96998203152987
264.9008777531906
264.8349120552438
264.7718840465773
264.71159810516974
264.6538636183399
264.5984947366418
264.54531014059665
264.49413281950416
264.4447898616398
264.39711225518533
264.35093469929126
264.3060954247175
264.262436023528
264.2198012873572
264.17803905380555
264.13700006054455
264.09653780674364
264.05650842146486
264.01677053868525
263.97718517864354
263.9376156352188
263.8979273690779
263.85798790633834
263.81766674252253
263.77683525158835
263.7353665998356
263.69313566450955
263.65001895692996
263.60589454998905
263.56064200987487
263.5141423318861
263.46627788021425
263.4169323315818
263.3659906226293
263.31333890096056
263.25886447974943
263.2024557958365
263.14400237123806
263.0833947779957
263.0205246063122
262.9552844359157
262.8875678105889
262.8172692158385
262.7442840596382
262.66850865622155
262.5898402128839
262.5081768197537
262.4234174425134
262.3354619180298
262.2442109528744
262.1495661247004
262.05142988645804
261.94970557341566
261.84429741296856
261.7351105372044
261.62205099820295
261.50502578604085
261.38394284947566
261.2587111192719
261.129240534147
260.99544206929176
260.85722776743154
260.7145107723879
260.56720536508936
260.41522700198743
260.25849235582007
260.0969193586619
259.93042724720135
259.75893661016755
259.5823694378326
259.4006491735106
259.21370076695433
259.02145072955705
258.82382719125707
258.62075995902313
258.41218057680857
258.19802238683775
257.9782205920887
257.7527123198249
257.52143668601326
257.28433486046873
257.0413501325449
256.79242797717944
256.53751612110517
256.27656460901505
256.0095258694609
255.73635478026148
255.4570087331816
255.17144769762547
254.87963428309672
254.5815338001431
254.27711431951266
253.96634672923437
253.64920478930955
253.32566518372744
252.9957075694645
252.65931462215855
252.3164720781142
251.9671687723028
251.61139667200987
251.2491509057724
250.88042978725323
250.50523483368698
250.12357077853662
249.73544557798925
249.34087041092997
248.93985967202624
248.53243095755988
248.1186050436498
247.6984058565142
247.27186043442782
246.8389928296382
246.3998477492066
245.95446301375267
245.50286342996165
245.0450975385775
244.5812097390784
244.1112470239648
243.63525885859977
