101732.436
569830.6414720955
581626.1345951719
593269.2650909878
604728.3329802405
615975.1366312648
626984.2774946593
637733.2720820468
648202.741863652
658376.5474817144
668241.8442627371
677789.0586965674
687011.792035467
695906.6601774513
704473.0807521931
712713.0192245044
720630.70599604
728232.3360330833
735525.7616081508
742520.1874565433
749225.8761534739
755653.8699370028
761815.7336398762
767723.321928632
773388.5727360153
778823.3276453743
784039.1790569621
789047.3432346865
793858.557785632
798483.0017443897
802930.23619674
807209.1632579583
811328.0011960935
815294.2735376531
819114.8100927678
822795.7579721704
826342.6008256462
829760.1846999241
833052.7490850433
836223.9618856839
839276.9572138672
842214.3750485968
845038.4019452243
847750.8121016247
850353.0081998163
852846.0615407759
855230.7510776562
857507.6010293484
859676.916823288
861738.8191746155
863693.2761592428
865540.1331819419
867279.1407780906
868909.9802199316
870432.2869257885
871845.6716941221
873149.7436899396
874344.1118823854
875428.4223799506
876402.3592081956
877265.6562367495
878018.1077948791
878659.576605846
879190.0002046564
879609.3959532495
879917.8647647727
880115.5936479877
880202.8571810476
880180.0180227348
880047.5265634373
879805.9198178882
879455.819654265
878997.9524111073
878433.0599703067
877762.0230797948
876985.7751187498
876105.3185142798
875121.720714898
874036.1100225021
872849.6713350902
871563.6418500097
870179.3067656163
868697.9950217892
867121.0751097362
865449.9509794296
863686.0580683314
861830.8594712926
859885.8422679695
857852.514020876
855732.3994542077
853527.037320948
851237.977463319
848866.7780695506
846415.0031280081
843884.2200780814
841275.9976557876
838591.9039307889
835833.5045304586
833002.361045753
830100.0296128879
827128.059664196
824087.9928411068
820981.3620617572
817809.6907354975
814574.4921163557
811277.2687873952
807919.5122678338
804502.7027348113
801028.3088516908
797497.7876949025
793912.5847713952
790274.1341189384
786583.8584816278
782843.1695531498
779053.4682805106
775216.1452211313
771332.5796234785
767404.1451529281
763432.2024585153
759418.1049350316
755363.1979441952
751268.8193493478
747136.30901001
742966.9738670328
738762.1406163856
734523.123203741
730251.2302923487
725947.766217488
721614.0315436245
717251.3235427865
712860.9366360611
708444.1628008535
704002.2919411848
699536.6036713312
695048.401530767
690538.9633178064
686009.5729133177
681461.5138191723
676896.0688092517
672314.5198976952
667718.1483034685
663108.234364114
658486.0573911845
653852.8954657129
649210.0251732543
644558.721278436
639900.2563393125
635235.900262147
630566.9197975943
625894.5779795689
621220.1335084313
616544.840080441
611869.9456657555
607196.6917375542
602526.3124551788
597860.0338044624
593199.0726986952
588544.6360439359
583897.9197725967
579260.1078494685
574632.3712545275
570015.8669470247
565411.7368155257
560821.1066186456
556245.0849213254
551684.7620315449
547141.2089423775
542615.4762842926
538108.593292558
533621.5667945287
529155.3802214956
524710.9926496407
520289.33787447796
515891.3235229627
511517.8302072502
507169.71072382625
502847.7893018382
498552.8609015328
494285.690571867
490047.01286069216
485837.5312877779
481657.9178784914
477508.81276082154
473390.8238268619
469304.5264596261
465250.463325737
461229.14423420036
457241.0460611129
453286.61273987766
449366.2553161408
445480.3520664058
441629.24867897003
437813.2584955927
434032.6628120313
430287.7112353696
426578.62209585955
422905.5829107955
419268.7508978094
415668.2535347879
412104.1891635401
