248505.9048
635067.4210603234
638526.8261673031
641918.0411987986
645246.6148260301
648512.5828641384
651716.2979174628
654858.5374534565
657940.4583914023
660963.5461778793
663929.554763582
666840.4932351216
669698.5230898589
672505.9511899588
675265.1803200212
677978.6716262876
680648.9128660905
683278.3900184656
685869.5631369996
688424.8460820771
690946.5898711262
693437.0693453832
695898.472828958
698332.8944477544
700742.328780561
703128.6675265454
705493.6978922152
707839.1024233096
710166.4600321321
712477.2479963291
714772.8447307593
717054.5331584283
719323.5045307077
721580.8625672295
723827.6278071085
726064.7420792086
728293.0730166084
730513.4185529413
732726.5113512584
734933.0231259514
737133.5688276172
739328.7106684386
741518.961971394
743704.7908329609
745886.6235924875
748064.8481056341
750239.816821946
752411.8496691239
754581.2367479758
756748.2408442227
758913.0997637258
761076.0284983269
763237.2212311206
765396.853188555
767555.082348741
769712.0510138193
771867.887255246
774022.7062398434
776176.6114449914
778329.6957704766
780482.0425543356
782633.7264999009
784784.8145208302
786935.3665099639
789085.4360386679
791235.0709917622
793384.3141433941
795533.2036788925
797681.7736670767
799830.054487103
801978.0732142666
804125.8539676925
806273.4182240737
808420.7850996923
810567.9716045323
812714.9928703192
814861.8623552717
817008.5920278131
819155.1925309593
821301.6733297542
823448.0428427107
825594.308559726
827740.4771467509
829886.5545396273
832032.5460274613
834178.4563266966
836324.2896473636
838470.0497514452
840615.7400051878
842761.363425145
844906.9227191057
847052.4203222801
856295.9727314399
858377.8243778415
860462.5391918477
862549.3014345897
864637.5369190612
866726.8412655641
868816.9295849602
870907.6011231366
872998.7143917074
875090.1696623088
877181.8966372287
879273.8457629048
881365.9821084248
883458.2810505512
885550.7252320613
887643.3024173385
889736.0039803465
891828.8238387456
893921.757702134
896014.8025421562
898107.9562187745
900201.2172168778
902294.5844603167
904388.0571812408
906481.6348274715
908575.316997571
910669.1033949038
912762.9937953948
914856.9880245767
916951.085941898
919045.2874289977
921139.5923820329
923234.0007061197
925328.5123112677
927423.1271098291
929517.8450143547
931612.6659364974
933707.5897859335
935802.6164698142
937897.745892331
939992.9779544851
942088.3125537471
944183.7495841586
946279.2889360803
948374.9304963246
950470.6741481295
952566.5197710216
954662.4672411594
956758.5164310366
958854.6672096606
960950.9194427877
963047.2729926454
965143.7277182123
967240.2834751159
969336.9401159129
971433.6974898906
973530.555443236
975627.513819186
977724.5724578196
979821.7311964281
981918.989869346
984016.3483080083
986113.8063411437
988211.3637946907
990309.0204919513
992406.7762534814
994504.6308973705
996602.5842390896
998700.6360915698
1000798.7862654476
1002897.0345687843
1004995.3808073271
1007093.824784642
1009192.3663018127
1011291.0051578891
1013389.741149626
1015488.5740716425
1017587.5037165717
1019686.529874791
1021785.6523349074
1023884.8708834109
1025984.1853048706
1028083.595381971
1030183.1008956063
1032282.701624809
1034382.3973468295
1036482.1878371603
1038582.0728696808
1040682.0522166102
1042782.1256484024
1044882.2929340536
1046982.5538410061
1049082.9081351063
1051183.3555807832
1053283.8959410116
1055384.5289773792
1057485.2544500208
1059586.0721177098
1061686.981738076
1063787.9830672296
1065889.0758602747
1067990.2598708384
1070091.5348516298
1072192.9005539895
1074294.356728202
1076395.9031235366
1078497.5394880592
1080599.2655688997
