0.21910160774599385
0.21906916311974559
0.21918755803948356
0.21942094175337826
0.21976578013755896
0.2202093813218333
0.2207417083166734
0.22135356869480097
0.2220366194947924
0.2227833288119945
0.2235869172584971
0.22444129170007548
0.22534097858099902
0.22628106019907707
0.22725711581831246
0.22826516804824848
0.2293016348403664
0.2303632865068065
0.23144720770713914
0.23255076364405783
0.23367157016779394
0.23480746736225694
0.23595649616160494
0.23711687759659342
0.2382869943925057
0.23946537469711052
0.24065067755623068
0.24184168004833534
0.24303726574901316
0.24423641449894365
0.2454381932028548
0.24664174767066457
0.24784629524883556
0.24905111827003942
0.2502555581133374
0.25145900986534175
0.252660917573147
0.2538607699456926
0.2550580964586466
0.2562524638102101
0.25744347280590013
0.25863075545535064
0.25981397242097104
0.2609928106342415
0.2621669811753517
0.2633362173390526
0.26450027287744476
0.2656589204018849
0.2668119499393923
0.2679591675737376
0.26910039427007576
0.2702354647601452
0.2713642265336343
0.27248653891544433
0.2736022722206299
0.2747113069795935
0.2758135332167087
0.2769088498279725
0.2779971639479335
0.27907839040658894
0.28015245121853577
0.2812192751111556
0.28227879708834425
0.2833309580265516
0.28437570430018844
0.2854129874338596
0.28644276377899425
0.2874649942127886
0.28847964386612346
0.28948668183410486
0.2904860809597038
0.2914778175942116
0.292461871373482
0.29343822504398237
0.29440686425030616
0.2953677773302066
0.29632095521727914
0.29726639119791626
0.2982040808376972
0.29913402178222426
0.30005621364030405
0.3009706578740207
0.30187735765538587
0.3027763177573274
0.3036675444436763
0.3045510453722075
0.3054268294716432
0.30629490686880956
0.3071552887902544
0.3080079874751931
0.30885301609227533
0.30969038865988996
0.3105201199698982
0.31134222551450885
0.31215672141621686
0.31296362436059777
0.3137629515318501
0.3145547205509215
0.31533894941612056
0.3161156564460938
0.3168848602250737
0.3176465795444189
0.31840083336977226
0.31914764077477903
0.31988702090041904
0.320618992910265
0.3213435759474854
0.32206078909359304
0.3227706513288332
0.3234731814941767
0.32416839825487165
0.3248563200654958
0.32553696513645947
0.326210351401949
0.3268764964892128
0.3275354176938158
0.3281871319376177
0.32883165575616535
0.32946900526837736
0.3300991961522204
0.3307222436215866
0.33133816240431285
0.3319469667213701
0.3325486702671311
0.3331432861907547
0.33373082707864954
0.33431130493797134
0.3348847311811909
0.33545111661165833
0.33601047141018864
0.33656280512263936
0.33710812664847967
0.33764644423031714
0.33858326359070146
0.33952854627550333
0.34048011825610636
0.3414359660030789
0.34239422556496224
0.3433531723770611
0.34431121176266505
0.34526687008556095
0.34621878651216764
0.3471657053422936
0.34810646886904906
0.34904001073283764
0.34996534972115567
0.350881584007551
0.3517878857718517
0.352683496187057
0.3535677207436496
0.35443992488701886
0.35529952994555103
0.35614600932876117
0.3569788849764489
0.3577977240413686
0.35860213578929967
0.35939176870165235
0.3601663077669007
0.36092547194818725
0.3616690118153993
0.36239670733090745
0.36310836577892824
0.36380381982922505
0.3644829257265299
0.36514556159764416
0.36579162586878317
0.3664210357861992
0.3670337260336171
0.3676296474404266
0.368208765774992
0.3687710606177979
0.36931652430948736
0.36984516096792336
0.3703569855762583
0.37085202312517773
0.37133030781841336
0.3717918823314323
0.37223679712125973
0.37266510978428774
0.37307688445911125
0.37347219127160414
0.3738511058196265
0.3742137088465173
0.3745600853360235
0.3748903245706346
0.37520451946167066
0.3755027665990153
0.37578516551916025
0.3760518185445439
0.37630283050834074
0.3765383085014837
0.3767583616405484
0.37696310085523915
0.3771526386943116
0.3773270891488941
0.3774865674922817
0.3776311901354445
0.3777610744976908
0.37787633889222166
0.3779771024267795
