4.141520667895212
4.140175870727436
4.138815233848487
4.137439214473685
4.136048234684337
4.134642658942581
4.133222799489013
4.131788918626244
4.130341231605928
4.128879909756419
4.127405083636691
4.1259168460919735
4.124415255143252
4.122900336676359
4.121372086917716
4.119830474695799
4.118275443495561
4.1167069133161815
4.1151247823455765
4.113528928464972
4.111919210597342
4.110295469913052
4.108657530905204
4.1070052023462
4.105338278136274
4.103656538054013
4.101959748417618
4.100247662665204
4.098520021861258
4.096776555136063
4.09501698006386
4.093241002985339
4.091448319279064
4.08963861358633
4.087811559993119
4.085966822172617
4.084104053491569
4.082222897083133
4.080322985888627
4.0784039426702625
4.076465379997075
4.074506900205495
4.0725280953363
4.070528547049039
4.0685078265152415
4.066465494291357
4.064401100172329
4.062314183026516
4.060204270612645
4.058070879379144
4.0559135142465275
4.053731668373
4.051524822903558
4.04929244670278
4.0470339960713675
4.044748914446496
4.042436632085872
4.040096565735575
4.037728118281254
4.035330678382651
4.032903620091123
4.030446302449832
4.027958069076233
4.025438247726413
4.0228861498408115
4.020301070070772
4.017682285785347
4.015029056557705
4.012340623630497
4.009616209359252
4.006855016633278
4.004056228272994
4.001219006402814
3.9983424917987436
3.995425803209417
3.9924680366494445
3.989468264664338
3.986425535565027
3.9833388726313967
3.9802072732827862
3.9770297082143093
3.97380512049741
3.9705324246427613
3.967210505623866
3.96383821785942
3.960414384152478
3.956937794584118
3.953407205359588
3.9498213376043747
3.9461788761076897
3.9424784680106644
3.9387187214363872
3.934898204058735
3.931015441606752
3.9270689163011387
3.923057065219181
3.9189782785842224
3.9148308979755266
3.9106132144541137
3.906323466599849
3.9019598384547676
3.897520457367228
3.8930033917313414
3.8884066486153097
3.8837281712723173
3.878965836526935
3.8741174520295725
3.8691807533709732
3.864153401048171
3.859032977272721
3.853816982611336
3.848502832448339
3.843087853258552
3.837569278678385
3.8319442453619628
3.8262097886081494
3.8203628377430334
3.814400211241636
3.808318611570897
3.802114619734757
3.795784689500564
3.7893251412843147
3.782732155670374
3.7760017665392684
3.7691298537748947
3.762112135520016
3.7549441599462
3.747621296501357
3.740138726594744
3.732491433675654
3.724674192657989
3.716681558638463
3.7085078548512573
3.700157114161455
3.691623949287876
3.6829026867231316
3.673987353416876
3.664871662301546
3.6555489965651944
3.6460123925670254
3.636254521280727
3.62626766813869
3.6160437111364523
3.6055740970411123
3.5948498155297437
3.5838613710635037
3.5725987522806752
3.5610513986654446
3.549208164219829
3.5370572778323517
3.5245862999984934
3.5117820755037688
3.498630681629601
3.4851173713838657
3.4712265111907605
3.4569415123969507
3.4422447558608655
3.4271175087873202
3.411539832847578
3.395490482482226
3.3789467921168197
3.3618845508231883
3.3442778627266114
3.326098991183294
3.3073181844245343
3.2879034799722526
3.2678204846608843
3.247032126535127
3.225498374209099
3.2031759184414286
3.180017809666143
3.1559730439738867
3.130986088501373
3.1049963352802483
3.077937470215362
3.0497367408716305
3.0203141029647016
2.9895812206301557
2.9574402893577094
2.9237826424682893
2.888487091557476
2.8514179375550217
2.812422570738002
2.771328553308314
2.7279400447658717
2.682033383950564
2.633351577293594
2.581597351285254
2.5264242957892025
2.467425432032848
2.404118251196611
2.3359248300218383
2.2621449426713576
2.1819189842779725
2.094175693758183
1.9975565294926434
1.8903029584351287
1.7700824603694076
1.633708381052105
1.4766651217573135
