264557.511
432949.07763469225
430311.6979186176
428156.14199503773
426412.9267891355
425028.05612674414
423957.6595457628
423165.0965587263
422619.23016436386
422293.2870517874
422164.0414259156
422211.1970461463
422416.90275793144
422765.3646419114
423242.53151655255
423835.83779195114
424533.9919598842
425326.8017931109
426205.0292833527
427160.2697937141
428184.85100571765
429271.7481009113
430414.5122944584
431607.2103760656
432844.37334340817
434120.9525585658
435432.28213652916
436773.92569038464
438142.13319603045
439533.0860595796
440943.3643323255
442369.80476931785
443809.48367555736
445259.70143745595
446717.9684607662
448181.9922807725
449649.6656528579
451119.05546730704
452588.39236182487
454056.0609306446
455520.5904497602
456980.6460553741
458435.02032691985
459882.62523777457
461322.48444611154
462753.72590606345
464175.57478495716
465587.34667700465
466988.44110698777
468378.3353198486
469756.5783533091
471122.78539171023
472476.6323992861
473817.8510310616
475146.2238190452
476461.57963074715
477763.7893962631
479052.7620992433
480328.44102610275
481590.80026711477
482839.8414620373
484075.5907820768
485298.0961396332
486507.4246163043
487703.66009940894
488886.9011169591
490057.2588604327
491214.85538511287
492359.82197708206
493492.29767659574
494612.42794717936
495720.3634804877
496816.2591267255
497900.2729412432
498972.5653379117
500033.2983404408
501082.63492333575
502120.7384343202
503147.7720909466
504163.8985441734
505169.27950238495
506164.07540978584
507148.44517343875
508122.54593375657
509086.532873624
510040.5590617581
510984.7753263577
511919.3301552119
512844.36961927207
513760.03731634654
514666.4743325556
515563.8192189168
516452.20798108185
517331.77408015396
518202.64844304376
519064.9594807919
519918.83311346115
520764.3928006614
521601.75957643613
522431.0520878157
523252.38663621095
524065.8772209463
524871.6355844616
525669.8497862522
526460.3916297331
527243.6019121027
528019.5053076163
528788.202980211
529549.7941174196
530304.3759787795
531052.0439415665
531792.8915458258
532527.0105384317
533254.4909163932
533975.420969054
534689.8873193782
535397.9749642208
536099.7673135507
536795.3462286695
537484.7920593958
538168.1836802419
538845.5985256231
539517.1126240204
540182.8006312781
540842.7358628467
541496.9903252296
542145.6347464651
542788.7386057547
543426.3701622385
544058.5964830125
544685.4834703072
545307.09588786
545923.4973866298
546534.7505297544
547140.9168167892
547742.0567073221
548338.2296438701
548929.494074209
549515.907473049
550097.5263631551
550674.4063358516
551246.6020710226
551814.1673565257
552377.1551071155
552935.6173828848
553489.6054071601
554039.169583983
554584.3595150831
555125.2240164621
555661.8111345136
556194.1681617232
556722.341651965
557246.3774354454
557766.3206332217
558282.2156713329
558794.1062946678
559302.0355803748
559806.0459509789
560306.1791872252
560802.4764404866
561294.9782449709
561783.7245295654
562268.7546294307
562750.1072972426
563227.8207142557
563701.932501017
564172.4797278467
564639.4989251011
565103.0260930997
565563.0967119038
566019.7457508622
566473.0076777991
566922.9164681666
567369.5056138535
567812.8081318326
568252.8565725847
568689.6830283673
569123.3191412133
569553.796110868
569981.1447023567
570405.3952535966
570826.5776826442
571244.7214948953
571659.855790062
572072.0092690311
572481.2102404993
572887.4866275705
573290.8659740591
573691.3754508152
574089.0418617419
574483.8916498326
574875.9509029519
575265.2453595533
575651.8004142864
576035.6411233946
576416.7922100895
576795.2780697852
577171.1227751672
577544.3500812211
577914.9834301026
