-151.54098323517266
69.57708932739972
9.832137002759598
-150.43349470989153
39.73915850631594
5.465120759819144
-146.29354261502894
39.871668809708076
5.493294262223069
-142.39238244895418
40.020014455218046
5.523934906931489
-138.71259315131255
40.18238009232114
5.556298868554965
-135.24548200268012
40.35803709409293
5.59022275918439
-131.98249733000551
40.54637144130288
5.625623882990275
-128.9142392356988
40.746747307018225
5.662426851579236
-126.03057711073446
40.95849568871415
5.700553766824813
-123.32091507151249
41.18092160583549
5.7399237933947616
-120.7744558497122
41.413313669805554
5.780454044795533
-118.38043409296081
41.65495332250375
5.822060565600928
-116.12831071183739
41.90512312927049
5.864659217039866
-114.0079259292806
42.16311391482716
5.908166433411759
-112.00961207032599
42.42823067389516
5.952499847592388
-110.12426941329645
42.6997972753087
5.997578793504583
-108.343409860866
42.977160039069474
6.043324697791395
-106.65917387576278
43.259690303706115
6.089661374957861
-105.06432623946746
43.54678612163368
6.136515240633453
-103.55223587963565
43.837873225507536
6.183815457002595
-102.11684444220226
44.1324054037582
6.231494023192154
-100.75262758256255
44.42986441198654
6.27948582181847
-99.45455221200886
44.72975953149244
6.327728631229868
-98.21803223003467
45.031626869508344
6.376163111352551
-97.03888463851713
45.335028479133754
6.424732769554948
-95.91328738933308
45.639551361580935
6.473383911638815
-94.8377398671566
45.94480639959948
6.522065581963803
-93.80902655433943
46.250427259498615
6.570729495771098
-92.82418415003504
46.55606928917878
6.619329966066749
-91.8804721524079
46.86140843767201
6.667823827436075
-90.9753471527164
47.166140177574974
6.7161703543623315
-90.1064398217509
47.46997851798815
6.764331184285099
-89.27153550756113
47.772655011226675
6.812270234011481
-88.468557310978
48.073917829149046
6.859953618604798
-87.69555168649897
48.37353088070828
6.907349569928804
-86.95067577084681
48.67127299704367
6.954428358108848
-86.23218786576619
48.9669371200592
7.001162208509888
-85.53843799094163
49.2603295790352
7.047525225385686
-84.86786083588501
49.55126938914909
7.093493313995847
-84.21896961610933
49.839587595210354
7.13904410481265
-83.59035094500281
50.12512665456555
7.184156879420262
-82.98066053969744
50.40773985735714
7.228812498257911
-82.38861961193382
50.687290782122176
7.2729933303783945
-81.81301181784877
50.96365278502965
7.316683185347852
-81.25268065808255
51.23670852109281
7.359867247434225
-80.70652723657967
51.50634949903222
7.402532012684044
-80.17350825974734
51.772475650957794
7.444665226168302
-79.65263445866066
52.03499494665972
7.486255825362511
-79.1429687550647
52.293823031153586
7.527293883851504
-78.64362497237394
52.548882878929874
7.5677705583840105
-78.15376644442593
52.800104449394716
7.6076780346364945
-77.6726045565735
53.04742441519832
7.647009482322236
-77.199397661036
53.29078588828975
7.68575901181472
-76.7334496545699
53.53013811922395
7.72392162426974
-76.274109512472
53.76543604871418
7.761493138019521
-75.8207668644755
53.996640968928865
7.798470293957798
-75.37285543076408
54.22371895058585
7.834850500758989
-74.9298485053992
54.44664153568463
7.870631945035314
-74.49125840812577
54.665385313751344
7.9058135220254515
-74.05663510778433
54.87993173097379
7.940394804049154
-73.6255648215645
55.09026690680109
7.974376010518129
-73.197668591913
55.29638145665681
8.007757979358422
-72.77260084386312
55.49827031961528
8.040542139702728
-72.35004792615628
55.69593258991078
8.072730485730586
-71.92972664021758
55.88937135136732
8.10432555152487
-71.5113827613237
56.07859351384338
8.135330386841709
-71.09478955676333
56.26360965095083
8.165748533682876
-70.67974630588246
56.444433838405786
8.195584003580429
-70.26607682694119
56.621083492434714
8.224841255512876
-69.85362801588704
56.79357920782474
8.253525174379153
-69.44226840191648
56.96194459525175
8.28164104997251
-69.03188672461437
57.12620611762812
8.309194556407398
-68.62239053733903
57.286392925331555
8.336191731957738
-68.21370484110574
57.44253669018823
8.362638959286642
-67.80577075311884
57.59467143822364
8.388542946046165
-67.3985442136516
57.74283338121448
8.41391070584268
-66.99199473465237
57.8870607471264
8.438749539571843
-66.58610419314375
58.027393609625626
8.46306701712613
-66.18086567195824
58.16387371676824
8.4868709595033
-65.77628235010528
58.296544319137006
8.510169421328788
-65.37236644456371
58.42544999758086
8.532970673828462
-64.96913820493862
58.550636490812145
8.555283188282765
-64.56662496203194
58.67215052305945
8.577115619999212
-64.16486023096844
58.79003963197014
8.598476792847178
-63.7638828692213
58.90435199694777
8.61937568439696
-63.36373628947659
59.01513626806448
8.63982141171058
-62.96446772689326
59.122441397572615
8.659823217973825
-62.56612756106626
59.22631646028129
8.679390458921253
-62.16876868826824
59.32681050613337
8.698532592752597
-61.77244595036085
59.42397236814246
8.717259166697668
-61.3772163871063
59.51783081515834
8.735581929326653
-60.9831346881104
59.60849288795236
8.75350422520575
-60.590261267943625
59.69594664035376
8.771042156973756
-60.19865305837866
59.780258149711784
8.788203433075985
-59.808367710819795
59.86147271044427
8.804997916617262
-59.419462391752226
59.93963440857451
8.821435516482282
-59.0319935162974
60.01478594983635
8.837526182303904
-58.698769155454194
60.08967353042445
8.852909640416843
-58.66071602897747
60.17705605905337
8.865865653208393
-58.61966659451866
60.26208267413609
8.878496217296759
-58.57578546573638
60.34482305989107
8.890812071500788
-58.52922241688604
60.42534209212391
8.902822168482823
-58.480120688015084
60.5037014824845
8.914534980748428
-58.42861786383507
60.579961641942525
8.925958657668318
-58.37484649380327
60.65418079031518
8.937101072554553
-58.31893398263297
60.726415351177046
8.947969850002433
-58.26100424492969
60.796720130273044
8.958572327120448
-58.20117519125843
60.86514834502363
8.968915696628272
-58.139561443220856
60.931751667007305
8.979006873380573
-58.07627328786332
60.99658036995214
8.98885258770756
-58.01141703992572
61.05968335912973
8.998459377176815
-57.94509516659783
61.12110822528611
9.007833595434887
-57.877406402393376
61.18090129256265
9.016981420082196
-57.808445856047896
61.239107661328966
9.025908859726847
-57.73830511093822
61.295771246764126
9.034621760326509
-57.66707232032752
61.35093481382961
9.043125810931105
-57.59483229842433
61.40464000926087
9.051426548905301
-57.5216666081292
61.456927391034384
9.059529364713837
-57.44765364611362
61.507836455760675
9.067439506329642
-57.37286872576139
61.5574056643503
9.07516208332193
-57.29738415840644
61.60567246623561
9.08270207067459
-57.221269333154574
61.65267332243439
9.090064312368419
-57.14459079553561
61.69844372762364
9.097253524769071
-57.06741232517227
61.743018231423044
9.104274299845107
-56.98979501252313
61.786430459031486
9.111131108240006
-56.911797334866016
61.82871313128674
9.117828302225861
-56.833475231454955
61.86989808431479
9.124370118544876
-56.754882177912286
61.91001628879242
9.130760681160234
-56.67606925985901
61.94909786886714
9.137004003930702
-56.59708524571728
61.98717212083059
9.143103993211007
-56.51797665864415
62.02426753155586
9.149064450388233
-56.43878784758251
62.060411796692165
9.15488907436749
-56.35956105735485
62.0956318386833
9.160581464002869
-56.280336497732094
62.12995382458865
9.166145120482373
-56.20115241145193
62.16340318371903
9.171583449670896
-56.122045141107165
62.19600462508888
9.176899764411399
-56.0430491948592
62.227782154697906
9.182097286785565
-55.96419731092764
62.25875909260485
9.187179150339627
-55.885520520810786
62.28895808982301
9.192148402271366
-55.80704821120011
62.31840114500377
9.197008005582237
-55.72880818453775
62.34710962092108
9.201760841193144
-55.65082671820828
62.37510426072896
9.206409710025575
-55.57312862231946
62.40240520399782
9.210957335047636
-55.495737296046805
62.429032002526704
9.21540636328168
-55.41867478255273
62.455003635894336
9.219759367781448
-55.34196182244354
62.48033852676989
9.224018849570385
-55.26561790576056
62.505054555973
9.228187239544063
-55.18966132250061
62.52916907726837
9.232266900336464
-55.11410921169885
62.55269893186882
9.236260128154058
-55.03897760900506
62.57566046270973
9.240169154565631
-54.96428149285799
62.598069528394014
9.243996148264495
-54.8900348291876
62.61994151688926
9.24774321678792
-54.81625061468274
62.641291358935966
9.251412408200547
-54.74294091869684
62.66213354113769
9.255005712746739
-54.670116923697265
62.68248211881136
9.258525064457604
-54.597788964409474
62.70235072849535
9.261972342730274
-54.525966565557745
62.72175260021757
9.265349373862772
-54.45465847834028
62.74070056942202
9.268657932560956
-54.383872715560095
62.75920708865182
9.271899743402104
-54.31361658552252
62.7772842389157
9.275076482267465
-54.24389672468097
62.794943740772936
9.27818977773909
-54.1747191290765
62.81219696514628
9.281241212459364
-54.106089184587134
62.82905494384477
9.284232324457662
-54.0380116960537
62.8455283798007
9.287164608444424
-53.970490915269835
62.86162765704581
9.290039517068953
-53.903530567871
62.877362850421406
9.292858462143354
-53.83713387921124
62.89274373499238
9.295622815838808
-53.77130359917852
62.907779795229494
9.298333911844566
-53.70604202601951
62.92248023392541
9.30099304649635
-53.64135102922037
62.936853980847935
9.303601479876255
-53.577232071453416
62.95090970114552
9.30616043688067
-53.513686229595095
62.96465580352798
9.308671108256453
-53.45071421491182
62.978100448181685
9.3111346516118
-53.38831639237925
62.99125155446521
9.31355219239601
-53.32649279918601
63.004116808384296
9.315924824850509
-53.265243162476665
63.01670366982121
9.318253612935521
-53.20456691629925
63.029019379575274
9.320539591225554
-53.144463217868704
63.04107096615358
9.322783765784735
-53.08493096308925
63.05286525239368
9.324987115010575
-53.025968801418564
63.06440886185567
9.327150590456565
-52.96757515007756
63.07570822502731
9.329275117629644
-52.909748207628056
63.086769585339404
9.33136159676342
-52.85248596694894
63.0975990049926
9.333410903568566
-52.79578622763603
63.108202370596786
9.33542388996172
-52.73964660784215
63.11858539863993
9.337401384771404
-52.684064555574274
63.12875364078703
9.33934419442277
-52.629037359489146
63.13871248900606
9.341253103602211
-52.57456215918513
63.148467180533935
9.343128875901463
-52.520635955024694
63.15802280268464
9.344972254442816
-52.46725561748774
63.1673842975149
9.346783962482831
-52.41441789612857
63.17655646630965
9.348564704003497
-52.362119428043215
63.18554397398396
9.35031516427476
-52.31035674603018
63.19435135325845
9.35203601041486
-52.259126286266984
63.20298300879406
9.353727891917496
-52.208424395700675
63.21144322112019
9.355391441175238
-52.158247339028
63.21973615048058
9.357027273979176
-52.108591305364094
63.227865840540886
9.358635990006665
-52.0594524145999
63.23583622196291
9.36021817329519
-52.01082672340342
63.24365111589904
9.361774392696395
-51.96271023098279
63.25131423733292
9.36330520232293
