2.432416784432814
2.4548059821145727
2.4771041033265893
2.4993108625346783
2.521425968113258
2.5434491262932557
2.565380041740119
2.5872184177563144
2.6089639564413574
2.630616358844823
2.6521753251163194
2.673640554653088
2.6950117462455387
2.7162885982209684
2.7374708085857278
2.7585580751660697
2.779550095747922
2.8004465682158135
2.8212471906911674
2.84195166167019
2.8625596801615525
2.8830709458240786
2.903485159104615
2.92380202137629
2.944021235077324
2.9641425038505784
2.9841655326839955
3.0040900280520955
3.023915698058672
3.0436422525808418
3.0632694034145707
3.0827968644218062
3.102224351679342
3.1215515836295156
3.1407782812328477
3.1599041681227185
3.1789289707621617
3.1978524186028547
3.2166742442463754
3.235394183607774
3.254011976081529
3.2725273647098896
3.2909400963536757
3.3092499218655167
3.3274565962655553
3.345559878919603
3.3635595337197355
3.3814553292672844
3.399247039058212
3.4169344416707768
3.4345173209554516
3.451995466226996
3.4693686724585895
3.4866367404779153
3.503799477165063
3.520856695652112
3.5378082155242323
3.5546538630221267
3.571393471245627
3.58802688035822
3.6045539377922906
3.620974498454824
3.637288424933306
3.6534955877015283
3.669595865325009
3.6855891446657045
3.701475321085638
3.7172542986491344
3.7329259903232384
3.7484903181759264
3.7639472135717016
3.77929661736411
3.794538480084743
3.8096727621282205
3.824699433932684
3.8396184761552696
3.854429879842029
3.869133646591769
3.8837297887132185
3.8982183293749784
3.9125993027476462
3.926872754137512
3.941038740111232
3.955097328610854
3.969048599058561
3.9828926424505204
3.996629561439196
4.010259470403492
4.023782495506107
4.0371987747374645
4.050508457945617
4.063711706851501
4.076808695048958
4.089799607988945
4.102684642947381
4.115464008976086
4.128137926836313
4.140706628914384
4.153170359118999
4.165529372759788
4.177783936406761
4.189934327730302
4.201980835321451
4.21392375849223
4.2257634070558385
4.2375001010866065
4.2491341706596355
4.260665955570129
4.272095805032491
4.283424077359311
4.294651139620462
4.3057773672825626
4.316803143829171
4.327728860362137
4.338554915184594
4.349281713366196
4.359909666291226
4.370439191168855
4.380870710610649
4.391204652075853
4.401441447373211
4.4115815321381
4.421625345295887
4.4315733285148005
4.441425925649558
4.45118358217702
4.460846744625193
4.470415859996969
4.479891375190015
4.489273736414279
4.498563388608586
4.507760774857852
4.516866335812432
4.525880509111145
4.534803728809514
4.543772281587276
4.55271916714759
4.5616409127493895
4.57053452833457
4.579397410454998
4.588227265453567
4.597022049749108
4.605779923055697
4.61449921133669
4.623178377172731
4.63181599584979
4.640410735914102
4.648961343254558
4.6574666279993995
4.665925453679522
4.674336728233122
4.682699396518148
4.691012434068429
4.699274841882448
4.707485642074732
4.715643874251797
4.723748592499694
4.731798862890167
4.7397937614283325
4.747732372377661
4.755613786908468
4.763437102024697
4.771201419730818
4.778905846406597
4.7865494923624174
4.794131471552086
4.8016511694977835
4.809107818775772
4.816500243851024
4.823827275754085
4.831087752063589
4.838280517105623
4.84540442205896
4.85245832518446
4.859441092094119
4.866351596067435
4.873188718413711
4.879951348880271
4.886638386108115
4.893248738138186
4.899781322973264
4.906235069202646
4.912608916699249
4.918901817401793
4.925112736198366
4.931240651932207
4.937284558556241
4.943243466470125
4.949116404082802
4.954902419655661
4.960600583496965
4.966209990598841
4.971729763835227
4.977159057874715
4.982497064008702
4.987743016154091
4.9928961983597935
4.997955954215504
5.00292169858451
5.00779293191179
