44.01219411254312
43.96347235703337
43.93556172039511
43.92680454040841
43.935713303795396
43.96093821617991
44.0012459094721
44.055504015346955
44.1226691674377
44.20177723629074
44.29193515913548
44.39231398865442
44.50214291599936
44.620704094307975
44.74732813112865
44.88139014554545
45.02230630502296
45.16953077133012
45.322552996078564
45.48089531539964
45.64411080068174
45.81178132847834
45.98351583794399
46.15894874864531
46.33773851546612
46.51956630068362
46.70413474621539
46.891166831878465
47.08040480583243
47.27160918048072
47.46455778133703
47.6590448439162
47.85488015235207
48.05188821502475
48.24990747342522
48.44878954128837
48.64839847170205
48.84861005046263
49.0493111144091
49.25039889384003
49.45178037841041
49.65337170612974
49.85509757524628
50.05689067891542
50.25869116261863
50.46044610433265
50.662109017450895
50.8636393764383
51.065002165160934
51.26616744777879
51.46710996202672
51.66780873463974
51.86824671860739
52.0684104518695
52.26828973699602
52.46787734132742
52.66716871699085
52.86616174015261
53.064856468819585
53.26325491846139
53.46136085469226
53.65917960222609
53.85671786930029
54.05398358675311
54.25098576093538
54.447734339639474
54.644240090236785
54.840514489228084
55.03656962242861
55.23241809503214
55.42807295082273
55.62354759983124
55.81885575376358
56.01401136855962
56.20902859347443
56.403921726107754
56.59870517284121
56.793393414177096
56.98800097450661
57.18254239586792
57.37703221528735
57.57148494532796
57.7659150574999
57.960336968215756
58.15476502700121
58.34921350669765
58.543696595417046
58.73822839003297
58.932822891012215
59.12749399841169
59.322255508883416
59.517121113547084
59.71210439660553
59.90721883459205
60.10247779615181
60.2978945422712
60.49348222687927
60.689253897755215
60.88522249768441
61.08140086581281
61.27780173915701
61.474437754232596
61.67132144876924
61.86846526484719
62.065881544975916
62.26358254300911
62.46158041955301
62.65988724550185
62.85851500383692
63.05747559139633
63.2567808206078
63.45644242117907
63.65647204174227
63.85688125144879
64.05768154151329
64.25888432670506
64.46050094678658
64.66254266789896
64.86502068389473
65.06794611761862
65.27133002213748
65.47518338192036
65.67951711397015
65.88434206890823
66.08966903201387
66.29550872421979
66.50187180306534
66.70876886360948
66.91621043930472
67.12420700283383
67.33276896691076
67.54190668504756
67.75163045228861
67.9619505059135
68.1728770261104
68.3844201366207
68.59658990535671
68.80939634499326
69.0228494135348
69.23695901485866
69.451734999236
69.66718716383117
69.88332525318067
70.10015895965245
70.31769792388667
70.53595173521866
70.75492993208475
70.97464200241208
71.19509738399279
71.41630546484352
71.63827558355067
71.86101702960234
72.08453904370731
72.30885081810172
72.53396149684396
72.75988017609838
72.9866159044083
73.21417768295862
73.44257446582876
73.6718151602361
73.90190862677045
74.13286367962007
74.36468908678924
74.59739357030814
74.83098580643512
75.06547442585182
75.30086801385131
75.53717511051971
75.77440421091131
76.01256376521786
76.25166217893192
76.49170781300451
76.73270898399774
76.974673964232
77.21761098192839
77.46152822134646
77.70643382291736
77.9523358833727
78.19924245586921
78.44716155010944
78.69610113245857
78.94606912605754
79.19707341093276
79.44912182410218
79.70222215967826
79.95638216896778
80.21160956056848
80.46791200046296
80.72529711210964
80.98377247653113
81.24334563239978
81.50402407612097
81.7658152619138
82.02872660188955
82.29276546612769
82.55793918275005
82.8242550379925
83.09172027627488
83.36034210026875
83.63012767096339
