48.06541702199999
57.025882778221224
57.22936633153017
57.43042237508141
57.63890413714105
57.83829128583782
58.026557612135676
58.20178388844533
58.36318483788343
58.510657288012396
58.6445114264044
58.765302909699635
58.87372603991501
58.97054448942113
59.05654665480812
59.13251665150955
59.199216372643676
59.257374062861146
59.307678252175556
59.35077436798608
59.38726376726569
59.41770419805524
59.442611118982214
59.46245948872405
59.477686020778485
59.48869166855648
59.495843982284555
59.49947963856562
59.49990667123121
59.497406878373575
59.49223780908189
59.48463495330575
59.47481348520062
59.46297010953122
59.44928457042236
59.43392112502551
59.41703002276551
59.398748701029255
59.379202907781256
59.358507660983925
59.33676841094654
59.31408171448963
59.29053617837909
59.266213057899435
59.24118695626388
59.215526465961794
59.18929464399219
59.16254954735628
59.13534470222105
59.10772939898319
59.07974922508804
59.05144629451623
59.022859589668975
58.99402523337252
58.9649767326921
58.93574522416468
58.90635966742101
58.87684711100154
58.84723272710345
58.81754008387403
58.78779123336407
58.75800688045185
58.72820647777209
58.69840833018804
58.668629726754794
58.63888699646665
58.60919561415333
58.5795702501591
58.55002491034874
58.52057284991155
58.49122681745317
58.46199898800778
58.43290103351235
58.40394423391574
58.37513941652512
58.346496970552124
58.31802713346741
58.289739618379116
58.26164408225493
58.2337497801914
58.20606578708112
58.17860104471357
58.15136424535863
58.12436396456524
58.09760862555537
58.07110655286043
58.044865904175815
58.018894817984325
57.993201328160815
57.96779341966873
57.94267900536012
57.91786598569256
57.89336219428971
57.86917547864436
57.84531366129966
57.82178457243588
57.79859603513644
57.775755895590734
57.75327201959655
57.73115230291152
57.70940466395514
57.68803705701301
57.667057553949704
57.646474182732604
57.62629508353427
57.606528431856916
57.587182498676746
57.56826560563058
57.54978615803185
57.5317526491586
57.51417364951288
57.49705781818767
57.4804139235842
57.46425080241341
57.44857743105958
57.43340287438688
57.41873626486077
57.40458690657192
57.39096418591842
57.37787762477279
57.36533684954726
57.35335163961721
57.34193185855532
57.33108753992416
57.320828841967334
57.311166038269356
57.30210957902982
57.29367001399947
57.28585806848103
57.27868461041758
57.27216066409677
57.266297386874285
57.26110610615899
94.36972684692485
93.70876034892842
93.06748155139408
92.44593167153245
91.84391464002019
91.26108984013706
90.6970306445177
90.15126151539573
89.62328161928933
89.11258015316491
88.61864589516647
88.14097363227496
87.67906774668323
87.23244509417995
86.80063621304033
86.38318615169642
85.97965492014167
85.58961746940109
85.21266371074333
84.84839819343408
84.49643978988327
84.15642138152995
83.827989408063
83.5108034374188
83.20453573975357
82.90887083472015
82.62350511588556
82.3481463044801
82.08251313572785
81.82633494672494
81.57935114296596
81.34131099849414
81.11197314229555
80.89110527581781
80.67848375300527
80.47389331073093
80.27712670669874
80.08798440309006
79.90627430939014
79.73181140480918
79.56441764051085
79.40392146353929
79.25015767538304
79.1029671531505
78.96219665836928
78.82769860073228
78.69933077829764
78.57695625267381
78.46044314618668
78.34956230282988
78.24439542397619
78.14472274189743
78.05053435822792
77.9615145501854
77.87766176645064
77.79887528452812
77.72505854890053
77.65611907814436
77.59196862259893
77.53252324746126
77.47770368138848
77.42743567517637
77.38165078390273
77.34028747693446
77.30329299352985
77.27062635458107
77.24226365938814
