6.445314780248871
6.439435127648523
6.433393446351251
6.427256923217432
6.421041646708186
6.414755151106311
6.40840372242223
6.401993644470512
6.395531385686559
6.3890236009429255
6.382477101338753
6.3758988190429235
6.369295772314967
6.362675031943141
6.356043689583002
6.3494088282652426
6.342777495225635
6.336156677119346
6.329553277606128
6.3229740972311905
6.316425815479042
6.309914974843642
6.3034479667371235
6.297031019049259
6.290670185169417
6.284371334289905
6.278140142822619
6.271982086778217
6.265902434976853
6.259906242980817
6.253998347660845
6.248183362328739
6.242465672388366
6.236849431474755
6.231338558066383
6.225936732568758
6.220647394877827
6.215473742439749
6.210418728828986
6.205485062869961
6.20067520832852
6.1959913841987015
6.191435565607745
6.18700948535846
6.182714636122996
6.17855227329617
6.174523418509971
6.17062886380396
6.166869176439188
6.163244704336306
6.159755582111713
6.156401737679305
6.153182899379536
6.150098603592376
6.147148202786339
6.1443308739521605
6.14164563114512
6.139091318882728
6.136666645735327
6.13437017682602
6.1322003478378555
6.1301554745406985
6.1282337623429415
6.126433315790655
6.124752147960804
6.123188189702634
6.121739298685589
6.120403268216083
6.119177835789525
6.1180606913481315
6.117049485219199
6.116141835712656
6.115335336016893
6.114627562483703
6.114016078926886
6.113498444223035
6.113072217641363
6.1127349641616355
6.11248425940753
6.112317694198296
6.112232878726158
6.112227446368174
6.11229905714382
6.112445400830303
6.112664199749025
6.112953211237372
6.113310229820787
6.113733089100483
6.114219663372497
6.114767868993946
6.115375665512297
6.1160410565734145
6.11676209062383
6.1175368614224155
6.1183635083762375
6.119240216714834
6.120165217516706
6.121136787601213
6.12215324929846
6.1232129701091695
6.124314362265875
6.125455882206148
6.126636029967928
6.127853348516408
6.129106423011266
6.1303938800224715
6.131714386702294
6.1330666499205115
6.13444941536941
6.1358614666444415
6.137301624306111
6.13876874492802
6.140261720135677
6.14177947564015
6.14332097027033
6.144885195007147
6.14647117240337
6.148077954360039
6.1497046226852055
6.1513502874634955
6.153014086212984
6.154695182995121
6.156392751649024
6.158106034139071
6.15983425918522
6.161576686869715
6.1633326008722165
6.165101306584077
6.166882130187111
6.168674417889335
6.170477535202067
6.172290866241995
6.1741138130559134
6.1759458111898375
6.177786268498843
6.179634646998641
6.181490415701856
6.183353057176296
6.185222068137547
6.187096959089193
6.18897725384292
6.190862489038487
6.192752213680429
6.194645988693515
6.196543386496894
6.198443990596503
6.200347395195274
6.202253204820673
6.204161033969081
6.206070506766526
6.207981256645277
6.209892926035823
6.211805166073722
6.213717636320849
6.215630004500541
6.217541946246177
6.2194531448626735
6.2213632911004595
6.22327208294143
6.225179225396426
6.22708443031376
6.228987416198367
6.230887908041082
6.232785637157647
6.23468034103698
6.236571763198292
6.238459653056625
6.240343765796395
6.242223862252538
6.244099708798846
6.24597107724313
6.247837744728791
6.249699493642453
6.251556111527277
6.253407391001604
6.25525312968258
6.257093130114448
6.25892719970101
6.260755150642349
6.262576799874989
6.264391969015527
6.266200484307353
6.268002176570168
6.269796881152052
6.271584437883795
6.273364691035264
6.275137489273567
6.276902685622768
6.278660137424959
6.280409706302464
6.282151258120993
6.283884662953559
6.285609795044978
6.287326532776801
6.289034758632513
6.290734359162875
6.292425224951265
6.294107250578896
6.295780334589823
