12.6003389
8.212346376324108
8.197356540083668
8.182308064416155
8.167187245525197
8.151990016763696
8.13671343292754
8.121354718643005
8.10591116144861
8.09038009845893
8.074758913477078
8.059045035363244
8.043235936643844
8.027329132248765
8.011322178364532
7.995212671401563
7.978998247075507
7.9626765796022605
7.946245381006749
7.929702400545174
7.91304542424079
7.896272274532999
7.879380810039831
7.862368925433725
7.845234551430579
7.827975654892102
7.810590239041519
7.7930763437925386
7.7754320461918
7.7576554609746
7.7397447412341815
7.721698079204332
7.703513707155441
7.685189898403933
7.6667249684349255
7.648117276138007
7.6293652251559125
7.610467265345755
7.591421894352529
7.5722276592942634
7.552883158558277
7.533387043707835
7.5137380214982
7.493934856001053
7.473976370836104
7.453861451508356
7.433589047849342
7.413158176560489
7.3925679238563875
7.371817448205568
7.350905983166041
7.329832840312457
7.308597412251691
7.2871991757228765
7.265637694778076
7.243912624038832
7.222023712023796
7.199970804542149
7.177753848147093
7.1553728936429835
7.132828099639753
7.110119736147041
7.087248188200751
7.064213959513866
7.041017676141824
7.017660090156641
6.994142083312787
6.970464670705148
6.946629004398172
6.92263637702128
6.898488225316216
6.874186133624686
6.849731837303547
6.825127226054061
6.800374347151871
6.775475408563288
6.750432781933633
6.725249005432705
6.699926786442103
6.674469004069145
6.648878711471485
6.623159137976651
6.59731369098043
6.57134595760804
6.545259706121822
6.519058887059521
6.492747634087017
6.466330264549788
6.4398112797074525
6.41319536463625
6.386487387784553
6.359692400167055
6.332815634183931
6.305862502051738
6.278838593833801
6.251749675058375
6.224601683914067
6.197400728012808
6.170153080711824
6.142865176987279
6.115543608853408
6.088195120322392
6.060826601901693
6.033445084626936
6.006057733630094
5.978671841244524
5.9512948196498066
5.923934193061472
5.8965975894723615
5.8692927319543555
5.842027429531147
5.814809567634732
5.787647098160369
5.760548029136839
5.733520414030822
5.706572340706493
5.679711920063391
5.6529473054184365
5.626286558038837
5.599737816270335
5.573309164020627
5.547008647549649
5.520844262777446
5.49482394248812
5.4689555434685
5.443246833621577
5.417705479095817
5.392339031472917
5.3671549150574185
5.342160414312417
5.317362661486249
5.29276862447529
5.2683850949681394
5.244218676916318
5.2202757753761
5.399007059700661
5.448354652354568
5.495205617238316
5.539884201126327
5.582658079715709
5.623751651219111
5.663355062833778
5.701630897126721
5.738719248928518
5.774741639520485
5.809804074546891
5.843999462331874
5.877409548387589
5.910106479670775
5.942154082401248
5.973608916017506
6.004521150483092
6.034935302916858
6.064890861199348
6.094422815986549
6.123562117863786
6.152336072789395
6.18076868622417
6.208880964203883
6.236691177940162
6.264215097213372
6.291466196770156
6.3184558390875925
6.345193436178178
6.371686592532416
6.397941230816757
6.422924726421126
6.446332537965638
6.469414793299455
6.492173227176095
6.514608437318001
6.536719338792601
6.558503586807696
6.579957460383287
6.601075815295241
6.621852018101837
6.642277849844844
6.6623433737964355
6.682036759974221
6.70134405698421
6.720248898910598
6.738732131172306
6.756771334156022
6.7743402164684765
6.791407840051937
6.807937626029052
6.823886071226641
6.839201078247081
6.85381976253281
6.867665541574366
6.880644223545913
6.8926386775337285
6.903501454924826
6.913044388335338
6.921023624148784
6.927117564922385
6.9308934484079385
6.931755021633264
6.928857324674558
6.920961034139404
