1110.4239641071808
980.8116015505719
966.4075430119716
952.0201570909826
937.6569935479989
923.3292391513434
909.0483989709435
894.8258512782159
880.6728059957813
866.600308252966
852.6192343865442
838.7402727795941
824.9738895294997
811.3302809612153
797.8193159192364
784.450471225368
771.2327637830898
758.1746826392026
745.2841239566998
732.5683313792464
720.0338437488927
707.6864516131999
695.5311634654809
683.5721822170528
671.8128920174237
660.2558552162949
648.9028190043734
637.7547310672485
626.8117634407416
616.0733431288911
605.538191730738
595.2043648931777
585.0693015198651
575.1298738888275
565.3824405766537
555.8228991776376
546.4467440711694
537.249119595803
528.2248749159837
519.3686171840553
510.6747629859333
502.137587660335
493.7512721546461
485.509947151721
477.4077342646176
469.43878386687305
461.59731121062816
453.87762641150147
446.2741641402799
438.7815086840821
431.39441637394043
424.1078338258303
416.91691561595
409.81703672910555
402.8038095177305
395.87306763067465
389.02090896221773
382.2436740679239
375.53795414369677
368.9005906907809
362.3286734487913
355.8195367594388
349.37075452103255
342.98013389138134
336.6457078923995
330.3657270656289
324.1386503225695
317.96313512815124
311.8380271494324
305.76234949525093
299.73529166529136
293.7561983201528
287.8245579761188
281.9399917208877
276.1022420384606
270.3111618236233
264.56670365830274
258.8689094143298
253.217900239278
247.61386697439755
242.05706104632165
236.5477858670781
231.086388770198
225.6732535043159
220.30879329969736
214.99344452258796
209.72766088827728
204.51190833270476
199.34666037921647
194.2323816195539
189.16958555484757
184.15871179938608
179.20024096973265
174.294635561065
169.44234983334562
164.64382897804117
159.89950876101105
155.2098156203019
150.5751672017466
149.6111443623887
149.6684439209051
149.7241050378135
149.77815944595713
149.83064882114374
149.88160274647475
149.93105530078608
149.97904046322492
150.02559117592014
150.0707431104758
150.11452795952115
150.1569792451384
150.1981296065506
150.23801129118587
150.2766561220948
150.31409546921284
150.35036022429284
150.3854807791399
150.41948700703193
150.45240824701375
150.48427329085294
150.51511037248625
150.54494715973553
150.57381074810345
150.6017276565089
150.62872382473952
150.6548246125337
150.6800548000921
150.7044385899171
150.7279996098261
150.75076091703573
150.77274500323134
150.79397380042212
150.8144686876303
150.83425049818183
150.85333952761334
150.87175554207778
150.88951778717407
150.90664499716982
150.92315540449275
150.9390667495122
150.95439629050207
150.96916081377597
150.98337664391823
150.997059654105
151.01022527645893
151.02288851241264
151.03506394307482
151.04676573951429
151.05800767301372
151.06880312521605
151.07916509818762
151.08910622433743
151.09863877620757
151.1077746761467
151.116525505791
151.12490251539677
151.1329166330106
151.14057847344736
151.14789834708498
151.15488626848747
151.1615519648347
151.16790488412957
151.17395420326926
151.1797088358675
151.18517743992464
151.19036842526373
151.19528996082673
151.19994998172353
151.20435619613477
151.208516092004
151.21243694355698
151.21612581763344
151.219589579849
151.22283490056773
151.22586826070687
151.22869595738453
151.23132410938874
151.23375866249185
151.23600539459855
151.23806992075313
151.2399576979771
151.24167402998017
151.24322407172443
151.24461283382627
151.24584518686203
151.24692586549918
151.2478594725353
151.2486504827924
151.24930324689544
151.24982199493604
151.25021084001517
151.25047378168574
151.25061470926778
151.25063740509339
151.25054554762315
151.2503427144602
151.25003238530462
151.2496179447695
151.2491026851491
151.24848980908283
1110.4239641071808
980.8116015505719
966.4075430119716
952.0201570909826
937.6569935479989
923.3292391513434
909.0483989709435
894.8258512782159
880.6728059957813
866.600308252966
852.6192343865442
838.7402727795941
824.9738895294997
811.3302809612153
797.8193159192364
784.450471225368
771.2327637830898
758.1746826392026
745.2841239566998
732.5683313792464
720.0338437488927
707.6864516131999
695.5311634654809
683.5721822170528
671.8128920174237
660.2558552162949
648.9028190043734
637.7547310672485
626.8117634407416
616.0733431288911
605.538191730738
595.2043648931777
585.0693015198651
575.1298738888275
565.3824405766537
555.8228991776376
546.4467440711694
537.249119595803
528.2248749159837
519.3686171840553
510.6747629859333
502.137587660335
493.7512721546461
485.509947151721
477.4077342646176
469.43878386687305
461.59731121062816
453.87762641150147
446.2741641402799
438.7815086840821
431.39441637394043
424.1078338258303
416.91691561595
409.81703672910555
402.8038095177305
395.87306763067465
389.02090896221773
382.2436740679239
375.53795414369677
368.9005906907809
362.3286734487913
355.8195367594388
349.37075452103255
342.98013389138134
336.6457078923995
330.3657270656289
324.1386503225695
317.96313512815124
311.8380271494324
305.76234949525093
299.73529166529136
293.7561983201528
287.8245579761188
281.9399917208877
276.1022420384606
270.3111618236233
264.56670365830274
258.8689094143298
253.217900239278
247.61386697439755
242.05706104632165
236.5477858670781
231.086388770198
225.6732535043159
220.30879329969736
214.99344452258796
209.72766088827728
204.51190833270476
199.34666037921647
194.2323816195539
189.16958555484757
184.15871179938608
179.20024096973265
174.294635561065
169.44234983334562
164.64382897804117
159.89950876101105
155.2098156203019
150.5751672017466
149.6111443623887
149.6684439209051
149.7241050378135
149.77815944595713
149.83064882114374
149.88160274647475
149.93105530078608
149.97904046322492
150.02559117592014
150.0707431104758
150.11452795952115
150.1569792451384
150.1981296065506
150.23801129118587
150.2766561220948
150.31409546921284
150.35036022429284
150.3854807791399
150.41948700703193
150.45240824701375
150.48427329085294
150.51511037248625
150.54494715973553
150.57381074810345
150.6017276565089
150.62872382473952
150.6548246125337
150.6800548000921
150.7044385899171
150.7279996098261
150.75076091703573
150.77274500323134
150.79397380042212
150.8144686876303
150.83425049818183
150.85333952761334
150.87175554207778
150.88951778717407
150.90664499716982
150.92315540449275
150.9390667495122
150.95439629050207
150.96916081377597
150.98337664391823
150.997059654105
151.01022527645893
151.02288851241264
151.03506394307482
151.04676573951429
151.05800767301372
151.06880312521605
151.07916509818762
151.08910622433743
151.09863877620757
151.1077746761467
151.116525505791
151.12490251539677
151.1329166330106
151.14057847344736
151.14789834708498
151.15488626848747
151.1615519648347
151.16790488412957
151.17395420326926
151.1797088358675
151.18517743992464
151.19036842526373
151.19528996082673
151.19994998172353
151.20435619613477
151.208516092004
151.21243694355698
151.21612581763344
151.219589579849
151.22283490056773
151.22586826070687
151.22869595738453
151.23132410938874
151.23375866249185
151.23600539459855
151.23806992075313
151.2399576979771
151.24167402998017
151.24322407172443
151.24461283382627
151.24584518686203
151.24692586549918
151.2478594725353
151.2486504827924
151.24930324689544
151.24982199493604
151.25021084001517
151.25047378168574
151.25061470926778
151.25063740509339
151.25054554762315
151.2503427144602
151.25003238530462
151.2496179447695
151.2491026851491
151.24848980908283
