1.1178
0.04429238483834446
0.0438508819990328
0.043562782803054444
0.04333880305534416
0.043177443297380776
0.043062590799992466
0.042984751964511084
0.04293683663120901
0.042913443313389664
0.04291038269749451
0.042924353643621745
0.0429527176628672
0.04299333923504328
0.043044470344569624
0.04310466583826984
0.04317272004049751
0.043247619036300054
0.04332850382150989
0.04341464192171073
0.04350540500429354
0.043600251112037657
0.043698710480491905
0.043800374106450886
0.04390488442258021
0.04401192758505434
0.044121227213315184
0.0442325390776425
0.04434564676430873
0.04446035792889945
0.04457650120777083
0.044693923505058415
0.04481248777304033
0.04493207101143209
0.04505256264775777
0.04517386308131811
0.04529588237542875
0.045418539185088626
0.04554175982407928
0.04566547744445418
0.0457896312298088
0.04591416582729461
0.04603903070204151
0.0461641797117928
0.04628957060618815
0.046415164658802605
0.0465409262960471
0.04666682279542872
0.046792823994268484
0.046918902078721805
0.04704503129945016
0.04717118781286584
0.04729734949395249
0.047423495773460646
0.04754960749056716
0.04767566676714807
0.047801656903948865
0.047927562224568156
0.048053368050717006
0.04817906057458102
0.04830462678406039
0.04843005440405237
0.048555331825876846
0.04868044804865895
0.04880539263740896
0.048930155665402195
0.04905472767882764
0.049179099650227744
0.049303262947511306
0.049427209330562084
0.04955093086371899
0.049674419933208445
0.04979766922786169
0.049920671658338536
0.05004342041621033
0.050165908959145696
0.05028813085315651
0.05041007998306628
0.05053175031021588
0.050653136051048014
0.05077423155435156
0.0508950312968236
0.05101552992777992
0.05113572222770898
0.05125560309978187
0.05137516755441208
0.0514944107572942
0.051613327947045436
0.05173191447677403
0.05185016580441374
0.05196807747709925
0.052085645143721125
0.05220286453012434
0.05231973145997791
0.05243624183620533
0.05255239164670488
0.052668176954820095
0.05278359390515426
0.05289863871849107
0.053013307691681874
0.05312759719189974
0.05324150367792718
0.05335502364585926
0.053468153691089995
0.05358089047956202
0.05369323073912952
0.053805171278777424
0.0539167089711304
0.05402784076268083
0.054138563673727894
0.054248874793562156
0.05435877128324989
0.05446825038207847
0.054577309392101335
0.054685945702873176
0.054794156752689484
0.05490194010043442
0.05500929334144893
0.055116214156482754
0.055222700309976516
0.05532874963870546
0.05543436006895766
0.0555395295916503
0.055644256293328836
0.05574853833972281
0.05585237397224139
0.0559557615306256
0.056058699424632326
0.056161186162200165
0.0562632203375378
0.056364800636333375
0.0564659258273136
0.056566594776330095
0.06181459458456061
0.06177237630151001
0.06173836619496224
0.06171200227096344
0.061692760822517706
0.06168015440118728
0.06167372958876614
0.06167306466557633
0.061677767298475454
0.06168747237437753
0.061701839891667165
0.06172055306057326
0.06174331650765285
0.06176985462356793
0.061799910067074255
0.061833242364727266
0.06186962665750593
0.0619088525131798
0.061950722889526834
0.06199505313813027
0.062041670110539994
0.06209041135159166
0.06214112433609291
0.0621936657760039
0.062247900986867624
0.062303703298764744
0.06236095353186231
0.06241953947066527
0.06247935543188072
0.06254030184019868
0.06260228480362129
0.06266521579765708
0.0627290112951371
0.06279359247540807
0.06285888491814336
0.06292481835245498
0.06299132639898161
0.0630583463376623
0.0631258189039095
0.06319368808313641
0.06326190090117682
0.06333040730224136
0.0633991599464907
0.06346811406832863
0.06353722734876865
0.06360645978186112
0.06367577354214968
0.0637451328938039
0.06381450408522031
0.0638889925031339
0.06395832536663915
0.0640275801032064
0.06409149634543121
0.06416048357454902
0.06422931706627294
0.06429797481702985
0.06436643634819982
0.06443468268055336
0.06450269638657484
0.06457046163449694
0.06463796432071232
0.06470519222781936
0.0647721353318978
0.06483878625202426
0.06490514098813398
0.06497120011959165
0.06503697089494358
