0.000273452
0.00028078737576303983
0.00028787311434051965
0.0002951225947729616
0.00030247794946408775
0.00030990131638614234
0.0003173688067230374
0.00032486509058019794
0.0003323800689050585
0.0003399068349732017
0.00034744042688993526
0.00035497706501630395
0.00036251368649351304
0.0003700476616754611
0.00037757662187196735
0.000385098355165685
0.0003926107438416475
0.00040011172724698353
0.00040759928019158654
0.00041507140085100564
0.00042252610448721716
0.00042996142074174854
0.0004373753931346002
0.00044476607993933936
0.0004521315559328386
0.00045946991471896475
0.0004667792714488607
0.00047405776583669875
0.00048130356541768883
0.0004885148690258569
0.000495689910489893
0.0005028269625603826
0.0005099243410937784
0.0005169804095292843
0.0005239935837055402
0.0005309623370756702
0.000537885206392348
0.0005447607979499775
0.0005515877944893684
0.0005583649628922155
0.0005650911628190991
0.0005717653564764351
0.0005783866197359591
0.0005849541548757102
0.0005914673052652539
0.0005979255723801098
0.0006043286356022499
0.0006106763753375401
0.0006169689000624186
0.0006232065779743504
0.0006293900739530582
0.0006355203913678707
0.0006415989263015571
0.0006476275162481341
0.0006536085056412173
0.000659544808923446
0.0006654399714319064
0.0006712982162717419
0.0006771244583866843
0.0006829242558605776
0.0006887036548131416
0.000694468872252192
0.0007002257614873528
0.0007059790359064635
0.0007117313095920436
0.000717482146300891
0.0007232274339208065
0.0007289594039205122
0.0007346674115975713
0.0007403392640048352
0.0007459626551941985
0.0007515262915278373
0.0007570205638788617
0.0007624376930966125
0.0007677716429230029
0.0007730178554553436
0.0007781729547621047
0.0007832344744393815
0.0007882006330512964
0.0007930701598917734
0.0007978421644526995
0.0008025160410478331
0.0008070914002683045
0.0008115680201219984
0.0008159458112943096
0.0008202247924286953
0.000824405072445049
0.0008284868377737015
0.0008324703430111125
0.0008363559039487712
0.0008401438922447994
0.0008438347312307278
0.0008474292461867698
0.0008509275155604868
0.0008543301314093325
0.0008576373549284042
0.0008608502830822195
0.0008639695659223472
0.0008669958979977307
0.0008699300133259818
0.0008727727192745199
0.000875524763969584
0.0008781869834774389
0.0008807602387277911
0.00088324541431125
0.000885643417258449
0.00088795517568948
0.0008901816373954149
0.0008923237683901294
0.0008943825514558267
0.0008963589846968568
0.0008982540801111255
0.0009000688621850977
0.000901804366516543
0.0009034616384678724
0.000905041731852203
0.000906545707653761
0.0009079746327838741
0.000909329578873599
0.0009106116211037831
0.000911821837073232
0.0009129613057055257
0.0009140311061948893
0.0009150323169914072
0.0009159660148257879
0.0009168332737737924
0.0009176351643603155
0.0009183727527030608
0.0009190470996956441
0.0009196592602299055
0.0009202102824570874
0.0009207012070875729
0.0009211330667286874
0.0009215068852600833
0.0009218236772461747
0.0009220844473849956
0.0009222901899928516
0.0009224418885240667
0.0009225405151250913
0.0009225870302222161
0.0009225823821420751
0.0009225275067641518
0.0009224233272043845
0.0009222707535290626
0.000922070682498078
0.0009218239973366567
0.0009215315675346447
0.0009211942486724407
0.0009208128822726334
0.0009203882956764103
0.0009199213019438289
0.0009194126997769851
0.000918863273465179
0.0009182737928511438
0.0009176450133174048
0.0009169776757919059
0.0009162725067719547
0.0009155302183656435
0.0009147515083498331
0.0009139370602439014
0.0009130875433983381
0.0009122036130974339
0.0009112859106752014
0.0009103350636437779
0.0009093516858335052
0.0009083363775439638
0.0009072897257052109
0.0009062123040485267
0.0009051046732859553
0.000903967381298004
0.0009028009633288318
0.0009016059421882984
0.0009003828284602771
0.000899132166143685
0.0008978543952470303
0.0008965499917190872
