-0.20057645991870948
-0.02726276287172358
-0.028776848163786697
-0.03028247358688681
-0.03177954309679086
-0.03326806148780115
-0.03474808003306758
-0.03621965945528216
-0.03768300845875642
-0.03913820031660394
-0.040585446860594565
-0.04202495757500084
-0.04345696278437168
-0.04488170976477053
-0.04629945894366599
-0.047710480291023344
-0.049115049964839806
-0.05051344725400524
-0.05190595184373947
-0.05329284141395686
-0.05467438956962932
-0.05605086409221306
-0.05742252549608075
-0.058789625867353514
-0.06015240796082761
-0.06151110452913804
-0.06286593785711313
-0.06421711947558692
-0.06556485002963429
-0.06690931927782776
-0.06825070620066573
-0.06958917919916906
-0.07092489636526346
-0.07225800580910985
-0.07358905339456187
-0.07491694648239172
-0.07624302732924411
-0.07756700089234411
-0.07888897141299063
-0.08020903566146169
-0.08152728337398542
-0.08284379767971745
-0.08415865551565271
-0.08547192802765177
-0.08678368095518996
-0.0880939749996619
-0.08940286617446119
-0.09071040613728432
-0.0920166425042206
-0.09332161914548076
-0.0946253764636765
-0.095927951654675
-0.09722937895159779
-0.09852968985305163
-0.09982891333562212
-0.10112707605177992
-0.10242420251413747
-0.10372031526615821
-0.10501543504098929
-0.1063095809081132
-0.10760277040947493
-0.10889501968531533
-0.11018634359037625
-0.11147675580142478
-0.11276626891634385
-0.11405489454565167
-0.11534264339669739
-0.11662952535170987
-0.11791554953924074
-0.11920072440033377
-0.12048505774907825
-0.12176855682893288
-0.12305122836391136
-0.12433307860628277
-0.12561411338012718
-0.12689433812159426
-0.12817375791588492
-0.129452377531464
-0.13073020145117187
-0.13200723390172034
-0.1332834788797275
-0.13455894017690004
-0.13583362148876102
-0.13710752609014198
-0.13838065737322888
-0.13965301852113512
-0.14092461260527042
-0.14219544260951558
-0.14346551143899444
-0.14473482193461215
-0.14600337688446377
-0.14727117904169232
-0.14853823103113747
-0.1498045357443263
-0.1510700957826803
-0.15233491384195436
-0.1535989926282893
-0.15486233486632037
-0.15612494330778143
-0.157386820739583
-0.15864796999148453
-0.1599083939440328
-0.16116809553618475
-0.16242707777271662
-0.16368534373217877
-0.16494289657432093
-0.16619973954814496
-0.16745587599964748
-0.1687113093802767
-0.1699660432552545
-0.17122008131233077
-0.17247342737125848
-0.17372608539346085
-0.174978059492027
-0.17622935394283032
-0.1774799731959788
-0.17872992188827683
-0.17997920485651106
-0.1812278271515806
-0.18247579405420916
-0.18372311109142722
-0.1849697840551368
-0.18621581902145398
-0.18746122237280657
-0.18870600082164965
-0.18995016143637186
-0.19119371167024982
-0.1924366593931207
-0.19367901292691844
-0.19492078108440639
-0.19616197321298726
-0.1974025992434095
-0.1986426697441492
-0.19988219598305185
-0.2011211899962577
-0.2023596646663375
-0.20359763381142976
-0.20483511228616713
-0.20607211609754106
-0.20730866253788244
-0.20854477033843039
-0.2097804598467362
-0.2110157532343253
-0.2122506747389774
-0.2134852509503894
-0.21471951114875185
-0.21595348770839154
-0.2171872165826401
-0.2184207378909186
-0.21965409663524968
-0.22088734358277165
-0.22212053636443754
-0.22335374085689202
-0.22458703294330665
-0.22582050078666763
-0.2270542478121579
-0.22828839668557457
-0.2295230947293543
-0.23075852146411693
-0.23199489939022974
-0.23323250989206065
-0.23447171758518298
-0.23571300932121483
-0.23695707484787926
-0.23820487612996985
-0.23945796199248595
-0.2407189863213223
-0.2419933507010189
-0.24329625888937073
-0.24276066245532868
-0.24395923420870944
-0.24515709043985393
-0.2463541983258716
-0.2475505542607358
-0.2487461588025437
-0.2499410130970238
-0.25113511836759106
-0.2523284758450273
-0.25352108675983326
-0.2547129523433275
-0.2559040738295963
-0.2570944524568142
-0.25828408946938713
-0.2594729861184738
-0.26066114366322
-0.2618485633714429
-0.263035246520237
-0.2642211943963269
-0.2654064082962389
-0.26659088952671217
-0.26777463940446244
-0.2689576592565198
-0.2701399504197868
-0.2713215142409457
-0.2725023520766783
-0.2736824652928748
-0.2748618552648284
-0.2760405233764365
-0.277218471020662
-0.2783956995982286
