0.021024372729333052
0.02134663059367119
0.021674101927932184
0.022006836796888248
0.022344883621340912
0.022688288315241407
0.023037093926687777
0.023391340348965436
0.02375106403717683
0.024116297721877216
0.024487070119395268
0.02486340563960817
0.02524532409198673
0.02563284039065687
0.026025964259181165
0.02642469993576745
0.026829045879657964
0.02723899447953553
0.02765453176489292
0.028075637121440185
0.0285022830117638
0.02893443470259432
0.02937205000018066
0.02981507899540421
0.030263463820391273
0.03071713841849532
0.03117602832961826
0.03164005049292106
0.03210911306903572
0.032583115283932734
0.03306194729661736
0.0335454900928254
0.034033615406857474
0.034526185673639284
0.03502305401301121
0.03552406424814192
0.036029050959817815
0.03653783957820038
0.037050246513438786
0.03756607932630524
0.038085136939767485
0.03860720989213561
0.03913208063211938
0.039659523855810196
0.04018930688526197
0.04072119008799083
0.0412549273363489
0.04179026650535683
0.042326950007209686
0.04286471536030042
0.04340329579025032
0.043942420860091425
0.044481817126421665
0.045021208818058676
0.045560318533447344
0.046098867952873684
0.04663657856121481
0.047173172377053915
0.04770837268364029
0.04824190475723687
0.048773496588367576
0.0493028795915183
0.049829789298935966
0.05035396603431184
0.0508751555623189
0.051393109710204075
0.051907586957904775
0.052418352993464035
0.05292518123085474
0.05342785328768424
0.05392615942063366
0.05441989891688036
0.054908880440159215
0.05539292233052446
0.055871852857278775
0.056345510424933735
0.05681374373244864
0.057276411886361824
0.05773338446877015
0.05818454156143431
0.058629773727575454
0.05906898195319096
0.059502077549943126
0.05992898202187172
0.06034962689834086
0.06076395353575956
0.06117191289071155
0.06157346526717882
0.061968580040621765
0.06235723536160499
0.06273941776113343
0.06311512214217027
0.06348435095957498
0.06384711418585838
0.06420342887321603
0.06455331878920131
0.06489681404931907
0.06523395030262127
0.06556476825765177
0.0658893249214326
0.0662076820564342
0.06651990580377709
0.06682606631203103
0.0671262373760119
0.06742049608688054
0.0677089224943537
0.06799159928170097
0.06826861145399875
0.06854004604003375
0.06880599180813464
0.06906653899607393
0.06932177905510313
0.06957180440809309
0.06981670822167152
0.07005658419218057
0.07029152634521488
0.07052162884844788
0.07074698583740759
0.07096769125382493
0.071183838696146
0.07139552128177291
0.07160283152057928
0.07180586119923033
0.07200470127582839
0.07219944178439816
0.07239017174872421
0.07257697910505445
0.07275995063318755
0.0729391718954687
0.07311472718322774
0.07328669947020355
0.07345517037251174
0.07362022011472583
0.0737819275016571
0.07394036989543334
0.07409562319749295
0.07424776183512735
0.07439685875222118
0.07454298540385643
0.07468621175446345
0.0748266062792187
0.07496423596840433
0.07509916633446231
0.07523146142148997
0.07536118381693996
0.07548839466530194
0.0756131536835576
0.07573551917821465
0.07585554806373755
0.07597329588220683
0.07608881682404928
0.07620216374969381
0.07631338821201807
0.0764225404794613
0.07652966955968886
0.0766348232237027
0.07673804803030053
0.07683938935079575
0.07693889139391588
0.07703659723080647
0.07713254882007262
0.07722678703279715
0.07731935167748064
0.07741028152485317
0.0774996143325134
0.07758738686935486
0.07767363493974414
0.07775839340741916
0.07784169621908008
0.07792357642764822
0.07800406621517197
0.07808319691536184
0.07816099903573827
0.07823750227938027
0.07831273556626324
0.07838672705417779
0.07845950415922243
0.07853109357586531
0.07860152129657141
0.07867081263099272
0.07873899222472125
0.07880608407760463
0.07887211156162582
0.07893709743834948
0.07900106387593764
0.07906403246573902
0.07912602423845622
0.07918705967989595
0.0792471587463079
0.07930634087931844
0.07936462502046525
0.07942202962533995
0.07947857267734555
0.07953427170107605
0.0795891437753255
0.07964320554573442
0.07969647323708082
0.07974896266522395
0.0798006892487084
0.07985166802003656
