194196.366
364833.76381755987
363907.339326928
363029.04899058526
362199.1621480295
361417.7326771574
360684.56425962684
359999.21139523725
359360.99094896944
358768.99864480406
358222.128877405
357719.0969203715
357258.46273184294
356838.65560042014
356457.99892752245
356114.7345173149
355807.0458377823
355533.0798190941
355290.96686110087
355078.83882455324
354894.8448757367
354737.16513836535
354604.0221778122
354493.6904002879
354404.5034935578
354334.8600670791
354283.2276693728
354248.1453706388
354228.22510076367
354222.151928656
354228.68345984904
354246.64851690346
354274.9452525668
354312.5388298469
354358.4587869743
354411.7961892273
354471.7006542766
354537.3773233249
354608.08383715485
354683.12736425316
354761.8617176563
354843.6845878487
354928.0349111105
355014.39038588415
355102.26514409034
355191.2075796345
355280.798332617
355370.64842479187
355460.39753961476
355549.71243856824
355638.28550438135
355725.83340109076
355812.09584061586
355896.8344455295
355979.83169795736
356060.8899649893
356139.83311466617
356216.49577107705
356290.73650145833
356362.42924789095
356431.4632684467
356497.7430075802
356561.187445066
356621.7294687886
356679.3152688643
356733.9037504339
356785.46596298064
356833.9845443958
356879.4531787989
356921.87606661685
356961.2674068909
356997.6508909871
357031.06396112114
357061.53884611593
357089.1290130982
357113.89128530666
357135.889616521
357155.19465339306
357171.883309542
357186.0383521784
357197.74799989397
357207.1055342738
357214.2089228836
357219.16045518935
357222.0663908922
357223.0366207065
357222.184339484
357219.62573154754
357215.47966805956
357209.867416217
357202.9123600319
357194.7397324276
357185.47635836364
357175.2504086767
357164.19116431754
357152.42879064585
357140.0941214437
357127.3184522978
357114.23334300687
357100.9704286647
357087.6612390755
357074.43702616583
357061.4285990604
357048.7661664976
357036.5791862746
357024.9962214174
357014.1448027818
357004.1512978062
356995.14078514604
356987.2369349321
356980.5618944085
356975.2361787116
356971.3785665754
356969.10600074526
356968.5334929035
356969.7740329219
356972.9377710967
356978.1348519027
356985.47097411694
356995.0502129438
357006.9742273761
357021.34219176555
357038.248264802
357057.7915024962
357080.06062328094
357105.14428202284
357133.1283247613
357164.0957652847
357198.12674184184
357235.29847337946
357275.68521801155
357319.35823406716
357366.385743739
357416.8354801854
357470.7642331426
357528.23364920076
357589.299461028
357654.01424972544
357722.42740009265
357794.58507887943
357870.53021854843
357950.3025040826
358033.93836252025
358121.4709552016
358212.93017276225
358308.3426329115
358407.73168104567
358511.1173937406
358618.5165851728
358729.9428165185
358845.40640838083
358964.91445629136
359088.4708493332
359216.07629193144
359347.7283288469
359483.4213734178
359623.1467390713
359766.89267414075
359914.6444000031
360066.3841525493
360222.09122699883
360381.74202604836
360545.3101113476
360712.7662582791
360884.0785140141
361059.21225879696
361238.13027041464
361420.7927917817
361607.15760157234
361797.1800878089
361990.8133243199
362188.0081499502
362388.71325041493
362592.8752426631
362800.4387616141
363011.3465491195
363225.53955143655
363442.9569799159
363663.53647016664
363887.21411370655
364113.92458780244
364343.60124771594
364576.1762263698
364811.5805347689
365049.7441629653
365290.59618136304
365534.0648421446
365780.077680613
366028.5616162343
366279.44305317244
366532.6479801108
366788.10206915095
367045.73077359755
367305.45942442457
367567.21332524216
367830.9178455858
368096.498512324
368363.88109907723
368632.9917134177
368903.75688175624
