85.476105
67.46841249757415
66.79985336449654
66.20549660336063
65.65009908397442
65.11835721114795
64.60339545912144
64.10193159756456
63.612240289421266
63.133290998206526
62.66437957784628
62.204968011142405
61.75461239449771
61.312928743455416
60.87957534888605
60.454242655583116
60.03664678227979
59.62652497342693
59.22363219563423
58.82773848957303
58.43862686473836
58.05609160693327
57.679936910047196
57.30997576712071
56.946029070425354
56.587924880578726
56.23549783228727
55.888573549448765
55.54702899719115
55.21070050042938
54.879444951801624
54.55312411970233
54.231604458768196
53.91475694584643
53.60245693566082
53.29458403091043
52.991021962600676
52.69165847734752
52.396385229055525
52.10509767309587
51.81769496154234
51.53407983851407
51.25415853499189
50.977840662785205
50.70503910751342
50.43566992070373
50.16965221117248
49.906908035996565
49.64736229143182
49.3909426041919
49.13757922347167
48.88720491416255
48.63975485164284
48.39516651852804
48.153379603723174
47.91433590408403
47.67797922896052
47.44425530784417
47.2131117012841
46.984497715237254
46.75836431894184
46.53466406635286
46.31335102120786
46.094380685679454
45.87770993259677
45.66329694119186
45.45110113625066
45.24108313062842
45.03320467096164
44.82742858650227
44.623718740900024
44.42203998683894
44.222358123342794
44.02463985564491
43.82885275745574
43.634965235489275
43.44294649612665
43.252766514050855
43.06439600275795
42.8778063867918
42.69296977559093
42.50985893884211
42.32844728322234
42.14870883043466
41.970618196439595
41.79415057179446
41.6192817030287
41.44598787495048
41.274245893859884
41.104033071551605
40.93532721009125
40.76810658728097
40.602349942784834
40.438036464847585
40.27514577758362
40.11365792878975
39.95355337823441
39.79481298642212
39.63741800376869
39.48135006018588
39.326591155042074
39.17312364747304
39.02093024703348
38.86999963711766
38.72029830396911
38.57182685288356
38.42456367478828
38.278493101782324
38.13359976616602
37.98986859319726
37.847284793872745
37.70583385793112
37.565501547044015
37.42627388822494
37.28813716741118
37.151077923237686
37.01508294098732
36.880139246708445
36.74623410149941
36.6133549959504
36.481489644738446
36.35062598137518
36.22075215309027
36.091856515864016
35.963927629582976
35.8369542533376
35.710925340839644
35.58583003596266
35.461657668400235
35.3383977494464
35.216039967881876
35.094574185965854
34.973990435540784
34.85427891423667
34.73542998177179
34.617434156354314
34.50028211117221
34.38396467097922
34.26847280876536
34.15379764251685
34.039930432054774
33.92686257595983
33.81458560857072
33.70309119706137
33.59237113859518
33.48241735754554
33.37322190279167
33.26477694507846
33.15707477444717
33.05010779772781
32.94386853609393
32.83834962267773
32.73354380024879
32.62944391894633
32.526042934064996
32.42333390390494
32.321309987663945
32.219964443385635
32.1192906259628
32.01928198517876
31.919932063806115
31.821234495745816
31.72318300421535
31.62577139997441
31.528993579601277
31.432843523804372
31.33731529577576
31.242403039587018
31.148100978616192
31.05440341401914
30.9613047232374
30.868799358530058
30.776881845555486
30.685546781975866
30.594788836098047
30.50460274554448
30.414983315958384
30.325925419732716
30.2374239947788
30.14947404330778
30.062070630658294
29.97520888413596
29.888883991887923
29.80309120179926
29.71782582041732
29.633083211895695
29.548858796969313
29.465148051943313
29.381946507715583
29.299249748809377
29.217053412438823
29.135353187586553
29.05414481410538
28.973424081843053
28.893186829777722
28.813428945181055
28.734146362797247
28.655335064036553
28.576991076190943
28.499110471664
