-61.33412236374582
-43.651514913908514
-43.62209303281991
-43.59217767162555
-43.56169668121559
-43.53062764155412
-43.49895372217223
-43.46665874494479
-43.433726631234975
-43.40014133559877
-43.36588683376888
-43.33094711702769
-43.29530618767688
-43.25894805502407
-43.22185673183335
-43.18401623123954
-43.145410564136995
-43.10602373705202
-43.065839750510065
-43.02484259790805
-42.98301626490406
-42.9403447293351
-42.89681196167637
-42.85240192605412
-42.80709858182523
-42.76088588573747
-42.7137477946844
-42.6656682690687
-42.61663127679012
-42.56662079787186
-42.51562082974188
-42.463615393184405
-42.41058853897805
-42.356524355236786
-42.30140697547019
-42.24522058737949
-42.18794944240619
-42.12957786604952
-42.07009026896961
-42.00947115889192
-41.94770515332975
-41.88477699313949
-41.82067155692425
-41.75537387629974
-41.68886915203673
-41.621142771092124
-41.55218032454086
-41.48196762641904
-41.41049073348757
-41.33773596592382
-41.26368992894839
-41.1883395353896
-41.11167202918956
-41.03367500985065
-40.954336457821285
-40.87364476081456
-40.791588741053026
-40.708157683428304
-40.62334136456188
-40.5371300827484
-40.44951468876199
-40.360486617498516
-40.270037920425764
-40.17816129880802
-40.084850137664176
-39.99009854042326
-39.893901364216255
-39.79625425576894
-39.69715368782066
-39.59659699601476
-39.49458241618779
-39.391109121981664
-39.28617726269854
-39.179788001309596
-39.07194355252496
-38.96264722082443
-38.85190343834352
-38.739717802502305
-38.62609711325905
-38.51104940986464
-38.39458400698716
-38.276711530071275
-38.15744394979127
-38.03679461545061
-37.914778287176965
-37.79141116675676
-37.66671092694869
-37.54069673911229
-37.41338929898459
-37.28481085043508
-37.15498520702691
-37.023937771211045
-36.89169555098006
-36.75828717380736
-36.62374289769949
-36.488094619190385
-36.35137587810949
-36.213621858960025
-36.07486938874663
-35.93515693110048
-35.79452457655302
-35.653014028821524
-35.5106685869757
-35.367533123366854
-35.22365405721166
-35.07907932373669
-34.933858338801365
-34.78804195893538
-34.64168243674004
-34.49483337162258
-34.347549655849704
-34.19988741592686
-34.05190394933057
-33.903657656642864
-33.75520796915742
-33.60661527205401
-33.45794082325744
-33.30924687583135
-33.16059576974505
-33.012051048769095
-32.86367656959238
-32.715536597081275
-32.567695701115916
-32.420218650628826
-32.27317030516178
-32.12661550427801
-31.980618955187154
-31.835245118961105
-31.690558095735827
-31.546621509312892
-31.403498391585657
-31.261251067229857
-31.11994103910565
-30.979628874826346
-30.840374094951933
-32.253118597420944
-32.68224384084255
-33.09282839997312
-33.487336853731215
-33.867800337504995
-34.23591807983205
-34.59312676527177
-34.94065194648082
-35.27954707711885
-35.61072360282088
-35.93497446934275
-36.25299271512085
-36.56538634622804
-36.87269036653449
-37.17537660702143
-37.47386183488787
-37.76851450503245
-38.059660430147076
-38.34758758176118
-38.63255018682028
-38.91477224832187
-39.1944505910381
-39.47175751223099
-39.746843100865256
-40.01983727600499
-40.2908515849582
-40.559980793687906
-40.827304295507936
-41.092887358836734
-41.35678223039164
-41.61902910657999
-41.871076968517976
-42.11044909745422
-42.347494343756175
-42.58222502913594
-42.814645611095244
-43.04474819617711
-43.2725160143015
-43.49792249750261
-43.72093093201171
-43.94149397958386
-44.159552974988735
-44.37503695863853
-44.58786139117784
-44.797926480922726
-45.00511503408532
-45.209289709677535
-45.41028952323028
-45.607925391928546
-45.80197444267731
-45.99217270540796
-46.178205673452005
-46.359696011389005
-46.53618739704716
-46.70712304921472
-46.87181683544968
-47.02941384160859
-47.17883568741544
-47.318703287270566
-47.44722544736723
-47.56203426572219
-47.65993499988209
-47.736513125083114
-47.78549192894712
-47.79762958242616
-61.33412236374582
-43.651514913908514
-43.62209303281991
-43.59217767162555
-43.56169668121559
-43.53062764155412
-43.49895372217223
-43.46665874494479
-43.433726631234975
-43.40014133559877
-43.36588683376888
-43.33094711702769
-43.29530618767688
-43.25894805502407
-43.22185673183335
-43.18401623123954
-43.145410564136995
-43.10602373705202
-43.065839750510065
-43.02484259790805
-42.98301626490406
-42.9403447293351
-42.89681196167637
-42.85240192605412
-42.80709858182523
-42.76088588573747
-42.7137477946844
-42.6656682690687
-42.61663127679012
-42.56662079787186
-42.51562082974188
-42.463615393184405
-42.41058853897805
-42.356524355236786
-42.30140697547019
-42.24522058737949
-42.18794944240619
-42.12957786604952
-42.07009026896961
-42.00947115889192
-41.94770515332975
-41.88477699313949
-41.82067155692425
-41.75537387629974
-41.68886915203673
-41.621142771092124
-41.55218032454086
-41.48196762641904
-41.41049073348757
-41.33773596592382
-41.26368992894839
-41.1883395353896
-41.11167202918956
-41.03367500985065
-40.954336457821285
-40.87364476081456
-40.791588741053026
-40.708157683428304
-40.62334136456188
-40.5371300827484
-40.44951468876199
-40.360486617498516
-40.270037920425764
-40.17816129880802
-40.084850137664176
-39.99009854042326
-39.893901364216255
-39.79625425576894
-39.69715368782066
-39.59659699601476
-39.49458241618779
-39.391109121981664
-39.28617726269854
-39.179788001309596
-39.07194355252496
-38.96264722082443
-38.85190343834352
-38.739717802502305
-38.62609711325905
-38.51104940986464
-38.39458400698716
-38.276711530071275
-38.15744394979127
-38.03679461545061
-37.914778287176965
-37.79141116675676
-37.66671092694869
-37.54069673911229
-37.41338929898459
-37.28481085043508
-37.15498520702691
-37.023937771211045
-36.89169555098006
-36.75828717380736
-36.62374289769949
-36.488094619190385
-36.35137587810949
-36.213621858960025
-36.07486938874663
-35.93515693110048
-35.79452457655302
-35.653014028821524
-35.5106685869757
-35.367533123366854
-35.22365405721166
-35.07907932373669
-34.933858338801365
-34.78804195893538
-34.64168243674004
-34.49483337162258
-34.347549655849704
-34.19988741592686
-34.05190394933057
-33.903657656642864
-33.75520796915742
-33.60661527205401
-33.45794082325744
-33.30924687583135
-33.16059576974505
-33.012051048769095
-32.86367656959238
-32.715536597081275
-32.567695701115916
-32.420218650628826
-32.27317030516178
-32.12661550427801
-31.980618955187154
-31.835245118961105
-31.690558095735827
-31.546621509312892
-31.403498391585657
-31.261251067229857
-31.11994103910565
-30.979628874826346
-30.840374094951933
-32.253118597420944
-32.68224384084255
-33.09282839997312
-33.487336853731215
-33.867800337504995
-34.23591807983205
-34.59312676527177
-34.94065194648082
-35.27954707711885
-35.61072360282088
-35.93497446934275
-36.25299271512085
-36.56538634622804
-36.87269036653449
-37.17537660702143
-37.47386183488787
-37.76851450503245
-38.059660430147076
-38.34758758176118
-38.63255018682028
-38.91477224832187
-39.1944505910381
-39.47175751223099
-39.746843100865256
-40.01983727600499
-40.2908515849582
-40.559980793687906
-40.827304295507936
-41.092887358836734
-41.35678223039164
-41.61902910657999
-41.871076968517976
-42.11044909745422
-42.347494343756175
-42.58222502913594
-42.814645611095244
-43.04474819617711
-43.2725160143015
-43.49792249750261
-43.72093093201171
-43.94149397958386
-44.159552974988735
-44.37503695863853
-44.58786139117784
-44.797926480922726
-45.00511503408532
-45.209289709677535
-45.41028952323028
-45.607925391928546
-45.80197444267731
-45.99217270540796
-46.178205673452005
-46.359696011389005
-46.53618739704716
-46.70712304921472
-46.87181683544968
-47.02941384160859
-47.17883568741544
-47.318703287270566
-47.44722544736723
-47.56203426572219
-47.65993499988209
-47.736513125083114
-47.78549192894712
-47.79762958242616
