1.5000056623079936
1.4968332425282758
1.4970889911622531
1.4978217207230475
1.4985883436246168
1.499320203065243
1.5000049342710735
1.5006393131368663
1.5012222805755513
1.5017538583568908
1.5022349016900756
1.502666956248501
1.5030521223308226
1.5033929203718335
1.5036921634801759
1.5039528423249948
1.5041780257327573
1.5043707784613158
1.5045340961069067
1.504670856032997
1.5047837825492643
1.504875424243619
1.5049481412975316
1.5050041007136044
1.5050452775871492
1.5050734608082377
1.5050902618501758
1.505097125558015
1.5050953420866955
1.5050860593466462
1.5050702954356356
1.5050489508295986
1.505022819947539
1.5049926020572308
1.5049589113934707
1.5049222865105176
1.5048831987129878
1.5048420598151342
1.5047992290821355
1.5047550194772046
1.5047097032541858
1.504663516947613
1.5046166658140359
1.5045693277753591
1.504521656912976
1.5044737865576232
1.5044258320221926
1.504377892983888
1.5043300556286856
1.5042823944864754
1.504234974055425
1.504187850239711
1.504141071559916
1.5040946802460182
1.504048713221355
1.5040032026823298
1.503958177120203
1.5039136617051951
1.5038696788293375
1.5038262485365224
1.5037833888802306
1.5037411162210927
1.5036994454721133
1.503658390298545
1.5036179632784434
1.5035781760295335
1.5035390393071775
1.5035005630779188
1.5034627565725835
1.503425628322391
1.503389186181206
1.5033534373367756
1.5033183883131807
1.503284044966872
1.5032504124779316
1.5032174953382484
1.5031852973379827
1.5031538215512332
1.5031230703222
1.5030930452522464
1.5030637471886918
1.503035176215668
1.5030073316473451
1.5029802120237952
1.5029538151095356
1.5029281378947916
1.5029031765990792
1.5028789266786726
1.5028553828331472
1.5028325390178783
1.5028103994546318
1.5027889248667077
1.5027681365337084
1.5027480178337722
1.502728558348788
1.5027097477656093
1.5026915752138439
1.5026728335438253
1.5026480276773302
1.5026232995695536
1.5025993006679876
1.5025760691435792
1.502553577451471
1.502531793937232
1.5025106891023352
1.502490236006103
1.5024704101000712
1.5024511887091656
1.5024325509755885
1.5024144775276158
1.502396950292195
1.502379952324685
1.5023634676619506
1.5023474811967503
1.5023319785703793
1.5023169460813304
1.502302370607519
1.5022882395403674
1.5022745407289433
1.5022612624327494
1.5022483932819968
1.5022359222440973
1.5022238385956153
1.502212131898778
1.5022007919817866
1.5021898089225576
1.5021791730350451
1.5021688748578825
1.5021589051450768
1.5021492548581672
1.5021399151596475
1.5021308774075985
1.5021221331510808
1.5021136741262346
1.5021054922529666
1.5020975796320386
1.5020899285424414
1.5020825314390802
1.5020753809505814
1.5020684698772397
1.502061791189015
1.5020553380235815
1.5020491036843877
1.5020430816386179
1.5020372655152403
1.5020316491029444
1.502026226348006
1.502020991352084
1.5020159383700797
1.5020110618077078
1.5020063562192378
1.5020018163050293
1.501997436909009
1.501993213016253
1.5019891397502907
1.5019852123706001
1.5019814262698488
1.5019777769713272
1.5019742601261674
1.5019708715106548
1.5019676070235237
1.50196446268319
1.5019614346250119
1.501958519098611
1.501955712465131
1.5019530111944805
1.5019504118627371
1.5019479111494367
1.5019455058349067
1.5019431927976925
1.5019409690119923
1.5019388315450533
1.501936777554716
1.501934804286941
1.5019329090733369
1.5019310893288282
1.5019293425492382
1.5019276663090777
1.5019260582592242
1.501924516124733
1.5019230377026886
1.5019216208600725
1.5019202635316942
1.5019189637181904
1.5019177194840487
1.5019165289556713
1.501915390319509
1.5019143018202323
1.5019132617589606
1.5019122684914779
1.501911320426647
1.5019104160246004
1.501909553795346
1.5019087322970344
1.5019079501345587
1.501907205958023
1.501906498461325
1.5019058263808245
1.5019051884939119
1.5019045836177822
