-75.44685079787621
-61.553761812983375
-61.45370565924624
-61.353371003442476
-61.25237701204589
-61.150647878272174
-61.048141971023405
-60.94482170250193
-60.84065018019316
-60.73559082608517
-60.62960732462486
-60.52266360741208
-60.414723842393
-60.305752424014585
-60.19571396399622
-60.08457328270855
-59.972295401193975
-59.8588455338692
-59.74418908194042
-59.628291627575614
-59.511118928863965
-59.392636915599724
-59.272811685928815
-59.15160950388943
-59.028996797883636
-58.904940160115025
-58.77940634702725
-58.65236228077652
-58.52377505177379
-58.3936119223312
-58.26184033144662
-58.12842790075834
-57.99334244170827
-57.856551963940724
-57.71802468497663
-57.577729041190736
-57.43563370012656
-57.29170757417868
-57.14591983567652
-56.998239933394714
-56.84863761052395
-56.6970829241263
-56.54354626610287
-56.387998385699305
-56.23041041356886
-56.070753887420054
-55.90900077926203
-55.74512352426623
-55.57909505125918
-55.41088881485547
-55.24047882923903
-55.067839703596285
-54.89294667920227
-54.71577566815199
-54.536303293733816
-54.35450693242479
-54.17036475749288
-53.983855784180314
-53.79495991643706
-53.60365799516643
-53.40993184794067
-53.21376434013256
-53.015139427407554
-52.814042209509196
-52.61045898525241
-52.4043773086797
-52.195786046203956
-51.98467543475666
-51.771037140716246
-51.5548643195641
-51.336151676114326
-51.114895525175214
-50.89109385249843
-50.664746375845894
-50.435854606006465
-50.20442190757675
-49.97045355931457
-49.73395681385636
-49.49494095658892
-49.253417363448804
-49.00939955741388
-48.76290326344587
-48.51394646163184
-48.262549438261665
-48.008734834577425
-47.75252769291858
-47.49395549998193
-47.233048226913645
-46.96983836594318
-46.70436096326742
-46.43665364789503
-46.166756656155144
-45.89471285158202
-45.620567739886184
-45.34436947873087
-45.066168882035285
-44.786019418537684
-44.50397720435906
-44.22010098932271
-43.93445213679719
-43.64709459684669
-43.3580948724922
-43.067521978904665
-42.775447395377796
-42.48194500994743
-42.18709105655472
-41.890964044678846
-41.59364468139039
-41.2952157858176
-40.99576219604031
-40.69537066847317
-40.39412976982778
-40.09212976178632
-39.78946247855689
-39.48622119752096
-39.182500503223714
-38.878396144999094
-38.574005165676276
-38.26942465814267
-37.96475321070012
-37.660089693272894
-37.35553334628019
-37.05118360846992
-36.74713994153414
-36.443501652105816
-36.140367711764014
-35.83783657569529
-35.53600600068658
-35.23497286313982
-34.934832977819475
-34.63568091804898
-34.33760983808381
-34.04071129838739
-33.745075094535515
-33.45078909046276
-34.61235065657994
-34.852631242309656
-35.07346607502718
-35.27671466756615
-35.46389649570122
-35.636304043614096
-35.795054991472476
-35.94112762154076
-36.07538695339539
-36.19860453221025
-36.31147365786048
-36.41462127514884
-36.50861738341559
-36.59398257918755
-36.67119417663732
-36.74069123220768
-36.80287871557669
-36.85813100854781
-36.90679486930943
-36.94919196700634
-36.98562106738811
-37.01635993212753
-37.04166698064128
-37.061782752708076
-37.076931202056855
-37.08732084477153
-37.09314578139418
-37.09458660764308
-37.09181122550235
-37.084975563808726
-37.07422421530835
-37.05182402382969
-37.015678324901664
-36.97543042574087
-36.931202036594186
-36.88310577954602
-36.831240862769
-36.775696409880545
-36.716550531200596
-36.65387008153485
-36.587710321945394
-36.5181144281551
-36.44511281703308
-36.36872225464001
-36.288944698901986
-36.20576581638278
-36.11915309454017
-36.02905344666494
-35.935390173924716
-35.838059104041434
-35.736923663964376
-35.631808556496324
-35.522491586511514
-35.40869300247362
-35.290061454555925
-35.16615527445316
-35.0364171763017
-34.90013953057458
-34.75641584174195
-34.60407154626661
-34.441562949968336
-34.26682548676406
-34.07703827618354
-33.868244059570095
-33.634705061740604
-75.44685079787621
-61.553761812983375
-61.45370565924624
-61.353371003442476
-61.25237701204589
-61.150647878272174
-61.048141971023405
-60.94482170250193
-60.84065018019316
-60.73559082608517
-60.62960732462486
-60.52266360741208
-60.414723842393
-60.305752424014585
-60.19571396399622
-60.08457328270855
-59.972295401193975
-59.8588455338692
-59.74418908194042
-59.628291627575614
-59.511118928863965
-59.392636915599724
-59.272811685928815
-59.15160950388943
-59.028996797883636
-58.904940160115025
-58.77940634702725
-58.65236228077652
-58.52377505177379
-58.3936119223312
-58.26184033144662
-58.12842790075834
-57.99334244170827
-57.856551963940724
-57.71802468497663
-57.577729041190736
-57.43563370012656
-57.29170757417868
-57.14591983567652
-56.998239933394714
-56.84863761052395
-56.6970829241263
-56.54354626610287
-56.387998385699305
-56.23041041356886
-56.070753887420054
-55.90900077926203
-55.74512352426623
-55.57909505125918
-55.41088881485547
-55.24047882923903
-55.067839703596285
-54.89294667920227
-54.71577566815199
-54.536303293733816
-54.35450693242479
-54.17036475749288
-53.983855784180314
-53.79495991643706
-53.60365799516643
-53.40993184794067
-53.21376434013256
-53.015139427407554
-52.814042209509196
-52.61045898525241
-52.4043773086797
-52.195786046203956
-51.98467543475666
-51.771037140716246
-51.5548643195641
-51.336151676114326
-51.114895525175214
-50.89109385249843
-50.664746375845894
-50.435854606006465
-50.20442190757675
-49.97045355931457
-49.73395681385636
-49.49494095658892
-49.253417363448804
-49.00939955741388
-48.76290326344587
-48.51394646163184
-48.262549438261665
-48.008734834577425
-47.75252769291858
-47.49395549998193
-47.233048226913645
-46.96983836594318
-46.70436096326742
-46.43665364789503
-46.166756656155144
-45.89471285158202
-45.620567739886184
-45.34436947873087
-45.066168882035285
-44.786019418537684
-44.50397720435906
-44.22010098932271
-43.93445213679719
-43.64709459684669
-43.3580948724922
-43.067521978904665
-42.775447395377796
-42.48194500994743
-42.18709105655472
-41.890964044678846
-41.59364468139039
-41.2952157858176
-40.99576219604031
-40.69537066847317
-40.39412976982778
-40.09212976178632
-39.78946247855689
-39.48622119752096
-39.182500503223714
-38.878396144999094
-38.574005165676276
-38.26942465814267
-37.96475321070012
-37.660089693272894
-37.35553334628019
-37.05118360846992
-36.74713994153414
-36.443501652105816
-36.140367711764014
-35.83783657569529
-35.53600600068658
-35.23497286313982
-34.934832977819475
-34.63568091804898
-34.33760983808381
-34.04071129838739
-33.745075094535515
-33.45078909046276
-34.61235065657994
-34.852631242309656
-35.07346607502718
-35.27671466756615
-35.46389649570122
-35.636304043614096
-35.795054991472476
-35.94112762154076
-36.07538695339539
-36.19860453221025
-36.31147365786048
-36.41462127514884
-36.50861738341559
-36.59398257918755
-36.67119417663732
-36.74069123220768
-36.80287871557669
-36.85813100854781
-36.90679486930943
-36.94919196700634
-36.98562106738811
-37.01635993212753
-37.04166698064128
-37.061782752708076
-37.076931202056855
-37.08732084477153
-37.09314578139418
-37.09458660764308
-37.09181122550235
-37.084975563808726
-37.07422421530835
-37.05182402382969
-37.015678324901664
-36.97543042574087
-36.931202036594186
-36.88310577954602
-36.831240862769
-36.775696409880545
-36.716550531200596
-36.65387008153485
-36.587710321945394
-36.5181144281551
-36.44511281703308
-36.36872225464001
-36.288944698901986
-36.20576581638278
-36.11915309454017
-36.02905344666494
-35.935390173924716
-35.838059104041434
-35.736923663964376
-35.631808556496324
-35.522491586511514
-35.40869300247362
-35.290061454555925
-35.16615527445316
-35.0364171763017
-34.90013953057458
-34.75641584174195
-34.60407154626661
-34.441562949968336
-34.26682548676406
-34.07703827618354
-33.868244059570095
-33.634705061740604
