-6.259773077743779
-7.6395419815736645
-8.197414905770245
-8.753068098021222
-9.306094454556636
-9.856206296790571
-10.40319295216149
-10.94689529384705
-11.48718827475745
-12.023969148952744
-12.557149630186418
-13.08665071234404
-13.612399258046969
-14.13432574495676
-14.652362760246332
-15.16644397201244
-15.676503399592823
-16.182474866519872
-16.684291560204965
-17.18188564850023
-17.675187919850437
-18.164127424089454
-18.64863109720317
-19.128623356967235
-19.60402565816778
-20.07475599669546
-20.54072835149261
-21.00185205233757
-21.458031059847865
-21.909163141901463
-22.355138927877263
-22.795840818624
-23.231141725762107
-23.6609036086342
-24.084975770743252
-24.50319286959248
-24.91537258411962
-25.321312872026244
-25.720788734736463
-26.11354838993564
-26.499308729976207
-26.877749918210544
-27.248508943848787
-27.611171918710163
-27.96526485618391
-28.310242624699914
-28.64547571789943
-28.970234437544754
-29.28367005652917
-29.584792541506747
-29.872444513001046
-30.14527008657245
-30.40168648960604
-30.639842394886028
-30.857589137663336
-31.052455577487876
-31.22164572947951
-31.3620800985758
-31.470515927552945
-31.543798395967787
-31.579310337216974
-31.575687989935968
-31.533825129222446
-31.458055634776724
-31.357163997354174
-31.244605927467788
-31.13728543682252
-31.052740323071696
-31.005561041368818
-31.004574491221874
-31.0519900638708
-31.14453375166325
-31.27560424311636
-31.43741196737052
-31.622447574133542
-31.824251313262167
-32.03764622686929
-32.25867145137705
-32.484388755010315
-32.71266291130695
-32.94196304218154
-33.1712008448646
-33.3996063536836
-33.62663587301138
-33.851905290607874
-34.0751424902227
-34.296153725281634
-34.514800016193846
-34.73098065558093
-34.94462171460437
-35.15566804916175
-35.36407774657049
-35.569832872007765
-35.77288108625071
-35.97321244053487
-36.170795041463265
-36.3656410686239
-36.55772672111255
-36.74704055982027
-36.93357252064098
-37.11731507724105
-37.29825782415914
-37.476394429465834
-37.65171850588672
-37.82422431238643
-37.99390671491398
-38.160761155446785
-38.32478362686687
-38.48597065206387
-38.64431926609683
-38.799827000588934
-38.95249186975096
-39.10231235761937
-39.2492874062008
-39.39341640431793
-39.53469917700566
-39.67313597534696
-39.80872746668329
-39.94147472513724
-40.07137922241531
-40.19844281886467
-40.32266775476225
-40.44405664181928
-40.56261245489951
-40.67833852393229
-40.79123852603008
-40.90131647777423
-41.00857672771095
-41.113023949011534
-41.21466313231674
-41.31349957874471
-41.40953889309482
-41.5027869771964
-41.59325002343317
-41.68093450843187
-41.7658471869103
-41.84799508568042
-41.92738549781084
-42.004025976938756
-42.077924331731964
-42.149088620495235
-42.21752714592386
-42.28324844999546
-42.34626130899863
-42.40657472869714
-42.464197939626644
-42.519140392517166
-42.5714117538451
-42.6210219015009
-42.66798092058464
-42.71229909930932
-42.753986925023504
-42.793055080339414
-42.82951443936934
-42.86337606406779
-42.894651200669465
-42.92335127622983
-42.94948789525391
-42.97307283642248
-42.994118049400996
-43.012635651737824
-43.02863792584013
-43.04213731603126
-43.053146425684396
-43.06167801442757
-43.06774499541788
-43.07136043268503
-43.07253753853818
-43.07128967103161
-43.06763033149278
-43.061573162102114
-43.05313194352883
-43.04232059261538
-43.02914745704396
-43.013637229442544
-42.995799422957376
-6.259773077743779
-7.6395419815736645
-8.197414905770245
-8.753068098021222
-9.306094454556636
-9.856206296790571
-10.40319295216149
-10.94689529384705
-11.48718827475745
-12.023969148952744
-12.557149630186418
-13.08665071234404
-13.612399258046969
-14.13432574495676
-14.652362760246332
-15.16644397201244
-15.676503399592823
-16.182474866519872
-16.684291560204965
-17.18188564850023
-17.675187919850437
-18.164127424089454
-18.64863109720317
-19.128623356967235
-19.60402565816778
-20.07475599669546
-20.54072835149261
-21.00185205233757
-21.458031059847865
-21.909163141901463
-22.355138927877263
-22.795840818624
-23.231141725762107
-23.6609036086342
-24.084975770743252
-24.50319286959248
-24.91537258411962
-25.321312872026244
-25.720788734736463
-26.11354838993564
-26.499308729976207
-26.877749918210544
-27.248508943848787
-27.611171918710163
-27.96526485618391
-28.310242624699914
-28.64547571789943
-28.970234437544754
-29.28367005652917
-29.584792541506747
-29.872444513001046
-30.14527008657245
-30.40168648960604
-30.639842394886028
-30.857589137663336
-31.052455577487876
-31.22164572947951
-31.3620800985758
-31.470515927552945
-31.543798395967787
-31.579310337216974
-31.575687989935968
-31.533825129222446
-31.458055634776724
-31.357163997354174
-31.244605927467788
-31.13728543682252
-31.052740323071696
-31.005561041368818
-31.004574491221874
-31.0519900638708
-31.14453375166325
-31.27560424311636
-31.43741196737052
-31.622447574133542
-31.824251313262167
-32.03764622686929
-32.25867145137705
-32.484388755010315
-32.71266291130695
-32.94196304218154
-33.1712008448646
-33.3996063536836
-33.62663587301138
-33.851905290607874
-34.0751424902227
-34.296153725281634
-34.514800016193846
-34.73098065558093
-34.94462171460437
-35.15566804916175
-35.36407774657049
-35.569832872007765
-35.77288108625071
-35.97321244053487
-36.170795041463265
-36.3656410686239
-36.55772672111255
-36.74704055982027
-36.93357252064098
-37.11731507724105
-37.29825782415914
-37.476394429465834
-37.65171850588672
-37.82422431238643
-37.99390671491398
-38.160761155446785
-38.32478362686687
-38.48597065206387
-38.64431926609683
-38.799827000588934
-38.95249186975096
-39.10231235761937
-39.2492874062008
-39.39341640431793
-39.53469917700566
-39.67313597534696
-39.80872746668329
-39.94147472513724
-40.07137922241531
-40.19844281886467
-40.32266775476225
-40.44405664181928
-40.56261245489951
-40.67833852393229
-40.79123852603008
-40.90131647777423
-41.00857672771095
-41.113023949011534
-41.21466313231674
-41.31349957874471
-41.40953889309482
-41.5027869771964
-41.59325002343317
-41.68093450843187
-41.7658471869103
-41.84799508568042
-41.92738549781084
-42.004025976938756
-42.077924331731964
-42.149088620495235
-42.21752714592386
-42.28324844999546
-42.34626130899863
-42.40657472869714
-42.464197939626644
-42.519140392517166
-42.5714117538451
-42.6210219015009
-42.66798092058464
-42.71229909930932
-42.753986925023504
-42.793055080339414
-42.82951443936934
-42.86337606406779
-42.894651200669465
-42.92335127622983
-42.94948789525391
-42.97307283642248
-42.994118049400996
-43.012635651737824
-43.02863792584013
-43.04213731603126
-43.053146425684396
-43.06167801442757
-43.06774499541788
-43.07136043268503
-43.07253753853818
-43.07128967103161
-43.06763033149278
-43.061573162102114
-43.05313194352883
-43.04232059261538
-43.02914745704396
-43.013637229442544
-42.995799422957376
