1210073.9985288
973207.5847894753
972533.7598688352
972134.2189547098
971882.1507758511
971704.5286343701
971558.3969980703
971418.6441394348
971270.7520774384
971106.4908601063
970921.361383429
970713.0768988626
970480.6616219709
970223.916002199
969943.099869566
969638.7450673298
969311.5450631955
968962.2903533349
968591.831143524
968201.0563212315
967790.8822077131
967362.2472406647
966916.1103214909
966453.4515058555
965975.2742808823
965482.6090132868
964976.5173605245
964458.0975680645
963928.4906621107
963388.8876081802
962840.537555598
962284.757331731
961722.9423943025
961156.5794990875
960587.2613961939
960016.7039340801
959446.7660299635
958879.4730606509
958317.0443435183
957761.9255165979
957216.8267940874
956684.7682730095
956169.1337006615
955673.7343821407
955202.8852066359
954761.4950859803
954355.174387512
953990.3621603366
953674.4759096894
953416.0862203104
953225.1171613467
953113.0327178737
953093.2226695264
953181.0292249443
953394.0833545353
953752.365259526
954278.0758125529
954995.0940674134
955927.724847844
957098.3174516582
958523.2438065987
960206.7885734865
962132.9651999437
964256.4366654602
966495.6577759276
968733.2582206099
970828.4204958407
972641.3771110802
974062.3500926154
975032.4412804232
975547.7447696832
975647.7475902928
975396.4250625293
974864.7384604268
974118.9312470395
973214.8861605022
972196.7751147443
971098.0330771729
969943.2394295015
968750.110979265
967531.250889084
966295.547867629
965049.2377425659
963796.6831261633
962540.9339065145
961284.1246126909
960027.7537087302
958772.8785429692
957520.2509113094
956270.4110515538
955023.7526916661
953780.5680082995
952541.1012074471
951305.547629154
950073.9728116852
948846.480629357
947623.1506093215
946404.1448771956
945189.5303840155
943979.3712845824
942773.7169751936
941572.661509668
940376.2330016973
939184.4874696893
937997.4781124963
936815.2557837267
935637.8692903782
934465.3655874816
933297.7899064036
932135.1858407219
930977.5954049681
929825.0590759136
928677.6158228252
927535.3031306267
926398.1570186738
925266.2120568523
924139.5013800592
923018.0567018065
921901.9083273911
920791.0851669582
919685.6147485946
918585.5232314812
917490.835419427
916401.5747743873
915317.7634305238
914239.4222077954
913166.570627083
912099.2269238452
911037.4080631611
909981.1297543223
908930.4064660801
907885.2514410542
906845.6767111724
905811.6931126614
904783.3103011976
903760.5367670878
902743.3798504334
901731.8457562819
900725.9395698194
899725.6652714707
898731.0257520201
897742.0228276674
896758.6572550479
895780.9287461919
894808.8359834446
893842.3766343354
892881.5473663466
891926.3438617114
890976.7608320293
890032.7920329515
889094.4302786865
888161.6674565512
887234.4945413863
886312.9016099524
885396.8778552756
884486.4116009116
883581.490315201
882682.1006254237
881788.2283319519
880899.8584223383
880016.975085372
879139.5617250713
878267.6009746719
877401.0747105518
876539.964066135
875684.2494457632
874833.9105385211
873988.9263320672
873149.2751263819
872314.9345475404
871485.8815614255
870662.0924874237
869843.5430120963
869030.4704819164
868222.3301719701
867419.3524938243
