197970.031245
61325.64801169907
60974.92525151717
60623.91332408282
60252.45033546108
59855.109225956454
59432.2968500558
58986.539355775996
58520.95693395838
58038.65899021162
57542.52328143756
57035.13266686855
56518.77432555409
55995.46175133172
55466.96323776403
54934.83040613965
54400.424437258385
53864.93935413245
53329.42237041719
52794.79156062125
52261.851174029194
51731.30491045925
51203.76744694989
50679.77446870335
50159.79142251895
49644.22117843066
49133.410757834434
48627.6438011475
48127.19994150814
47632.27781226564
47143.053920263636
46659.672582582156
46182.249242107246
45710.87344764468
45245.61154047387
44786.509082669916
44333.593057119535
43886.87386439025
43446.3471385269
43011.99539997751
42583.789561925485
42161.690303658135
41745.64932305311
41335.61047858016
40931.51083022108
40533.28158725972
40140.84897048525
39754.134995321765
39373.05818189862
38997.534197459005
38627.47643635872
38262.796542123855
37903.40487605699
37549.21093640673
37200.123731936204
36856.052113486534
36516.90506685345
36182.591970183064
35853.02281894703
35528.10842115606
35207.760565512894
34891.89216509006
34580.417378610444
34273.251711708785
33970.312100091345
33671.51697638916
33376.78632265823
33086.04170981905
32799.206325811196
32516.204993559615
32236.964180209838
31961.41199853663
31689.478201780934
31421.094172636407
31156.192907362223
30894.708995739922
30636.578597481734
30381.73941583842
30130.13066876334
29881.693058254466
29636.36873823726
29394.101281328243
29154.835644845825
28918.518136321207
28685.096378766633
28454.51927589655
28226.736977445737
28001.700844847834
27779.363417202963
27559.678377865195
27342.600521539596
27128.085722088916
26916.09090100923
26706.573996707524
26499.49393452089
26294.81059754682
26092.48479833265
25892.478251313387
25694.753546141004
25499.27412179395
25306.004241501414
25114.908968484477
24925.95414245292
24739.110135773586
24554.33293640612
24371.601918454948
24190.882027792715
24012.14266063233
23835.353864043278
23660.486317567505
23487.51131533359
23316.40074873415
23147.127089749145
22979.663374757478
22813.983188956234
22650.060651272775
22487.87039978086
22327.387577617385
22168.587819356668
22011.4472378444
21855.942411464104
21702.05037181153
21549.74859179854
21399.014974109792
21249.82784007688
21102.16591886837
20956.008337056173
20811.3346085093
20668.124624616245
20526.358644794047
20386.01728731752
20247.08152044644
20109.532653803562
19973.352330032038
19838.52251672002
19705.02549855782
19572.8438697552
19441.9605266717
19312.358660682414
19184.021751249515
19056.93355921517
18931.07812028011
18806.439738689678
18683.002981102367
18560.752670627717
18439.673881060626
18319.751931264127
18200.97237973129
18083.321019287992
17966.78387195771
17851.347183974645
17736.997420936746
17623.721263086645
17511.50560073746
17400.337529829343
17290.204347587533
17181.093548327623
17072.992819365096
16965.890037023197
16859.773262778956
16754.630739486685
16650.450887718518
16547.222302192404
16444.933748312484
16343.574158777203
16243.132630296272
16143.598420387756
16044.960944248742
15947.20977172973
15850.334624363655
15754.32537247274
15659.172032378112
15564.864763637386
15471.393866381792
15378.749778708767
15286.923074143355
15195.904459152855
15105.684770740949
15016.254974070767
14927.606160187925
14839.729543749305
14752.616460847705
14666.258366862923
14580.646834375159
14495.77355111963
14411.630318002262
14328.209047138911
14245.501759967437
14163.500585373242
14082.197757887567
14001.585615897193
13921.65659991768
13842.4032508938
13763.818208532382
13685.894209690421
13608.624086778731
13532.000766205258
13456.017266862174
13380.666698630926
13305.942260930045
