7.121382606533882
7.148114248615658
7.15365106015589
7.158433689275071
7.163000547464582
7.16736685664539
7.171536259958098
7.175513690028305
7.179305326111382
7.182918279759364
7.186360325981034
7.189639681146429
7.1927648181403505
7.19574431577756
7.198586736294456
7.2013005264955146
7.2038939397924215
7.2063749754823
7.208751332867282
7.211030377878432
7.213219120206351
7.2153241991988
7.217351877011499
7.219308037697542
7.221198191097455
7.223027480549005
7.224800693575472
7.2265222748351405
7.228196340724562
7.229826695125152
7.231416845867753
7.232970021564367
7.234489188520841
7.2359770675003166
7.237436150155206
7.2388687149864115
7.240276842723241
7.241662431046561
7.243027208602096
7.244372748270803
7.245700479679742
7.247011700950077
7.248307589689477
7.249589213244465
7.250857538234635
7.252113439395411
7.253357707759448
7.2545910582090505
7.255814136433393
7.257027525324965
7.258231750849732
7.259427287425117
7.260614562839121
7.261793962742851
7.262965834747553
7.264130492155764
7.26528821735478
7.266439264899122
7.2675838643070385
7.268722222594632
7.269854526569589
7.27098094490505
7.272101630012648
7.273216719732445
7.274326338856069
7.275430600498181
7.276529607330165
7.2776234526888075
7.27871222157174
7.279795991530362
7.280874833470087
7.281948812366921
7.283017987908542
7.284082415067348
7.285142144612302
7.286197223565689
7.287247695610422
7.288293601452957
7.289334979146419
7.290371864378068
7.291404290724885
7.292432289880629
7.293455891857437
7.294475125164698
7.2954900169676575
7.296500593227998
7.297506878828335
7.298508897682457
7.299506672832876
7.300500226537112
7.301489580344015
7.302474755161207
7.303156152019824
7.303620464506497
7.303931564560575
7.30413460595005
7.30426145149751
7.304334573801032
7.3043698173011515
7.304378350600821
7.30436804505707
7.3043444475732215
7.3043114667091595
7.3042718564304625
7.304227557099572
7.304179935798103
7.3041299556806365
7.304078295307913
7.304025432728983
7.303971704723328
7.303917348540302
7.303862531306485
7.303807370744339
7.303751949769229
7.303696326773553
7.303640542872246
7.303584627007526
7.303528599545362
7.303472474809346
7.303416262865905
7.3033599707820835
7.303303603511695
7.303247164519681
7.303190656221992
7.303134080295523
7.303077437896475
7.303020729814204
7.302963956579628
7.302907118541594
7.302850215920692
7.302793248847177
7.302736217387667
7.30267912156398
7.302621961366377
7.302564736762928
7.302507447706068
7.302450094137256
7.302392675990232
7.302335193193315
7.302277645671032
7.302220033345258
7.302162356136015
7.302104613962042
7.302046806741193
7.301988934390711
7.301930996827441
7.3018729939679465
7.301814925728629
7.301756792025777
7.301698592775623
7.301640327894381
7.301581997298258
7.3015236009034785
7.301465138626293
7.301406610382985
7.301348016089879
7.301289355663337
7.301230629019772
7.301171836075637
7.301112976747431
7.301054050951703
7.30099505860505
7.3009359996241106
7.300876873925576
7.300817681426178
7.3007584220427
7.300699095691971
7.300639702290862
7.300580241756298
7.300520714005241
7.300461118954702
7.300401456521746
7.300341726623467
7.30028192917702
7.300222064099599
7.300162131308443
7.300102130720843
7.300042062254128
7.299981925825682
7.299921721352928
7.299861448753343
7.299801107944446
7.299740698843806
7.299680221369041
7.299619675437814
7.299559060967843
7.29949837787689
7.299437626082765
7.299376805503339
7.299315916056521
7.29925495766028
7.299193930232638
7.2991328336916625
7.299071667955482
7.299010432942272
7.298949128570271
7.298887754757767
7.298826311423105
7.298764798484692
