132169.401
115770.91484080486
114998.17155198578
114251.20152332279
113529.85450268097
112833.89124111629
112162.9712461913
111516.65577435795
110894.41504513746
110295.63724283878
109719.63857102464
109165.6739435568
108632.94796569168
108120.62589306023
107627.84429313989
107153.7211769537
106697.36541606423
106257.88530829956
105834.39620235519
105426.02713425328
105031.9264661471
104651.26654925781
104283.24745755307
103927.09985725825
103582.08708991251
103247.50655413185
102922.69047432118
102607.00614412468
102299.85572921584
102000.67570885409
101708.93602912301
101424.13903344641
101145.81822832236
100873.536934533
100606.88686667307
100345.48667684216
100088.980491911
99837.03646794765
99589.34538022548
99345.61926270774
99105.59010702338
98869.00862763463
98635.64309716361
98405.27825357046
98177.71427908144
97952.76584933118
97730.26125011632
97510.04155835621
97291.95988333818
97075.88066397418
96861.67901765273
96649.24013624189
96438.45872489056
96229.23847945128
96021.49159857944
95815.13832685107
95610.10716080507
95406.3321906345
95203.75528412995
95002.32519005821
94801.99639850199
94602.7291898599
94404.48931917835
94207.24771312276
94010.98017873988
93815.6671231559
93621.29328351686
93427.84746659623
93235.3222977194
93043.71397852045
92853.02205344575
92663.24918470018
92474.40210633773
92286.48685951847
92099.51523611869
91913.5002838023
91728.45716562682
91544.40298355799
91361.35660970781
91179.33852537548
90998.37066729837
90818.47628176863
90639.67978567613
90462.00663478364
90285.48319889292
90110.13664373159
89935.9948193512
89763.08615481805
89591.43955897012
89421.08432700472
89252.05005265988
89084.36654574313
88918.0637547673
88753.17169444595
88589.72037780892
88427.73975269523
88267.2596423903
88108.30969017473
87950.91930756188
87795.1176260058
87640.93345186822
87488.39522444346
87337.53097684575
87188.36829957317
87040.93430657074
86895.25560362464
86751.3582589264
86609.2677756567
86469.00906644501
86330.60642957118
86194.08352678362
86059.46336261294
85926.76826507448
85796.01986765378
85667.23909248038
85540.44613460229
85415.66000821718
85292.9002863998
85172.18446241967
85053.52968487835
84936.95231062672
84822.46789405883
84710.09000632804
84599.83494574291
84491.71457977756
84385.74117042303
84281.92612378183
84180.27999094635
84080.81246243822
83983.53236213388
83888.44764151449
83795.56537435213
83704.8917518481
83616.43326372818
83530.1919194363
83446.17246970431
83364.37752592836
83284.80880813606
83207.46713568633
83132.3524247541
83059.46368725905
82988.79903048913
82920.35565733507
82854.12986714479
82790.11705722165
82728.31172499261
82668.70747087336
82611.29700185862
82556.07213586323
82503.02380684308
82452.14207071991
82403.41611213732
82356.83425207008
82312.38395631178
82270.05184485776
82229.82370220656
82191.68448859162
82155.61835216016
82121.60864210853
82089.63792278088
82059.68798873846
82031.73988079707
82005.77390303266
81981.7696407468
81959.70597938453
81939.56112438638
81921.312621961
81904.93738075314
81890.41169438322
81877.71126482604
81866.81122659832
81857.68617171468
81850.31017537265
81844.6568223214
81840.69923386721
81838.41009546418
81837.76168631316
81838.72590057713
81841.27429117031
81845.37808435067
81851.00821678141
81858.13536395047
81866.72997023574
81876.76227907234
81888.20236315423
81901.02015460702
81915.1854750638
81930.66806558077
81947.43761632728
81965.46379598776
81984.71628081528
82005.16478327362
82026.77908021437
82049.52904052917
82073.38465222676
82098.31604888718
82124.29353543052
82151.28761318495
82179.26900417685
82208.2086746315
