3.9
3.9194991035038753
3.938738553964902
3.957721035090617
3.9764485419856133
3.9949226495793866
4.013144670685027
4.031115750991442
4.048836926268305
4.066309156918197
4.083533348925298
4.1005103666030465
4.1172410403621145
4.133726171417248
4.149966534573607
4.165962879768567
4.181715932766991
4.197226395241299
4.212494944366988
4.227522232002931
4.242308883487445
4.256855496056497
4.2711626368733855
4.285230840646564
4.299060606801702
4.312652396164133
4.32600662709787
4.339123671036365
4.35200384732791
4.364647417304225
4.377054577464056
4.389225451643721
4.401160082022897
4.412858418785693
4.424320308223108
4.435545479022185
4.446533526438062
4.457283893985698
4.467795852216402
4.478068474057567
4.488100606089276
4.497890835005122
4.50743744835279
4.516738388468615
4.525791198305806
4.534592957606131
4.5431402075804765
4.551428861952717
4.559454101905268
4.567210252185758
4.574690635480879
4.581887402290959
4.588791334708995
4.595391621982112
4.601675613375298
4.607628557188439
4.613233347703727
4.61847032178238
4.623317178046974
4.627749137447631
4.631739523479974
4.635261000721992
4.638287734206923
4.640798644667336
4.642781635421283
4.644238108776719
4.645186439460267
4.645662806027487
4.64571841873357
4.645413651143316
4.644810957756835
4.643968746757748
4.6429375122692775
4.641758371873872
4.640463352829527
4.639076627958473
4.637616061467784
4.636094690260595
4.6345219760031195
4.632904789993603
4.631248154012572
4.629555781714551
4.6278304667517505
4.626074357489784
4.624289149804833
4.622476221631773
4.620636726521748
4.618771658556213
4.616881897337398
4.614968239163807
4.613031418645948
4.611072123715698
4.609091009482
4.607088696023711
4.605065782036563
4.603022846114792
4.600960445893775
4.598879129416173
4.596779427956711
4.594661859391828
4.592526928141379
4.590375128628098
4.588206942742266
4.586022841400718
4.5838232849152485
4.581608723320064
4.579379596669101
4.577136335311032
4.574879360147409
4.572609082877731
4.570325906234084
4.568030224207177
4.565722422265138
4.563402877565936
4.561071959164131
4.5587300282124215
4.556377438158357
4.554014534936477
4.551641657156084
4.549259136284827
4.546867296828233
4.544466456505274
4.5420569264201225
4.539639011230133
4.53721300931015
4.534779212913241
4.532337908327887
4.52988937603172
4.527433890841876
4.524971722062007
4.522503133626032
4.520028384238679
4.517547727512862
4.515061412103959
4.512569681841056
4.510072775855188
4.507570928704646
4.505064370497379
4.502553327010574
4.500038019807418
4.497518666351131
4.494995480116279
4.492468670697446
4.4899384439152765
4.4874050019199565
4.484868543292155
4.482329263141487
4.4797873532025125
4.47724300192834
4.4746963945818425
4.472147713324556
4.469597137303263
4.467044842734318
4.464491002985755
4.4619357886571915
4.459379367657574
4.456821905280808
4.454263564279284
4.451704504935341
4.449144885130715
4.446584860413972
4.4440245840659784
4.4414642071634365
4.438903878640504
4.436343745348538
4.433783952113987
4.431224641794448
4.428665955332945
4.426108031810422
4.423551008496507
4.420995020898548
4.418440202808966
4.41588668635095
4.413334602022494
4.410784164683754
4.40823541320676
