582.6449593133026
581.2787223623577
579.8929208483269
578.5035782175064
577.1140739912651
575.7249957147113
574.3363289331927
572.9479355114279
571.5596578719701
570.1713414807328
568.7828394253296
567.3940130568585
566.0047317648301
564.614872566711
563.224319667552
561.832964027623
560.4407029485851
559.0474396816187
557.6530830585864
556.2575471462923
554.8607509233295
553.4626179786724
552.0630762309695
550.6620576673844
549.2594981007838
547.8553369440766
546.4495170005205
545.0419842688682
543.632687762278
542.2215793399675
540.8086135506647
539.3937474869674
537.9769406497915
536.558154822143
535.1373539515141
533.7145040402535
532.2895730433135
530.8625307728274
529.4333488090078
528.0020004169071
526.5684604686064
525.132705370449
523.6947129952953
522.2544626174065
520.8119348548078
519.3671116119847
517.9199760277954
516.4705124263083
515.0187062706885
513.5645441199293
512.108013588244
510.6491033069448
509.18780288865065
507.72410289367656
506.25799479846853
504.7894709659586
503.3185246177241
501.84514980784223
500.3693413983399
498.89109503614634
497.4104071314622
495.92727483746387
494.44169603127034
492.95366929610145
491.4631939045626
489.97026980299796
488.47489759685277
486.9770785369945
485.4768145069429
483.974108010963
482.46896216297836
480.9613806762636
479.45136785388075
477.9389285798198
476.4240683108157
474.9067930688045
473.387109433996
471.8650245385278
470.34054606068185
468.8136822196327
467.2844417707087
465.75283400114193
464.2188687262857
462.6825562862802
461.1439075431495
459.60293387830814
458.05964719046295
456.51405989389303
454.96618491709194
453.41603570175806
451.86362620211764
450.30897088456607
448.75208472761716
447.19298322214394
445.63168237189916
444.06819869430655
442.5025492215059
440.934751501644
439.3648236003995
437.79278410272906
436.2186521148262
434.64244726628
433.06418971242334
431.4839001368622
429.90159975417276
428.3173103127568
426.7310540978466
425.1428539346456
423.55273319159875
421.9607157837773
420.366826176372
418.77108938828064
417.1735309957807
415.57417713627757
413.97305451211435
412.3701903944352
410.76561262708947
409.1593496305652
407.55143040594106
405.94188453884595
404.33074220341115
402.7180341662069
401.10379179014774
399.4880470383582
397.87083247798074
396.2521812839185
394.63212724249473
393.01070475502104
391.3879488412563
389.76389514274433
388.13857992601726
386.51204008564895
384.884313147145
383.25543726965594
381.625451248496
379.99439451745627
378.3623071508951
376.7292298655911
375.09520402234483
373.46027162731224
371.82447533305657
370.18785843930124
368.55046489337093
366.91233929030346
365.2735268726193
363.6340735297312
361.9940257969818
360.35343085429173
358.71233652440554
357.07079127071967
355.42884419467975
353.7865450327305
352.1439441528099
350.5010925503674
348.8580418439002
347.21484426999143
345.5715526778385
343.92822052326255
342.2849018621865
340.64165134357245
338.9985242018096
337.3555762485418
335.7128638639319
334.07044398734877
332.4283741074782
330.7867122518482
329.1455169757637
327.50484735065265
325.8647629518137
324.22532384557223
322.5865905758372
320.9486241500668
319.31148602463867
317.6752380896342
316.03994265303646
314.4056624243503
312.77246049765245
311.1404003340766
309.5095457437477
307.8799608671732
306.2517101561058
304.6248583538885
302.9994704753028
301.375611785929
299.75334778104434
298.1327441640714
296.5138668246039
294.8967818160271
293.2815553327592
291.66825368713756
290.05694328597883
288.44769060683734
286.84056217399456
285.235624517271
283.6329442164722
282.0325877876095
280.4346216677578
278.83911225840444
277.24612585128045
275.65572861014294
