-177.82966471828104
-204.78329595360339
-207.018534634627
-209.14142400048715
-211.1452926377236
-213.024483477093
-214.77438920328584
-216.3914903956938
-217.87337161069036
-219.21871291586035
-220.42725826199424
-221.49976322009803
-222.43792525979026
-223.2443001450399
-223.922208194811
-224.47563411801835
-224.90912391592198
-225.22768199120964
-225.43667115521038
-225.5417177253818
-225.54862339207534
-225.4632850375739
-225.29162323476496
-225.03951975305176
-224.7127640637705
-224.31700856905252
-223.8577320748569
-223.3402108855453
-222.7694968066417
-222.1504012961151
-221.48748499406764
-220.78505187805533
-220.04714732901402
-219.27755944444192
-218.47982299579468
-217.65722549155112
-216.81281487279935
-215.94940843192103
-215.06960260524016
-214.17578334623275
-213.2701368363198
-212.35466033517986
-211.43117301183108
-210.5013266317165
-209.5666160039441
-208.62838911716742
-207.68785691275193
-206.74610266038437
-205.80409091458284
-204.86267604110682
-203.92261031051302
-202.9845515623494
-202.0490704481607
-201.1166572648009
-200.1877283918727
-199.26263234854656
-198.34165548584724
-197.42502739858753
-196.5129264194559
-195.60548159967766
-194.70278168368998
-193.8048759478697
-192.91177890423486
-192.02347388489915
-191.13991638325663
-190.26103716425894
-189.38674515569613
-188.51693013189492
-187.65146520069777
-186.7902091042379
-185.9330083433895
-185.07969913560652
-184.23010921533037
-183.38406142344377
-182.54136757812137
-181.70184115651952
-180.86529112068203
-180.0315248909803
-179.20034937775242
-178.37157191161697
-177.54500107930605
-176.72044747034218
-175.89772434452382
-175.07664822018762
-174.25703939497828
-173.43872240104895
-172.6215264010695
-171.80528553008418
-170.9898391859055
-170.17503227839816
-169.3607154318441
-168.5467451542499
-167.73298397123943
-166.91930052992151
-166.10556967562684
-165.29167250443544
-164.47749639423088
-163.6629350167772
-162.84788833314883
-162.0322625746236
-161.21597021098557
-160.3989299080111
-159.58106647574314
-158.76231080900794
-157.94259982149077
-157.1218763745414
-156.30008920176053
-155.4771928302945
-154.6531474996643
-153.82791907883262
-153.00147898213888
-152.17380408462662
-151.34487663720884
-150.51468418204402
-149.6832194684192
-148.85048036937116
-148.0164697992236
-147.18119563214665
-146.34466976405128
-145.5069114975405
-144.6679422148968
-143.8277888379875
-142.98648285698363
-142.14406025539958
-141.30057402069707
-140.45604327974004
-139.61053017051358
-138.76408785135706
-137.91677364797118
-137.0686489401308
-136.2197790806598
-135.37023331819205
-134.52008471933053
-133.66941008934228
-132.81827762813813
-131.96679632843492
-131.11504094334344
-130.26310244905045
-129.41107508937407
-128.5590563166051
-127.70714669883647
-126.85544981925715
-126.00407217099465
-125.15312304785897
-124.30271443091092
-123.45296087072784
-122.60397936526404
-121.75588923321985
-120.90881198287259
-120.0628711763398
-119.21819228928771
-118.37490256612303
-117.53313087074092
-116.693007532933
-115.8546641905977
-115.0182336279213
-114.18384960973908
-113.35164671231048
-112.52176015078203
-111.69432560363818
-110.86947903446928
-110.04735651141938
-109.22809402469547
-108.41182730255424
-107.59869162619346
-106.7888216440075
-105.98235118567206
-105.17941307654712
-104.38013895289761
-103.58465907843146
-102.79310216267596
-102.00559518170219
-101.22226320171248
-100.44322920600462
-99.66861392581316
-98.89853567552414
-98.1331101927428
-97.37245048224058
-96.61666667431717
-95.86586586763296
-95.12338499750747
-94.37974498606575
-93.6444981030486
-92.91463025546607
-92.19023142572445
-91.47138793460954
-90.75818229680935
-90.05069313125273
-89.34899508701643
-88.65315877903362
-87.96325073281362
-87.27933333806739
-86.60146481121927
-85.92969916675483
-85.26408619733067
-84.60467146253725
-83.95149628617196
-83.3045977618558
-82.66400876679266
-82.02975798344573
