39.13033777978003
38.979290676789965
38.83186715232967
38.68802452459765
38.54761774801785
38.41052702603864
38.276630691079255
38.14581199230521
38.01796009738476
37.892970481977656
37.77074494990386
37.65119143727357
37.53422369559239
37.4197609142981
37.30772731975965
37.19805177406162
37.09066738677578
36.985511148112394
36.882523586889825
36.78164845543378
36.682832441258014
36.58602490468897
36.49117764114774
36.39824466651184
36.307182023716834
36.21794760871878
36.13050101425714
36.044803389577375
35.960817314747345
35.878506687928706
35.79783662446033
35.71877336634702
35.64128420124884
35.5653373898132
35.49090210061011
35.41794835178837
35.34644695865118
35.27636948660609
35.207688208902205
35.1403760686516
35.07440664451576
35.00975411986368
34.94639325482803
34.88429936110699
34.823448279086925
34.76381635707211
34.70538043238841
34.64811781414209
34.59200626743862
34.53702399896063
34.48314964363141
34.43036225235476
34.378641280655245
34.32796657812794
34.27831837860588
34.22967729096197
34.18202429048441
34.13534071070941
34.08960823575931
34.04480889303015
34.000925046239026
33.95793938877721
33.91583493733875
33.87459502579226
33.83420329926726
33.794643708435686
33.75590050396382
33.717958231119844
33.680801724508704
33.64441610296832
33.60878676452523
33.573899381487344
33.5397398956286
33.50629451342742
33.47354970142677
33.44149218167313
33.41010892713902
33.379387157342165
33.34931433389022
33.31987815619562
33.29106655718613
33.262867699067606
33.23526996917321
33.20826197584098
33.181832544348595
33.15597071289137
33.13066572863478
33.10590704378116
33.08168431170862
33.05798738315361
33.034806302443855
33.01213130377979
32.98995280756751
32.96826141679985
32.94704791348913
32.92630325514999
32.90601857133345
32.88618516021152
32.86679448521358
32.84783817171405
32.82930800377216
32.81119592092726
32.793494015029665
32.776194527148974
32.75928984451711
32.74277249752882
32.72663515679303
32.71087063023753
32.69547186026473
32.68043192095958
32.66574401534916
32.65140147271364
32.637397745948114
32.623726408976005
32.61038115421183
32.5973557900724
32.584644238548506
32.57224053280891
32.5601388148647
32.5483333332788
32.536818440923646
32.525588592785766
32.51463834381769
32.5039623468351
32.4935553504602
32.48341219710974
32.47352782102713
32.46389724635849
32.45451558527134
32.44537803611555
32.43647988162599
32.42781648716619
32.41938329901185
32.41100734982681
32.40281648312536
32.39480812842494
32.386979861146955
32.3793293804319
32.37185448982685
32.36455308040628
32.35742311599208
32.35046262020795
32.34366966515001
32.337042361491676
32.330578849863954
32.324277293378245
32.3181358711629
32.31215277281323
32.30632619365482
32.300654330734176
32.29513537945887
32.289767530816306
32.28454896910804
32.27947787014175
32.27455239982909
32.2697707131425
32.265130953388415
32.26063125175884
32.256269727126465
32.25204448605233
32.247953622978
32.243995220577
32.240167350242594
32.236468072692105
32.2328954386689
32.229447489726105
32.22612225907736
32.22291777250161
32.21983204929036
32.21686310322715
32.214008943590066
32.21126757616941
32.208637004293585
32.20611522985575
32.20370025433843
32.20139007982885
32.19918271002203
32.19707615120812
32.19506841324078
32.19315751048423
32.19134146273678
32.18961829612919
32.18798604291204
32.186442745601866
32.18498645444437
32.18361523026834
32.182327142392474
32.18112027224976
32.17999271310148
32.178942570703605
32.177967963943225
32.1770670254455
32.176237902151236
32.17547875586566
32.17478776377884
32.17416311895797
32.17360303081241
32.173105725531585
32.17266944649632
32.172292454663804
