0.00438
0.0043836085581545284
0.004383489451499654
0.004383467665031105
0.004383463628996752
0.004383463411840602
0.004383464687922543
0.004383467168329082
0.004383470913213219
0.004383476034300518
0.004383482641865332
0.004383490834741742
0.004383500698083404
0.004383512302704649
0.004383525704913014
0.004383540946621508
0.004383558055677575
0.004383577046369835
0.004383597920077632
0.004383620666030343
0.004383645262145743
0.004383671675919886
0.0043836998653445395
0.004383729779832038
0.004383761361131146
0.00438379454422109
0.004383829258174135
0.004383865426979875
0.004383902970326778
0.004383941804338484
0.004383981842263855
0.004384022995120946
0.004384065172295893
0.00438410828209827
0.004384152232274802
0.004384196930483484
0.004384242284730174
0.0043842882037697
0.004384334597473336
0.004384381377164402
0.004384428455923534
0.004384475748865014
0.004384523173385375
0.004384570649385379
0.004384618099466331
0.004384665449101637
0.004384712626784411
0.004384759564151944
0.0043848061960878445
0.004384852460802597
0.004384898299893447
0.004384943658384404
0.004384988484747336
0.004385032730905102
0.004385076352217739
0.004385119307452808
0.004385161558740977
0.004385203071801567
0.004385243816638171
0.00438528376168112
0.00438532288349977
0.004385361160020726
0.00438539857195621
0.004385435102748321
0.004385470738458163
0.0043855054676437384
0.004385539281233794
0.004385572172399541
0.0043856041364252855
0.004385635170578912
0.004385665273982982
0.004385694447487215
0.004385722693543012
0.0043857500160442535
0.004385776420391765
0.00438580191301133
0.004385826501592591
0.0043858501948256445
0.004385873002316601
0.004385894934491946
0.004385916002505112
0.004385936218147935
0.0043859555937662996
0.004385974142181725
0.004385991876617217
0.004386008810628276
0.004386024958038655
0.00438604033288081
0.0043860549493409074
0.0043860688217082135
0.004386081964328709
0.004386094391562787
0.004386106117746788
0.0043861171571582406
0.004386127523984587
0.004386137232295199
0.0043861462960165095
0.004386154728910056
0.0043861625445532505
0.004386169756322698
0.004386176377379882
0.004386182420659052
0.004386187898857133
0.004386192824425522
0.004386197209563595
0.004386201066213801
0.004386204406058198
0.004386207240516303
0.004386209580744128
0.0043862114376343134
0.004386212821817209
0.004386213743662848
0.0043862142132836904
0.004386214240538059
0.004386213835034194
0.004386213006134835
0.004386211762962281
0.004386210114403858
0.004386208066330014
0.0043862056325550455
0.004386202818864999
0.004386199633131629
0.004386196083140274
0.004386192176496229
0.0043861882007542475
0.004386183621525898
0.00438617869201559
0.0043861734322610665
0.004386167850864134
0.004386161954666585
0.004386155750132719
0.00438614924355268
0.004386142441077245
0.0043861353487284005
0.0043861276858281695
0.00438612001225956
0.004386112081935939
0.004386103886941826
0.004386095430817412
0.004386086718667106
0.0043860777557473175
0.004386068547267702
0.004386059098366849
0.004386049414112918
0.004386039499507707
0.004386029359491025
0.004386018998944938
0.004386008422697809
0.00438599763552812
0.004385986642168075
0.004385975447306991
0.004385964055594454
0.004385952471643259
0.004385940700032133
0.004385928745308209
0.004385916611989317
0.004385904304566012
0.004385891827503405
0.004385879185242768
0.004385866382202918
0.004385853422781395
0.004385840311355413
0.004385827052282617
0.004385813649901627
0.0043858001085323875
0.004385786432476317
0.004385772626016268
0.004385758693416305
0.004385744638921309
0.004385730466756397
0.004385716181126199
0.004385701786213952
0.004385687286180477
0.004385672685162985
0.004385657987273775
0.0043856431965988
0.004385628317196116
0.004385613353094263
0.004385598308290399
0.004385583186748719
0.004385567178104696
0.004385552662243678
0.004385537391739415
0.0043855220108128265
0.004385506565065147
0.004385491064460143
0.004385475513606699
0.004385459916271143
0.004385444276049563
0.004385428596466535
0.004385412880988143
0.004385397133022186
0.0043853813559165174
0.004385365552957144
0.004385349727366342
0.004385333882300833
0.004385318020850036
0.0043853021460343936
0.004385286260803788
0.0043852703680360506
