0.001986317910722842
0.0020130579429637643
0.0020409108313097914
0.002069592525070758
0.0020990493429868234
0.002129265951029457
0.002160231811806655
0.0021919352416431824
0.0022243623661333464
0.002257496951546291
0.0022913203998332974
0.0023258117804873203
0.0023609478757718127
0.0023967032340978674
0.0024330502296958855
0.0024699591275156797
0.0025073981526403688
0.002545333563773196
0.002583729730603311
0.0026225492150747944
0.002661752856765384
0.0027012998627221627
0.002741147902196581
0.0027812532067712273
0.0028215706763758406
0.0028620539916541783
0.0029026557330702777
0.002943327507037805
0.0029840200792249183
0.0030246835150357096
0.0030652673271036514
0.0031057206294584075
0.003145992297850888
0.0031860311355476926
0.0032257860437403217
0.003265206195561011
0.003304241212560554
0.0033428413423863853
0.0033809576363056566
0.003418542125149352
0.003455547992211704
0.003491929741624915
0.0035276433607431055
0.0035626464751102468
0.0035968984946539964
0.003630360749839231
0.0036629966166284228
0.0036947716292291
0.0037256535797577203
0.0037556126041108175
0.003784621253505004
0.0038126545513231264
0.0038396900350813603
0.003865707783507256
0.003890690428888649
0.003914623155014809
0.003937493646926024
0.003959292203239816
0.003980011474126142
0.003999646560398816
0.004018194908511038
0.00403565623652617
0.0040520324509963224
0.004067327556058204
0.004081547555883013
0.004094700351580005
0.004106795633634271
0.004117844770930718
0.004127860697377741
0.004136857797094859
0.0041448517890716385
0.00415185961214158
0.004157899314335999
0.0041629899271856926
0.004167151376940203
0.004170404363473536
0.004172770260634254
0.00417427101684621
0.004174929059886686
0.004174767206135095
0.0041738085744992826
0.004172076505173484
0.004169594483319055
0.0041663860677150786
0.004162474824379195
0.004157884265119628
0.004152637790944308
0.0041467586402228135
0.00414026984147074
0.004133194170604344
0.004125554112496088
0.00411737182664683
0.004108669116780421
0.004099467404158387
0.004089787704407539
0.004079650607651021
0.004069076261732817
0.0040580843583273565
0.004046694121729085
0.004034924300121356
0.004022793159129521
0.00401031847747001
0.003997517544514135
0.003984407159593482
0.003971003632881917
0.003957322787697935
0.0039433799640794
0.0039291900234921925
0.003914767354542033
0.003900125879568358
0.003885279062006649
0.003870239914414583
0.003855021007064583
0.003839634477013597
0.003824092037567815
0.003808404988067054
0.0037925842205910414
0.0037766402413171338
0.003760583167692242
0.003744422745018932
0.0037281683562780995
0.0037118290324969065
0.0036954135982962644
0.0036789301776572023
0.00366238689140887
0.003645791478884346
0.0036291513676049527
0.0036124736924806173
0.0035957653067671966
0.003579032791676886
0.0035622824656166502
0.003545520393185412
0.0035287523939424603
0.0035119839197725157
0.0034952205536695796
0.003478467348813187
0.0034617292149939057
0.003445010868056953
0.003428316828014437
0.0034116514248276756
0.0033950188050905403
0.003378422938642378
0.0033618676249749257
0.0033453564994170553
0.0033288930390989653
0.003312480568699974
0.0032961222659848416
0.0032798211671338185
0.0032635801718717957
0.0032474020484021195
0.0032312894381507366
0.0032152448603263877
0.003199270716302735
0.003183369293828076
0.003167542771068722
0.003151793220491552
0.0031361226125917793
0.003120532819471442
0.0031050256182743375
0.0030896026944829597
0.003074265645082893
0.003059015981599973
0.003043855133015546
0.0030287844485648806
0.0030138052004237805
0.0029989185862882633
0.0029841257318519946
0.002969427693186242
0.002954825459026571
0.002940319952970898
0.0029259120355928122
0.0029116025064744536
0.0028973921061626806
0.002883281518052357
0.0028692713702004155
0.002855362237074067
0.0028415546412364334
0.00282784905497381
0.0028142459018650288
0.0028007455582990943
0.0027873483549417798
0.0027740545781544126
0.0027608644713674104
0.0027477782364109557
0.0027347960348050554
0.002721917989011214
0.0027091441836476324
0.002696474666670009
0.0026839094505196285
0.002671448513240483
0.002659091799567086
0.00264683922198433
0.002634690661760913
0.0026226459699575733
0.0026107049684113382
0.002598867450696914
0.0025871331830662424
0.002575501905367213
0.00256397333194235
0.002552547152508297
