43.21355694983695
43.96123109654487
44.667323785682065
45.3341169121672
45.96382439306325
46.55850750263788
47.12007114763975
47.65027554151299
48.15074968427086
48.62300393802665
49.068441285301006
49.48836732681978
49.88399915673735
50.25647325360243
50.60685251062994
50.93613251284357
51.24524715416649
51.53507367493769
51.806437189485386
52.06011476408597
52.29683909765821
52.517301850700534
52.722156662105796
52.9120218884398
53.08748309592579
53.24909533163189
53.39738519712446
53.532852745053106
53.6559732167078
53.767198636483194
53.86695927735324
53.95566500986173
54.0337065457393
54.10145658603692
54.15927088259456
54.20748922072378
54.2464363301544
54.27642273056626
54.29774551738113
54.31068909291979
54.31552584752285
54.31251679478491
54.30191216477801
54.28395195788705
54.25886646428463
54.22687674920046
54.188195108524475
54.14302549624111
54.09156392593549
54.03399884829122
53.97051150633351
53.90127627002172
53.8264609516606
53.74622710347686
53.660730298597834
53.57012039656806
53.474541794449216
53.37413366446582
53.26903017908404
53.15936072434235
53.04525010219065
52.926818722536936
52.8041827856489
52.67745445551008
52.5467420246865
52.4121500712195
52.27377960802445
52.131728225240295
51.98609022594496
51.836956755622104
51.68441592573935
51.52855293177308
51.36945016599325
51.207187325300616
51.04184151438955
50.873487344492624
50.7021970279461
50.528040468800704
50.351085349688084
50.17139721513994
49.98903955154525
49.80407386391932
49.61655974964831
49.42655496936269
49.234115515084675
49.03929567578557
48.84214810048158
48.64272385898901
48.44107250045303
48.23724210975777
48.03127936191958
47.82322957455931
47.61313675854481
47.40104366688951
47.18699184198831
46.97102166126797
46.75317238132485
46.53348218061924
46.31198820079168
46.08872658666374
45.863732524981934
45.63704028196103
45.40868323968004
45.178693931381105
44.94710407571987
44.71394461001255
44.47924572252349
44.243036883834584
44.005346877335754
43.76620382887426
43.52563523559829
43.283667994029216
43.04032842739471
42.79564231225365
42.54963490444259
42.30233096437162
42.05375478169662
41.80393019939353
41.55288063725902
41.30062911486092
41.04719827396067
40.792610400429076
40.53688744567554
40.280051047610385
40.022122551158496
39.7631230283421
39.50307329794942
39.241993944805365
38.97990533865959
38.71682765270644
38.45278088175077
38.18778486003302
37.92185927872607
37.655023703115916
37.38729758947763
37.118700301657576
36.84925112737194
36.57896929423164
36.30787398550259
36.035984355610225
35.76331954539641
35.48989869713643
35.215740969323356
34.9408655512264
34.66529167722968
34.38903864095692
34.11212580918756
33.83457263556904
33.55639867412937
33.277623592594026
32.99826718551034
32.718349387182165
32.43789028441703
32.156910129087585
31.875429350508377
31.59346856762854
31.311048601040344
31.0281904848029
30.744915478079744
30.46124507658816
30.177201023857638
29.89280532229376
29.608080244043443
29.323048341656182
29.03773245853543
28.752155739173137
28.46634163915949
28.180313934958935
27.89409673344255
27.607714481165498
27.321191973377374
27.03455436275176
26.747827167820237
26.461036281094565
26.17420797685944
25.887368918616723
25.60054616616045
25.313767182260598
25.02705983893157
24.74045242326002
24.453973642764804
24.167652630260008
23.881518948190436
23.59560259240682
23.309933995346714
23.02454402858456
22.739464004713323
22.454725678517736
22.17036124739797
21.886403351000478
21.602885070011535
21.319839924067317
21.03730186873313
20.755305284173748
20.47388499342908
20.19307623843969
19.91291465968166
19.633436311078544
19.354677641989603
19.076675486307124
