0.004386200057496932
0.00439422528684501
0.004402097943828312
0.004409831002614603
0.0044174323304282176
0.0044249090423841425
0.0044322679952997985
0.004439515848770253
0.004446659077826867
0.004453703980149726
0.004460656682624506
0.004467523147767006
0.004474309180063255
0.004481020432221443
0.004487662411327181
0.004494240484894258
0.004500759886803995
0.004507225723127488
0.004513642977825655
0.0045200165183230424
0.004526351100952
0.004532651376264498
0.004538921894209454
0.004545167109173924
0.0045513913848870035
0.004557598999185678
0.004563794148642216
0.004569980953052915
0.004576163459788362
0.004582345648005551
0.004588531432722314
0.004594724668754715
0.0046009291545181285
0.004607148635692786
0.004613386808754661
0.004619647324372508
0.004625933790671959
0.004632249776367387
0.0046385988137624635
0.004644984401620007
0.004651410007901739
0.004657879072378579
0.004664395009111783
0.004670961208805306
0.004677581041029529
0.004684257856316346
0.004690994988125556
0.004697795754682223
0.004704663460684558
0.004711601398881756
0.004718612851520965
0.0047257010916623874
0.004732869384361451
0.004740120987716662
0.0047474591537815984
0.004754887129339414
0.004762408156537937
0.0047700254733832595
0.004777742314089658
0.004785561909283308
0.004793487486057341
0.004801522267875314
0.004809669474320328
0.004817932320686589
0.00482631401741029
0.004834817769336405
0.0048434467748178925
0.004852204224643814
0.004861093300792571
0.004870117175006599
0.00487927900718458
0.004888581943587393
0.0048980291148538625
0.004907623633822425
0.004917368593154796
0.004927267062757871
0.004937322087000066
0.004947536681718507
0.0049579138310135145
0.0049684564838271186
0.0049791675503024725
0.004990049897921328
0.005001106347417064
0.005012339668460951
0.0050237525751199935
0.0050353477210848905
0.005047127694667244
0.005059095013565701
0.005071252119401388
0.005083601372023481
0.005096145043586684
0.00510888531240311
0.005121824256571869
0.005134963847390691
0.005148305942554923
0.005161852279150139
0.005175604466446137
0.005189563978500711
0.00520373214658363
0.005218110151431974
0.005232699015349727
0.005247499594166129
0.005262512569068504
0.0052777384383273195
0.005293177508932687
0.005308829888163297
0.005324695475110671
0.0053407739521833635
0.005357064776617605
0.005373567172022911
0.0053902801199928055
0.005407202351813043
0.005424332340301202
0.005441668291813812
0.005459208138458453
0.005476949530550446
0.005494889829355099
0.005513026100158081
0.005531355105707882
0.005549873300075509
0.005568576827363933
0.005587461497550406
0.005606522812557331
0.005625755940322934
0.005645155717307584
0.005664716645848455
0.0056844328922636
0.005704298285751833
0.0057243063181335084
0.005744450144475553
0.005764722584641968
0.0057851161258086195
0.005805622925978063
0.005826234818526874
0.005846943317813884
0.005855018550202225
0.005863597515531844
0.005872692608518118
0.005882305598679711
0.005892428566203454
0.005903045977824382
0.005914136420349419
0.00592567396452533
0.005937629240348885
0.0059499702924710116
0.005962663267034234
0.005975672968149394
0.005988963312682455
0.006002497705063064
0.006016239348691772
0.006030151506695514
0.0060441977219004425
0.006058342003705701
0.006072548987871955
0.0060867840739546215
0.006101013544120841
0.006115204666321355
0.006129325784193182
0.006143346395607547
0.00615723722142124
0.006170970265716356
0.006184518868606723
0.006197857752536266
0.006210963062885647
0.006223812403630676
0.006236384868755138
0.006248661070106321
0.006260623162392714
0.006272254866057689
0.006283524376122665
0.006294414487306221
0.006304913995507966
0.006315013314033447
0.0063247045144130265
0.006333981354589355
0.006342839321385635
0.0063512756780497465
0.0063592895217902045
0.006366881854460326
0.0063740556703282495
0.006380816065841949
0.0063871703775723165
0.006393128356203577
0.006398702386695163
0.006403907767785402
0.006408763068168613
0.00641329058243228
0.006417516917902307
0.006421473755000278
0.006425198840250467
0.00642873729535299
0.006432143362075972
0.006435482758277973
0.006438835907384655
0.006442302443690275
0.00644600762841939
0.006450111711955943
0.0064548239972810496
0.006460424720360153
0.006467300600662573
