5.420306437419331
5.4149886097407505
5.409707784648401
5.404463756744564
5.399256311809287
5.39408522666844
5.388950269039722
5.383851197372024
5.378787760682449
5.373759698393722
5.3687667401743715
5.363808605783917
5.358885004925079
5.353995637104778
5.349140191505476
5.344318346868143
5.339529771387946
5.3347741226235135
5.330051047420517
5.325360181850115
5.320701151162718
5.316073569757433
5.311477041167475
5.306911158061759
5.30237550226286
5.2978696447814775
5.29339314586751
5.288945555077827
5.284526411360781
5.280135243157489
5.2757715685198905
5.271434895245525
5.267124721028988
5.262840533629945
5.258581811057568
5.2543480217712055
5.250138624897055
5.245953070460548
5.241790799634125
5.237651244999996
5.233533830827441
5.229437973364153
5.225363081141042
5.221308555289887
5.217273789873134
5.213258172225112
5.209261083303845
5.205281898052613
5.201319985770348
5.197374710489902
5.19344543136319
5.1895315030521445
5.185632276124427
5.181747097452768
5.17787531061681
5.1740162563063
5.170169272724479
5.166333695990506
5.162508860539753
5.158694099520833
5.154888745188225
5.1510921292894025
5.147303583445392
5.143522439523723
5.139748030002794
5.135979688326713
5.132216749249729
5.128458549169438
5.1247044264480035
5.120953721720701
5.117205778191173
5.113459941912837
5.109715562055988
5.105971991160175
5.102228585371549
5.098484704664919
5.094739713050337
5.090992978764109
5.087243874444198
5.083491777290035
5.0797360692068425
5.075976136934611
5.072211372161944
5.068441171625025
5.064664937192019
5.060882075933248
5.0570920001775495
5.053294127555226
5.049487881028045
5.045672688912265
5.041847984867674
5.038013207908329
5.034167802380216
5.030311217934112
5.026442909488636
5.022562337184039
5.01866896632729
5.0147622673290115
5.010841715632802
5.00690679276282
5.002956985889961
4.99899178754707
4.9950106955222395
4.991013212747108
4.98699884718064
4.982967111688873
4.978917523921098
4.974849606182956
4.970762885306857
4.966656892520138
4.962531163311355
4.958385237295057
4.954218658075394
4.950030973108868
4.945821733566529
4.941590494195892
4.937336813182826
4.933060252013649
4.928760375337654
4.924436750830249
4.92008894905691
4.915716543338097
4.91131910961528
4.9068962263182225
4.902447474233625
4.897972436375247
4.893470697855587
4.888941845759219
4.884385469017836
4.8798011582870755
4.87518850582517
4.870547105373467
4.865876552038842
4.86117644217805
4.856446373284005
4.851685943874024
4.846894753380035
4.8420724020407295
4.837218490795693
4.832332621181462
4.827414395229524
4.822463415366233
4.817479284314618
4.812461604998062
4.807409980445833
4.8023240137004235
4.797203307726686
4.7920474653227165
4.786856089032463
4.7816287810600215
4.776365143185575
4.7710647766829535
4.765727282238768
4.760352259873078
4.754939308861558
4.74948802765913
4.743998013825004
4.738468863949115
4.732900173579887
4.7272915371533095
4.721642547923274
4.715952797893139
4.710221877748477
4.704449376790977
4.698634882873455
4.692777982335942
4.686878259942808
4.680935298820895
4.674948680398613
4.66891798434597
4.662842788515504
4.656722668884082
4.650557199495529
4.644345952404061
4.638088497618494
4.631784403047182
4.625433234443678
4.619034555353066
4.612587927058953
4.606092908531082
4.5995490563735455
4.592955924773569
4.586313065450836
4.579620027607348
4.572876357877758
4.5660816002801985
4.559235296167545
4.5523369841791075
4.5453862001927305
4.538382477277273
4.531325345645451
4.524214332607017
4.5170489625222725
4.5098287567558675
4.502553233630899
4.495221908383264
4.487834293116263
4.4803898967554385
4.47288822500362
4.465328780296173
