161.7549339936881
206.4448170314861
199.47545977915058
195.2571311689524
192.99860222169482
191.74191602659894
190.94003361314876
190.3140830700161
189.73109229545884
189.13099063988508
188.48859712259863
187.79493580226165
187.04836486802495
186.25045677303683
185.4041246220974
184.51279181866678
183.58003767061066
182.60945513800678
181.6045997760925
180.56897542509336
179.50603278262585
178.41917084973556
177.31173738656278
176.18702715249353
175.04827778065558
161.7549339936881
206.4448170314861
199.47545977915058
195.2571311689524
192.99860222169482
191.74191602659894
190.94003361314876
190.3140830700161
189.73109229545884
189.13099063988508
188.48859712259863
187.79493580226165
187.04836486802495
186.25045677303683
185.4041246220974
184.51279181866678
183.58003767061066
182.60945513800678
181.6045997760925
180.56897542509336
179.50603278262585
178.41917084973556
177.31173738656278
176.18702715249353
175.04827778065558
