501005.603097792
286144.7173452372
285518.31972007966
284890.5440581177
284260.48319760466
283627.9032277966
282992.6497632913
282354.5813049139
281713.561734332
281069.45935119694
280422.1466407539
279771.50013002224
279117.4002615375
278459.73127663566
277798.3811072046
277133.2412756044
276464.2068025449
275791.17612272565
275114.05100805
274432.7364982344
273747.14083863626
273057.1754251271
272362.754755852
271663.7963897064
270960.2209113804
270251.95190281275
269538.91592090734
268821.04248136096
268098.2640484643
267370.51603072305
266637.73678216746
265899.8676092
265156.85278284404
264408.63955625286
263655.17818733153
262896.42196633137
262132.3272482688
261362.85349001648
260587.9632919201
259807.62244377506
259021.79997501057
258230.46820890662
257433.6028206769
256631.18289923348
255823.19101245265
255009.6132757438
254190.43942372192
253365.66288477217
252535.2808582892
251699.29439435917
250857.70847564726
250010.5321012424
249157.77837219444
248299.46457847868
247435.61228709784
246566.24743103518
245691.4003987438
244811.10612386328
243925.40417482675
243034.33884402085
242137.95923614444
241236.3193554042
240329.4781911677
239417.49980168944
238500.45339552758
237578.41341019273
236651.45958773769
235719.67704668344
234783.15635003216
233841.99356881648
232896.29034079702
231946.15392384795
230991.69724359186
230033.03893483753
229070.30337637462
228103.62071868568
227133.12690413764
226158.96367922
225181.2785984093
224200.2250192445
223215.96208821377
222228.65471706385
221238.4735491653
220245.59491557616
219250.20078047508
218252.47867565445
217252.62162378686
216250.82805020653
215247.3016829771
214242.2514410443
213235.89131030766
212228.4402074755
211220.12183160734
210211.16450328048
209201.80099136074
208192.26832738993
207182.80760765212
206173.66378301335
205165.0854366785
204157.32455004877
203150.63625690548
202145.27858619127
201141.51219370522
200139.60008306525
199139.80731633952
198142.4007147959
197147.648550245
196155.82022751353
195167.18595861012
194182.01642919608
193200.58245800194
192223.15464987978
191250.00304320717
190281.3967524037
189317.6036063393
188358.88978346676
187405.51944451872
186457.7617681395
185515.86098494937
184580.08036433542
183650.6723057815
182727.8853496898
181811.96381480765
180903.14743982485
180001.67103017378
179107.76411105707
178221.65058772528
177343.54841403398
176473.6692703021
175612.2182514902
174759.39356670325
173915.38625100776
173080.37989052985
172254.5503617797
171438.06558610976
177145.854291487
178429.45825713087
179633.34930705
180768.9698366542
181845.72834604714
182871.48619545103
183852.87438877163
184795.52951039837
185704.2747841806
186583.26106047624
187436.0779100839
188265.84211814898
189075.2688933083
189866.7297159055
190642.29975540563
191403.79706838532
192152.81526243733
192890.7509221527
193618.8268023652
194338.11157425336
195049.53674262515
195753.91122415246
196451.9339767887
197144.20499281367
197831.2349067496
198513.45342080313
199191.21671165098
199864.8139509171
200534.47304615448
201200.3656878236
201862.61177006405
202494.23650817407
203087.26921316402
203674.28805755064
204255.26421923787
204830.13562638927
205398.79292042964
205961.09137954234
206516.84753538374
207065.83820071176
207607.7987529856
208142.4205255002
208669.3471495348
209188.16964370207
209698.41998496908
210199.56281487978
210690.98482655548
211171.981233006
211641.7385198068
212099.31241345094
212543.59961824561
212973.30134011625
213386.87585113416
213782.47623675934
214157.8678254194
214510.31732735722
214836.4419118476
215132.00048409344
215391.59980335803
215608.2721225207
215772.85365333167
215873.04437028276
215891.93869991828
215805.63768165442
215579.1773455925
