1220248.0515198
239944.30209888064
239965.30081651954
239880.0910352336
239804.13530635208
239699.77488587453
239574.6304956588
239429.8185667215
239266.76660703856
239087.01529418683
238892.11357611357
238683.5613413087
238462.780748681
238231.10194101318
237989.75841101023
237739.88659399285
237482.5297175203
237218.64174620595
236949.0937189918
236674.67903544108
236396.11949352807
236114.07122610018
235829.13017263825
235541.83702754893
235252.68208696603
234962.1100042163
234670.5236118103
234378.28799075732
234085.73357746302
233793.15965352187
233500.83690127864
233209.01042424762
232917.9018087637
232627.71158149707
232338.62088134402
232050.79324069084
231764.3765013635
231479.50414497795
231196.29653080046
230914.86192974733
230635.29809050524
230357.69274729906
230082.1249128913
229808.66530997914
229537.37729499032
229268.3175077829
229001.53641705855
228737.07889079244
228474.9847400326
228215.28890642483
227958.02223848665
227703.21160540514
227450.88029435393
227201.0483048593
226953.73261362556
226708.9474335584
226466.70438353188
226227.01291810398
225989.88015802557
225755.31131561307
225523.30976669161
225293.87722254865
225067.01384170438
224842.71834748454
224620.98816198992
224401.81948533255
224185.20740333936
223971.1459569482
223759.62831432774
223550.64657398325
223344.19222188427
223140.25593628417
222938.827667285
222739.89691464262
222543.45247320284
222349.4824406834
222157.97491441286
221968.9170107891
221782.2959748702
221598.09832632056
221416.31038997608
221236.9183587248
221059.90802347386
220885.2650323871
220712.97484722274
220543.02284385232
220375.3941118437
220210.07382331748
220047.04702743705
219886.2987457157
219727.81396887984
219571.5777186706
219417.57501854852
219265.79097088572
219116.21073862337
218968.81958712713
218823.60288156275
218680.54612572285
218539.63497014268
218400.85523317754
218264.19290538767
218129.63413467095
217997.16545182516
217866.77342857115
217738.4449595781
217612.16717682974
217487.92750438556
217365.71363547433
217245.51356374237
217127.3156001395
217011.10836862266
216896.88082654987
216784.62228811922
216674.32239950335
216565.97120315605
216459.5591424734
216355.07690083797
216252.51571865764
216151.86717670682
216053.12328376313
215956.27645517988
215861.31956348196
215768.24588130487
215677.0491624691
215587.72360682097
215500.26385951118
215414.6650655113
215330.92281055043
215249.0331898668
215168.99278311417
215090.798671964
215014.4484247754
214939.94013058132
297983.35379787843
296555.3090820902
295179.6057625663
293854.10057913157
292576.69731490884
291345.3671551246
290158.15924568096
289013.20554460614
287908.72217891
286843.00902646943
285814.447524885
284821.49834693054
283862.697486023
282936.65395110805
282042.04568034544
281177.61620833183
280342.1714212988
279534.57614228874
278753.75118431856
277998.67022957216
277268.3569858373
276561.882568771
275878.3628765761
275216.9561645916
274576.860769267
273957.31293161504
273357.58484761463
272776.9825846449
272214.84442431224
271670.53916541405
271143.46432331816
270633.0448934806
270138.7317310266
269660.00032584806
269196.3494402064
268747.3000233785
268312.394035143
267891.1933875329
267483.2790160577
267088.2497519269
266705.72195819573
266335.32801015896
265976.7159362505
265629.54857619456
265293.5029429786
264968.26956465584
264653.5518067723
264349.065420044
264054.5379944084
263769.3757889381
263493.99243814574
263227.8169248683
262970.95647616015
262722.5192799906
262482.63063276146
262251.089859073
262027.70573307862
261812.29636149004
261604.68948756185
261404.7227612981
261212.24451154517
261027.1146833099
260849.2066338465
260678.40976342716
260514.6338368775
260357.81602590394
260207.93314318015
