9.13631
10.062423365853606
9.836833241819251
9.618071278745763
9.405981388986293
9.200402107341013
9.001170033268057
8.808121200208904
8.62109200945478
8.439919960606034
8.264444206089628
8.09450593932369
7.929948633318703
7.770618153527361
7.616362772350114
7.46703311289032
7.322482047530495
7.182564573379313
7.047137682425257
6.916060239992634
6.789192881081985
6.66639793073097
6.547539351650047
6.432482720146381
6.32109522963987
6.213245719888766
6.1088047292085905
6.0076445665061255
5.909639399676634
5.81466535283834
5.722600634108884
5.633325626665207
5.546723025795335
5.46267795740922
5.381078097390186
5.301813774793107
5.22477810008307
5.14986705273115
5.0769795769810155
5.006017664301617
4.93688642517719
4.869494149651268
4.803752356259056
4.739575829135849
4.676882643269933
4.615594176107663
4.555635117064826
4.496933446787834
4.439420424622316
4.383030556319743
4.32770155502633
4.2733742859413955
4.219992717102764
4.167503847115012
4.115857674585001
4.065006949704799
4.014907345415382
3.9655171915003256
3.9167974232711162
3.868711481891589
3.8212252114990863
3.774306753775997
3.7279264406078543
3.6820566854459797
3.636671873954289
3.5917482545132384
3.547263829107346
3.503198245098557
3.4595326883533324
3.4162497781530328
3.373333464285549
3.3307689266717664
3.2885424778482806
3.2466414685841882
3.2050541968745363
3.1637698205108102
3.1227782733956326
3.082070185728144
3.0416368081535503
3.001469939936411
2.961561861185011
2.921905269125492
2.882493218396472
2.843319065311199
2.804376416011611
2.765659078447678
2.727161017884003
2.6888763163426734
2.6507991350228735
2.61292378642829
2.575244162693805
2.537754809013662
2.500449777209668
2.4633231738169274
2.4263690241469793
2.389581254776692
2.3529536783494867
2.3164799805599428
2.2801537092305
2.2725092651932615
2.2729015712348306
2.273287687210177
2.2736677206314586
2.2740418323506524
2.27441011756335
2.274772694025492
2.275129677785738
2.2754811766889715
2.275827318679512
2.2761682003279504
2.2765039336599076
2.276834624020925
2.277160374404698
2.2774812854187614
2.277797455265352
2.278108979734626
2.2784159522096656
2.278718463680547
2.279016602766831
2.2793104557473005
2.2796001065953564
2.279885637019493
2.280167126507955
2.280444652376499
2.2807182898191534
2.2809881119607036
2.2812541899109235
2.281516592819738
2.2817753879331804
2.2820306406496007
2.282282414575604
2.282530771582321
2.2827757718604706
2.283017473975302
2.283255934920343
2.283491210170251
2.283723353732606
2.2839524181982926
2.28417845479097
2.284401513414842
2.2846216427012838
2.284838890053845
2.285053301692059
2.285264922693671
2.285473797035472
2.2856799676327326
2.2858834763770246
2.286084364173011
2.286282670973523
2.286478435813456
2.2866716968422094
2.2868624913550044
2.2870508558229887
2.2872368259217444
2.2874204365590587
2.287601721901376
2.2877807153990384
2.2879574498105892
2.2881319572261187
2.288304269089387
2.2884744162190875
2.28864242882949
2.2888083365496086
2.2889721684421276
2.2891339530210404
2.289293718268995
2.289451491653302
2.289607300141845
2.2897611702178655
2.2899131278943607
2.290063198727713
2.2902114078308125
2.2903577798855297
2.2905023391547656
2.2906451094940103
2.2907861143621893
2.290925376832275
2.29106291960132
2.2911987650002206
2.2913329350028624
2.2914654512351342
2.2915963349833572
2.291725607202394
2.291853288523683
2.2919793992625457
2.2921039594256394
2.2922269887177444
2.2923485065484956
2.2924685320388316
2.2925870840271063
2.2927041810751168
2.29281984147376
2.292934083248666
2.293046924165362
2.293158381734432
2.2932684732166284
2.293377215627405
2.2934846257417765
2.2935907200985994
2.2936955150049165
