44.176014709655945
25.004102313951105
25.11187385932561
25.21757180842229
25.321085651132297
25.422298699400148
25.52112937458212
25.617530013912795
25.711480530622584
25.802982350475695
25.89205326472917
25.978723185595634
26.063030711761524
26.145020417739897
26.224740772097903
26.302242594383866
26.37757795447437
26.45079942886273
26.521959629925217
26.591110937704542
26.658305374197496
26.723594570288498
26.787029787582767
26.848661966647953
26.90854178095813
26.966719682573572
27.023245932371704
27.07817060804793
27.131543591787203
27.183414537848034
27.233832807622026
27.282847415284515
27.330506934714688
27.37685940804917
27.421952245952802
27.46583212414657
27.508544889322682
27.550135447260732
27.59064767283197
27.630124318860734
27.668606934090345
27.70613578819129
27.74274980694668
27.778486516345744
27.813381996862496
27.847470847173927
27.880786158789196
27.91335949493957
27.94522088853309
27.976398838295683
28.006920317996517
28.036810795101236
28.066094248700477
28.094793202090525
28.122928711502112
28.15052058724681
28.17758716159558
28.20414552311961
28.230211520018358
28.255799813678536
28.28092393394137
28.305596336192444
28.329828459255143
28.353630783927507
28.377012891533322
28.399983522439527
28.42255063367688
28.444721455611106
28.46650254739662
28.48789985075679
28.508918741898114
28.529564081592646
28.549840262601155
28.569751255105558
28.589300649330063
28.608491695628356
28.627327342017338
28.64581026840823
28.663942918682284
28.681727529422027
28.699166156117162
28.716260696487353
28.73301291092527
28.749424440356737
28.765496821376868
28.781231498869342
28.79662983590906
28.811693121222127
28.826422574657546
28.840819349854193
28.854882475322707
28.868619154180486
28.882024149888935
28.895100399096584
28.907848690675802
28.920269719224745
28.932364073269685
28.94242966484993
28.942758529789845
28.943046985433686
28.94329514235131
28.94350335111327
28.943672015120118
28.943801641034526
28.943892773241153
28.943946026674254
28.943961964218005
28.94394132068404
28.943884772725035
28.943793044559087
28.943666882183372
28.943507049564552
28.94331432511703
28.943089498872645
28.94283336941286
28.9425467415554
28.942230423842982
28.941885226598064
28.9415119599737
28.94111143218617
28.940684448151313
28.940231807920235
28.939754305524367
28.939252727888103
28.938727853628603
28.93818045252478
28.93761128449824
28.937021098801644
28.936410633743776
28.93578061604493
28.93513176017258
28.934464768226835
28.93378032949355
28.933079120145333
28.932361803114357
28.931629027922906
28.930881430431686
28.93011963287519
28.929344243747323
28.928555857811062
28.92775505607844
28.92694240587586
28.926118460968656
28.925283761424488
28.924438833933106
28.923584191895316
28.92272033549593
28.921847751757408
28.92096691504907
28.920078286786104
28.91918231602164
28.918279439447925
28.917370081466505
28.91645465477239
28.915533560117428
28.91460718693785
28.91367591315336
28.91274010580281
28.91180012094414
28.910856304002465
28.90990899006047
28.908958503947854
28.908005160465333
28.907049264768563
28.906091112490767
28.90513098979751
28.904169173932107
28.90320593323399
28.902241527285256
28.90127620725305
28.900310216130375
28.899343788742456
28.89837715214683
28.897410525801142
28.89644412162301
28.89547814438437
28.894512791630266
28.89354825420326
28.892584716153912
28.89162235502053
28.890661342039405
28.88970184224709
28.888744014647976
28.88778801244762
28.88683398317937
28.88588206882671
28.884932406011025
28.883985126141926
28.883040355600233
28.88209821570486
28.88115882323893
28.880222289953583
28.87928872351115
28.878358226875424
28.877430898932033
28.87650683432962
28.875586123670985
28.87466885380817
28.8737551076377
28.87284496453185
