93.6
93.82893563141775
94.04551012955805
94.24988963265882
94.44223492290048
94.62270259495502
94.7914461359856
94.94861658136085
95.09436291522022
95.22883231857165
95.35217032589632
95.46452092641269
95.56602663141062
95.6568285203235
95.73706627301803
95.80687819270119
95.86640122200998
95.91577095375163
95.95512163709854
95.98458617963212
96.00429614536937
96.01438174872919
96.0149718442654
96.0061939118872
95.9881740371902
95.96103688642233
95.92490567550307
95.879902132395
95.82614645198947
95.7637572425047
95.69285146220663
95.61354434503382
95.52594931343636
95.4301778764148
95.32633951035282
95.21454151976691
95.09488887452855
94.9674840194273
94.83242665111463
94.6898134564667
94.53973780519725
94.38228938810231
94.21755379058533
94.04561198906359
93.86653975546511
93.68040695230086
93.48727669779989
93.28720437752241
93.08023647607637
92.86640920085834
92.64574687049215
92.418260038429
92.18394339568044
91.9427733552878
91.6947055459971
91.43967232747656
91.17758072025616
90.90831142196323
90.63172003263374
90.34764224007918
90.05590546161211
89.75635003496737
89.44886284840075
89.13342417224004
88.81016321701446
88.47940982594302
88.14172249937947
87.79787390502956
87.44878897154112
87.09545177285887
86.73881088883724
86.37970928229903
86.01884909122735
85.6567871339562
85.29394957483423
84.93065494859582
84.56713811197088
84.20357135596689
83.84008140605374
83.47676237812483
83.11368531066749
82.75090501705948
82.38846493589296
82.0264005291401
81.66474164684801
81.3035141654855
80.94274112007686
80.58244348548828
80.22264071545902
79.86335111476929
79.50459209665613
79.14638036138957
78.7887321611293
78.43166296616211
78.07518794565227
77.71932173470671
77.36407888435096
77.00947346908968
76.655519241853
76.30222964832832
75.94961785673921
75.59769671226498
75.24647880055036
74.8959764366799
74.54620167172327
74.19716629879429
73.84888185874178
73.50135964556024
73.15461071158016
72.80864587247979
72.46347571214692
72.11911058741072
71.77556063265789
71.43283576434244
71.09094568539669
70.7498998895482
70.4097076655464
70.0703781013022
69.73192008794196
69.39434232377845
69.05765331819981
68.72186139547782
68.38697469849674
68.05300119240383
67.71994866818235
67.38782474614814
67.05663687937076
66.72639235701989
66.39709830763816
66.06876170234096
65.74138935794481
65.4149879400241
65.08956396589834
64.76512380754963
64.44167369447248
64.11921971645573
63.797767826298205
63.47732384245892
63.157893451642494
62.83948221132094
62.522095552192646
62.20573878057959
61.89041708076344
61.57613551726188
61.2628990370457
60.95071247169785
60.639580539515194
60.32950784755416
60.020498893620754
59.712558068206505
59.40568965637057
59.09989783956961
58.79518669743577
58.49156020950399
58.18902225688961
57.88757662391698
57.58722699970022
57.2879769796767
56.98983006709456
56.6927896744548
56.39685912490929
56.10204165361486
55.80834040904515
55.515758454260606
55.22429876813769
54.93396424655811
54.64475770355893
54.35668187244445
54.06973940686074
53.78393288183363
53.499264794770916
53.21573756642981
52.93335354185036
52.65211601642407
52.3720261007218
52.093085919274046
