0.9997085533134842
0.992432189228579
0.9924790816686077
0.9925242401880374
0.9925677706843776
0.9926097122816719
0.9926501089671131
0.9926890103983749
0.9927264708731215
0.9927625482892344
0.9927973032084112
0.9928307977693341
0.9928630951440396
0.9928942586229891
0.9929243510283485
0.9929534341725423
0.9929815684058348
0.9930088122478222
0.9930352220962204
0.9930608520056711
0.9930857535289319
0.9931099756127701
0.9931335645410866
0.9931565639181789
0.9931790146855428
0.9932009551661948
0.9932224211310936
0.9932434458828657
0.9932640603526323
0.9932842932063116
0.9933041709573045
0.9933237180829565
0.9933429571426319
0.9933619088956257
0.9933805924174837
0.9933990252136018
0.9934172233292297
0.9934352014552286
0.9934529730291175
0.9934705503310899
0.9934879445748213
0.9935051659929893
0.9935222239175042
0.9935391268545268
0.9935558825544005
0.9935724980766503
0.9935889798502535
0.9936053337293898
0.9936215650448963
0.9936376786516692
0.9936536789722435
0.9936695700367915
0.9936853555197731
0.9937010387734673
0.9937166228586011
0.9937321105722917
0.9937475044735037
0.9937628069062057
0.9937780200204197
0.9937931457913206
0.9938081860365557
0.9938231424319247
0.9938380165255689
0.9938528097507892
0.9938675234376201
0.9938821588232656
0.9938967170615035
0.9939111992311508
0.9939256063436732
0.9939399393500267
0.9939541991467957
0.9939683865817017
0.9939825024585378
0.9939965475415872
0.9940105225595807
0.9940244282092282
0.9940382651583821
0.9940520340488548
0.9940657354989362
0.994079370105639
0.9940929384466946
0.994106441082339
0.9941198785568953
0.9941332514001839
0.9941465601287796
0.994159805247126
0.9941729872485275
0.9941861066160309
0.9941991638232083
0.9942121593348533
0.994225093607601
0.9942379670904755
0.9943269586324722
0.994338922180652
0.9943508526535442
0.9943627446518839
0.9943745944830813
0.994386399649572
0.9943981584911271
0.9944098699343463
0.9944215333170418
0.9944331482650418
0.9944447146057273
0.9944562323073247
0.9944677014362806
0.9944791221273237
0.9944904945624414
0.9945018189561128
0.9945130955449439
0.9945243245803881
0.9945355063236382
0.994546641042045
0.9945577290066079
0.9945687704902157
0.9945797657664196
0.9945907151085773
0.9946016187892563
0.994612477079824
0.9946232902501637
0.9946340585684825
0.9946447823011829
0.9946554617127786
0.9946660970658414
0.9946766886209704
0.9946872366367752
0.9946977413698724
0.9947082030748879
0.994718622004463
0.9947289984092662
0.994739332538008
0.9947496246374536
0.9947598749524416
0.9947700837258995
0.9947802511988614
0.994790377610486
0.994800463198073
0.9948105081970828
0.994820512841153
0.9948304773621152
0.9948404019900143
0.9948502869531238
0.9948601324779651
0.9948699387893218
0.9948797061102586
0.9948894346621363
0.99489912466463
0.9949087763357435
0.9949183898918257
0.9949279655475876
0.9949375035161161
0.9949470040088915
0.9949564672358013
0.9949658934051552
0.9949752827237004
0.9949846353966375
0.994993951627634
0.9950032316188376
0.9950124755708933
0.9950216836829544
0.9950308561526993
0.9950399931763422
0.9950490949486501
0.9950581616629545
0.995067193511163
0.9950761906837763
0.9950851533698981
0.9950940817572497
0.9951029760321817
0.9951118363796869
0.9951206629834134
0.9951294560256755
0.9951382156874676
0.9951469421484747
0.9951556355870855
0.995164296180403
0.9951729241042581
0.9951815195332178
0.9951900826406002
0.9951986135984837
0.9952071125777177
0.9952155797479362
0.9952240152775663
0.995232419333839
0.995240792082801
0.9952491336893251
0.9952574443171206
0.9952657241287428
0.9952739732856034
0.9952821919479821
0.9952903802750347
0.9952985384248036
0.9953066665542291
0.995314764819156
0.9953228333743458
0.9953308723734855
0.9953388819691956
0.9953468623130423
0.995354813555543
0.9953627358461793
0.9953706293334023
