1175241.6484992
741484.7403622137
732332.9765287132
724004.7706152064
716458.9657010477
709615.474200421
703396.8522582041
697735.0298173667
692571.181976082
687854.4768506865
683540.8252536209
679591.816113236
675973.8372669035
672657.3516310989
669616.2992450567
666827.6008684856
664270.7437798339
661927.4344433129
659781.3058603485
657817.6698733448
656023.3066063083
654386.2847325695
652895.8074491114
651542.0799815882
650316.1951981548
649210.0345153277
648216.1817669711
647327.8481028343
646538.8063046644
645843.33317093
645236.1588369639
644712.4220751947
644267.6307673043
643897.6268623451
643598.5552366864
643366.8359568728
643199.1395179413
643092.364689936
643043.6186562089
643050.1991701281
643109.5784934405
643219.3889106752
643377.4096406305
643581.5549888065
643829.8636042344
644120.4887210164
644451.6892794984
644821.8218345435
645229.3331693313
645672.7535426025
646150.690505529
646661.8232315988
647204.897309236
647778.7199523849
648382.1555891628
649014.1217929177
649673.5855238454
650359.5596525789
651071.099740151
651807.3010512958
652567.2957803798
653350.2504712943
654155.3636144823
654981.8634058626
655829.0056539141
656696.0718224405
657582.3671977208
658487.2191697819
659409.975618486
660350.0033959182
661306.6868973857
662279.4267139733
663267.638360228
664270.7510711207
665288.2066629118
666319.4584530387
667363.9702345192
668421.2153007957
669490.6755172275
670571.8404358126
671664.206449973
672767.2759865179
673880.5567321072
675003.5608918314
676135.8044776453
677276.8066246356
678426.088933255
679583.174835832
680747.5889857936
681918.8566681899
683096.503230257
684280.0535308246
685469.031407555
686662.9591610596
687861.3570550401
689063.7428317383
690269.631242021
691478.5335895355
692689.9572884599
693903.4054344175
695118.3763882607
696334.3633724098
697550.8540796144
698767.3302939639
699983.2675241149
701198.1346487312
702411.3935742036
703622.4989047659
704830.8976252074
706036.0287963978
707237.323263948
708434.2033803284
709626.082740876
710812.3659341233
711992.4483069632
713165.7157452197
714331.5444701993
715489.3008519093
716638.3412396136
717778.0118104747
718907.6484370845
720026.5765746856
721134.1111689411
722229.5565851954
723312.2065601092
724381.3441766637
725436.2418635357
726476.1614198256
727500.354066231
728508.0605236891
729498.5111205834
730470.9259295869
731424.5149352496
732358.4782334061
733272.0062635056
734164.2800749287
735034.4716283611
735881.744133253
736705.2524223895
737504.1433645111
738277.5563159504
739024.6236121355
739744.4710997735
740436.2187104792
741098.9810764996
741731.8681891195
742333.9861002559
742904.4376675857
743442.3233435252
743946.742008157
744416.7918461493
744851.5712675374
745250.1798720623
745611.7194566486
745935.2950654036
746220.0160813356
746464.9973588323
746669.3603957164
746832.2345435136
746952.7582543534
747030.0803626997
747063.3613999274
747051.7749394868
746994.5089702118
746890.7672950998
746739.770952639
746540.7596575669
746292.9932576896
745995.7532032084
745648.3440247425
745250.09481607
744800.3607173852
744298.5243946874
743743.9975107624
743136.2221829867
742474.6724231462
741758.8555542025
740988.3135989303
740162.6246351886
739281.4041125512
738344.3061249518
737351.0246339687
736301.294637397
735194.893277748
734031.6408853829
732811.401951057
731534.0860227701
730199.6485219338
728808.0914740358
727359.4641491822
725853.8636081098
724291.4351495033
722672.4618917023
720997.0001557766
719265.3656567951
717478.0530496046
715635.3708985506
713737.7573267722
711785.6987967739
709779.7296414396
