0.005043081783295728
0.005098578350273891
0.005152048954546546
0.005203514721651296
0.005253009249938886
0.005300577133456008
0.005346272429445063
0.005390157124778926
0.005432299639362684
0.005472773397488334
0.005511655491180368
0.005549025453153413
0.005584964150252755
0.005619552803648701
0.005652872136818126
0.005685001648833095
0.005716019007516154
0.0057459995548626245
0.0057750159156726545
0.005803137699468639
0.005830431285398509
0.005856959679842066
0.00588278243675437
0.005907955631313462
0.00593253187812181
0.005956560385980402
0.00598008704206743
0.006003154519171685
0.006025802400428397
0.006048067316762671
0.00606998309295023
0.006091580898849522
0.006112889402939859
0.006133934925816713
0.0061547415917493
0.006175331476800563
0.006195724752349545
0.006215939823146158
0.006235993459272848
0.0062559009215923415
0.006275676080429717
0.00629533152737532
0.006314878680206735
0.00633432788101676
0.006353688487703634
0.006372968959032778
0.0063921769335183055
0.006411319302400481
0.006430402277013495
0.006449431450848626
0.006468411856622319
0.006487348018658091
0.006506244000886902
0.006525103450763058
0.006543929639383093
0.006562725498083687
0.006581493651782114
0.0066002364493094705
0.00661895599097319
0.006637654153571524
0.006656332613068871
0.00667499286512719
0.00669363624367563
0.006712263937687592
0.006730877006322265
0.006749476392575922
0.006768062935577174
0.006786637381649828
0.006805200394257176
0.006823752562932142
0.006842294411289189
0.006860826404205636
0.006879348954252563
0.006897862427448522
0.006916367148402729
0.006934863404908479
0.006953351452041973
0.0069718315158166745
0.006990303796438646
0.007008768471204021
0.007027225697075876
0.007045675612974102
0.007064118341808665
0.007082553992283641
0.007100982660496694
0.007119404431356057
0.007137819379835167
0.007156227572082545
0.007174629066403222
0.007193023914125911
0.00721141216036887
0.007229793844715815
0.007229793844715815
0.007229793844715814
0.007229793844715815
0.007229793844715814
0.007229793844715814
0.007229793844715814
0.007229793844715815
0.007229793844715814
0.007229793844715814
0.007229793844715815
0.007229793844715814
0.007229793844715815
0.007229793844715815
0.007229793844715814
0.007229793844715814
0.007229793844715814
0.007229793844715815
0.007229793844715815
0.007229793844715815
0.007229793844715815
0.007229793844715815
0.007229793844715814
0.007229793844715814
0.007229793844715814
0.007229793844715814
0.007229793844715814
0.007229793844715814
0.007229793844715815
0.007229793844715814
0.007229793844715815
0.007229793844715815
0.007229793844715815
0.007229793844715814
0.007229793844715814
0.007229793844715814
0.007229793844715814
0.007229793844715814
0.007229793844715814
0.007229793844715815
0.007229793844715815
0.007229793844715815
0.007229793844715815
0.007229793844715814
0.007229793844715814
0.007229793844715815
0.007229793844715815
0.007229793844715815
0.007229793844715815
0.007229793844715814
0.007229793844715815
0.007229793844715815
0.007229793844715814
0.007229793844715815
0.007229793844715815
0.007229793844715814
0.007229793844715814
0.007229793844715815
0.007229793844715814
0.007229793844715814
0.007229793844715815
0.007229793844715814
0.007229793844715814
0.007229793844715814
0.007229793844715814
0.007229793844715814
0.007229793844715815
0.007229793844715814
0.007229793844715815
0.007229793844715814
0.007229793844715814
0.007229793844715815
0.007229793844715815
0.007229793844715815
0.007229793844715814
0.007229793844715814
0.007229793844715815
0.007229793844715814
0.007229793844715815
0.007229793844715815
0.007229793844715814
0.007229793844715814
0.007229793844715815
0.007229793844715814
0.007229793844715815
0.007229793844715814
0.007229793844715815
0.007229793844715814
0.007229793844715815
0.007229793844715814
0.007229793844715815
0.007229793844715814
0.007229793844715814
0.007229793844715815
0.007229793844715815
0.007229793844715814
0.007229793844715815
0.007229793844715815
0.007229793844715814
0.007229793844715815
0.007229793844715815
0.007229793844715815
0.007229793844715815
0.007229793844715815
0.007229793844715815
0.007229793844715815
0.007229793844715815
0.007229793844715814
0.007229793844715814
