-7.053649977123153
16.19024781808858
16.598300701896758
17.037078102977173
17.504485166924596
17.999031260823305
18.51919989313387
19.0633777180276
19.629868468150814
20.216919227785326
20.822747172592173
21.445564248686413
22.083598920375007
22.735114608493344
23.398424724265496
24.071904407553696
24.753999221264465
25.44323114184818
26.13820222851815
26.837596360945867
27.540179417379896
28.24479823149403
28.950378624199406
29.65592276179495
30.360506048006854
31.063273717073567
31.763437259333127
32.46027078038965
33.15310736954342
33.841335529187724
34.52439572630771
35.201777035630286
35.873013968610465
36.5376834390553
37.19540189578964
37.8458225996646
38.48863309535616
39.12355280141679
39.75033076966275
40.36874358527216
40.97859340548012
41.57970613068314
42.17192970161232
42.75513251633014
43.329201960855855
43.894043048776034
44.4495771558875
44.99574086535521
45.53248488015338
46.05977304275481
46.57758141735485
47.08589743955898
47.584719176706635
48.07405458485439
48.55392083343554
49.02434385668194
49.485357563133235
49.93700348909523
50.37933028564839
50.81239328192236
51.23625407902764
51.65098017099536
52.056644589365064
52.45332556830095
52.84110622742893
53.22007426981748
53.59032169282694
53.95194450980238
54.305042480833585
54.649718851073025
54.9860800953196
55.314235667799885
55.63429775630218
55.946381039975996
56.250602450313345
56.54708093496494
56.8359372241779
57.11729359978329
57.39127366671778
57.65800212719396
57.91760455765839
58.17020718874646
58.415936688470985
58.65491994889055
58.88728387651778
59.1131551867135
59.332660201767894
59.54592465692692
59.753073501010334
59.95423071730933
60.1495160103245
60.33906032598744
60.5229741301234
60.70137895413149
60.87439127692935
61.042125583321244
61.20469420363064
61.36342963109282
61.52421879847719
61.68068360437297
61.832955760821775
61.981159206718
62.125412888757666
62.26583145762733
62.40252555184335
62.53560203969318
62.665164432186046
62.79131271439638
62.9141439052536
63.03375202294436
63.150228265465394
63.26366113674093
63.3741365597353
63.481737978413584
63.58654645017189
63.688640730091834
63.78809734821949
63.88499068086342
63.97939301678917
64.07137461904246
64.16100378302426
64.24834689136266
64.33346846601886
64.41643121801503
64.4972960951073
64.57612232765439
64.65296747293053
64.72788745805258
64.8009366216679
64.87216775454864
64.94163213918584
65.00937958845816
65.07545848345781
65.1399158105179
65.20279719748561
65.26414694927354
65.32400808272209
65.38242236077842
65.4394303260208
65.49507133352883
65.5493835831146
65.60240415091462
65.65416902034886
65.7047131124555
65.754070315588
65.80227351449183
65.84935461875622
65.89534459064323
65.94027347228615
65.9841704122859
66.02706369167207
66.0689807492621
66.10994820641164
66.1499918911464
66.18913686171227
66.22740742951254
66.26482718147388
66.30141900181195
66.33720509323918
66.37220699759527
66.40644561591992
66.43994122798057
66.47271351125512
66.50478155937981
66.53616390008052
66.56687851259231
66.59694284456728
66.62637382850062
66.65518789767282
66.68340100161626
66.71102862112387
66.73808578281225
66.7645870732386
66.79054665259146
66.81597826796967
66.84089526624352
66.86531060653112
66.88923687227516
66.91268628295771
66.93567070543959
66.95820166494738
66.98029035571686
67.00194765129783
67.02318411453368
67.04401000722395
67.06443529948199
67.0844696787906
67.10412255877077
67.12340308766807
67.14232015657197
67.16088240735837
67.1790982404005
67.19697582199782
67.2145230916014
67.2317477687785
67.24865735996953
67.26525916501836
67.28156028349089
67.29756762079923
67.31328789411361
