312.205771918
310.44991353904146
310.35370336904634
310.2634933113486
310.1782302836539
310.09724513447713
310.020090298382
309.94645195177924
309.87609762722053
309.80884492864135
309.7445428258294
309.6830604461226
309.62428033433565
309.5680943761422
309.51440130972145
309.4631051851194
309.4141143896451
309.367341011785
309.3227004079114
309.28011089071714
309.2394934908156
309.2007717623133
309.1638716146405
309.128721159743
309.0952505677555
309.0633919266176
309.03307910242677
309.0042475980354
308.9768344077901
308.9507778662706
308.92601748902126
308.9024938028187
308.8801481628855
308.85892255392184
308.83875937129994
308.81960117808393
308.8013904326753
308.78406918084335
308.76757870463547
308.75185911912513
308.7368489060914
308.7224843715211
308.70869901119795
308.69542276562686
308.6825811421544
308.67009417854234
308.657875218816
308.6458294696168
308.6338523050249
308.6218272921796
308.6096239237016
308.59709507327216
308.584074428089
308.57037303654727
308.5557779381413
308.5400502015395
308.5229261322599
308.5041227708227
308.4833511626732
308.4603422531344
308.4348916848281
308.40692983279035
308.37661945156276
308.34447134256067
308.31144575235777
308.27897959020305
308.24886997439137
308.22298648061513
308.2028823077746
308.18946394513875
308.18286747716485
308.18257042609787
308.18764334922525
308.1970134094714
308.20965426543904
308.2246870320246
308.2414110935474
308.25929432980996
308.2779459248392
308.2970856043786
308.31651587548083
308.3360994938027
308.355742235092
308.3753801955444
308.394970647764
308.41448555706836
308.4339070315076
308.4532241505851
308.47243076558027
308.49152397870887
308.5105030941051
308.52936889553945
308.5481256286522
308.5667712052173
308.58531023407767
308.60374587258997
308.6220788913308
308.6403171090259
308.65846202951275
308.676516836351
308.69448425205894
308.71236834945836
308.73017168991953
308.74789730739565
308.7655481589306
308.7831271239844
308.8006370045671
308.81808052592555
308.8354603376279
308.8527790149034
308.870039060154
308.88724290457117
308.9043929098135
308.9214913697051
308.93854051194364
308.9555424997931
308.9724994337546
308.98941335320904
309.0062862380262
309.02312001013263
309.0399165350542
309.0566776234013
309.0734050323324
309.0901004669692
309.10676558177465
309.123401981895
309.1400112244753
309.15659481991014
309.1731542330905
309.1896908846057
309.20620615190484
309.2227013704284
309.2391778347236
309.2556367995023
309.2720794806952
309.28850705646
309.3049206681691
309.3213214213672
309.33771038670625
309.3540886008446
309.3704570673358
309.38681675748103
309.40316861116384
309.41951353765614
309.43585241641244
309.45218609782876
309.4685154039916
309.4848411293999
309.501164041669
309.5174848822169
309.5338043669273
309.55012318679866
309.566442008573
309.582761475348
309.59908220717097
309.6154048016188
309.6317298343611
309.6480578597052
309.6643894111298
309.6807250018013
309.69706512507827
309.7134102549989
309.7297608467571
309.7461173371659
309.76248014510594
309.7788496719629
309.795226302054
309.8116104030387
309.82800232632354
309.8444024074511
309.86081096648235
309.8772283083613
309.89365472328166
309.91009048702887
309.92653520916275
309.94298990039505
