6.357570475888986
6.355494239775495
6.353418348737703
6.3513428111542
6.349267635348757
6.347192829588822
6.3451184020841875
6.343044360985897
6.340970714385393
6.338897470313893
6.336824636741982
6.334752221579409
6.3326802326750675
6.330608677817142
6.328537564733397
6.326466901091596
6.3243966945000265
6.3223269525081145
6.3202576826071075
6.31818889223082
6.316120588756418
6.314052779505232
6.311985471743599
6.3099186726836995
6.307852389484415
6.305786629252167
6.303721399041758
6.301656705857194
6.299592556652492
6.297528958332468
6.295465917753513
6.293403441724334
6.291341537006683
6.28928021031606
6.2872194683223945
6.285159317650701
6.283099764881714
6.281040816552506
6.27898247915707
6.276924759146897
6.274867662931518
6.272811196879037
6.270755367316635
6.268700180531057
6.266645642769083
6.264591760237975
6.2625385391059085
6.260485985502384
6.258434105518618
6.256382905207924
6.254332390586066
6.252282567631603
6.250233442286211
6.248185020454992
6.246137308006762
6.2440903107743315
6.242044034554757
6.2399984851095915
6.237953668165105
6.235909589412506
6.233866254508136
6.231823669073656
6.229781838696216
6.2277407689286095
6.2257004652894254
6.223660933263172
6.221622178300402
6.2195842058178155
6.217547021198359
6.215510629791312
6.213475036912357
6.211440247843649
6.209406267833868
6.207373102098266
6.205340755818701
6.203309234143665
6.201278542188311
6.199248685034458
6.197219667730601
6.195191495291906
6.193164172700205
6.191137704903982
6.189112096818352
6.187087353325038
6.185063479272338
6.183040479475093
6.181018358714646
6.178997121738802
6.176976773261775
6.174957317964146
6.1729387604928005
6.17092110546088
6.168904357447717
6.166888520998776
6.164873600625588
6.162859600805689
6.160846525982545
6.158834380565491
6.156823168929654
6.154812895415889
6.152803564330696
6.15079517994616
6.148787746499865
6.146781268194829
6.144775749199426
6.142771193647313
6.140767605637356
6.138764989233554
6.136763348464971
6.13476268732566
6.132763009774591
6.130764319735581
6.1287666210972285
6.126769917712838
6.124774213400357
6.122779511942315
6.12078581708575
6.118793132542156
6.116801461987421
6.114810809061768
6.112821177369697
6.110832570479937
6.108844991925395
6.106858445203106
6.104872933774199
6.10288846106384
6.1009050304612
6.098922645319424
6.096941308955595
6.094961024650709
6.09298179564965
6.091003625161172
6.0890265163578805
6.087050472376221
6.0850754963164695
6.083101591242738
6.081128760182973
6.07915700612896
6.077186332036337
6.0752167408246125
6.073248235377184
6.07128081854137
6.069314493128438
6.067349261913649
6.065385127636298
6.063422092999764
6.06146016067157
6.059499333283439
6.057539613431369
6.055581003675703
6.053623506541214
6.051667124517189
6.049711860057524
6.047757715580826
6.045804693470521
6.0438527960749635
6.041902025707561
6.0399523846469005
6.038003875136883
6.036056499386864
6.034110259571801
6.0321651578324085
6.0302211962753205
6.028278376973256
6.026336701965198
6.0243961732565685
6.022456792819424
6.020518562592647
6.018581484482145
6.016645560361062
6.014710792069991
6.012777181417192
6.010844730178823
6.008913440099167
6.006983312890874
6.005054350235203
6.0031265537822724
6.001199925151313
5.999274465930928
5.997350177679364
5.995427061925685
5.9935051201673035
5.991584353873016
5.989664764482367
5.9877463534059325
5.985829122025616
5.983913071694941
5.981998203739348
5.980084519456501
5.978172020116588
5.976260706962636
5.974350581210812
5.972441644050745
5.970533896645836
5.968627340133579
5.966721975625875
5.964817804209359
5.962914826945716
5.9610130448720104
5.959112459001005
