207982.23911999998
360009.71742879675
365753.3556181718
371651.6574736512
377699.94889325224
383900.72091668856
390257.48075830797
396773.8057819639
403453.18857989175
410299.0047843025
417314.5030967016
424502.80231678725
431866.89268864325
439409.6406135481
447133.79599286476
455042.00153863506
463136.80347859534
471420.66319891927
479895.9694919135
488565.051184649
497430.1900197345
506493.63372731995
515757.6092768867
525224.3363244972
534896.0408857017
544774.9692632908
554863.402256323
565163.6696632059
575678.1650868411
586409.3600822568
597359.8232117267
608532.2300453752
619929.3830257548
631554.2258364718
643409.8616280217
655499.5639868709
667826.8006429763
680395.2454697683
693208.796419518
706271.5925401241
719588.031267788
733162.7860752214
747000.8245692257
761107.427159679
775488.2064340381
790149.1253357622
805096.5266820942
820337.1432591139
835878.1303621938
851727.0889497851
867892.0966911713
884381.7263529771
901205.0946840441
918371.8871962137
935892.261076134
953777.4342916156
972038.9207380667
990689.1161691546
1009741.2217811936
1029209.3058033413
1049108.371343496
1069454.4311876078
1090264.590327955
1111557.1370901074
1133351.6438409481
1155669.0783762033
1178531.9272435445
1201964.3324222679
1225992.2429796779
1250643.5835644407
1275948.4418616807
1301939.2774660797
1328651.1549991118
1356122.0047483009
1384392.9146297462
1413508.4579053102
1443517.0618220766
1474471.4232343088
1506428.9783259118
1539452.4348238162
1573610.3766285386
1608977.9526437963
1645637.6638416504
1683680.2653501485
1723205.8037201434
1764324.8139201177
1807159.7031187403
1851846.3669524097
1898536.0592345898
1947394.861195723
1998619.9805281006
2052415.3685330772
2109022.8196266824
2168712.578057856
2231791.2952176183
2298608.3246322954
2369563.3670100463
2445115.818350819
2525796.2807743354
2546874.9077920457
2549962.683816798
2552783.2275105757
2555341.542580592
2557651.0158323483
2559715.44167188
2561542.267412942
2563138.928986121
2564512.930780311
2565671.1258478025
2566621.535011678
2567371.1754188957
2567927.1989861676
2568296.670300537
2568486.556898464
2568503.7204313856
2568354.908721218
2568046.7486645975
2567585.7399766576
2566978.249728445
2566230.507643575
2565348.602123468
2564338.4769573277
2563205.9286765708
2561956.60451939
2560596.0009556063
2559129.462743287
2557562.182468989
2555899.200538761
2554145.4055791353
2552305.5352146574
2550384.1771914903
2548385.770799248
2546314.6085824384
2544174.8382895505
2541970.4650467834
2539705.353723918
2537383.2314666114
2535007.690377553
2532582.1903147567
2530110.0617992757
2527594.509004092
2525038.6128132725
2522445.333930186
2519817.5160252973
2517157.888907395
2514469.071706841
2511753.5760635594
2509013.809300821
2506252.0775877214
2503470.5890735043
2500671.4569928306
2497856.7027297053
2495028.258838494
2492187.972021304
2489337.606047033
2486478.844617581
2483613.2941763806
2480742.4866539785
2477867.8821500125
2474990.8715531165
2472112.779093998
2469234.8648274993
2466358.3270554375
2463484.3046740745
2460613.879459787
2457748.0782813663
2454887.875253051
2452034.1938128583
2449187.9087412045
2446349.8481112677
2443520.79517715
2440701.4901981847
2437892.632202901
2435094.880690398
2432308.8572732285
2429535.1472643283
2426774.3012051457
2424026.8363400986
2421293.2380359215
2418573.9611509847
2415869.4313509148
2413180.0463780537
2410506.17727247
2407848.1695430824
2405206.344299738
2402580.9993355735
2399972.4101723074
2397380.831061972
2394806.495949967
2392249.6194004253
2389710.3974837367
2387189.0086301686
2384685.6144465012
2382200.3605040493
2379733.3770912117
2377284.7799347374
2374854.6708960515
2372443.138632814
2370050.2592388983
2367676.0968548977
