4.753352259428038e-05
4.753352259428038e-05
4.7785448281237384e-05
4.791191138167457e-05
4.803870916382654e-05
4.816584251342082e-05
4.829331231852884e-05
4.842111946957278e-05
4.854926485933082e-05
4.8677749382944006e-05
4.880657393792236e-05
4.8935739424150976e-05
4.9065246743897164e-05
4.919509680181501e-05
4.9325290504953284e-05
4.94558287627616e-05
4.9586712487095834e-05
4.9717942592225306e-05
4.9849519994838716e-05
4.9981445614051296e-05
5.011372037141035e-05
5.024634519090149e-05
5.037932099895672e-05
5.051264872445909e-05
5.064632929875011e-05
