1.489778772684261
1.5572665066683153
1.5562732531530128
1.5535319435553192
1.550816191036389
1.5481912051691313
1.5456722928465285
1.5432691131454286
1.5409876861880236
1.5388311490445572
1.5368003519034152
1.534894342034798
1.533110767224945
1.5314462029581282
1.529896422575384
1.5284566191247089
1.5271215872165966
1.5258858715163517
1.5247438873573735
1.5236900179756108
1.5227186921116451
1.5218244451212317
1.5210019662454481
1.5202461342908247
1.519552043637576
1.5189150222153371
1.5183306428492733
1.5177947291771023
1.517303357163062
1.5168528530837224
1.5164397887292425
1.516060974449399
1.5157134505743475
1.51539447765375
1.5151015258830935
1.5148322640213985
1.514584548048887
1.5143564097655495
1.5141460454908702
1.5139518049905327
1.513772180726798
1.5136057975049177
1.51345140256759
1.5133078561727455
1.5131741226761528
1.5130492621292275
1.5129324223934375
1.5128228317656296
1.5127197921030986
1.5126226724330216
1.5125309030277394
1.5124439699252294
1.512361409872605
1.5122828056696218
1.5122077818888513
1.5121360009491296
1.5120671595192465
1.5120009852294025
1.5119372336686576
1.511875685647484
1.5118161447054794
1.5117584348452928
1.5117023984748739
1.5116478945411977
1.5115947968396746
1.5115429924844777
1.5114923805260454
1.5114428707029535
1.511394382316331
1.5113468432158417
1.511300188887122
1.5112543616313492
1.5112093098283848
1.5111649872756152
1.5111213525953002
1.5110783687038185
1.5110360023368061
1.5109942236246952
1.510953005713638
1.5109123244272824
1.51087215796526
1.5108324866346319
1.5107932926109138
1.5107545597255836
1.5107162732773118
1.5106784198644
1.5106409872361617
1.5106039641612123
1.5105673403108415
1.5105311061558138
1.510495252875116
1.5104597722753328
1.5077669395126125
1.5058718334438366
1.5045369050189572
1.5035956553578218
1.5029311593792207
1.502461262066574
1.5021282186596157
1.5018914317225043
1.5017223542166
1.5016009101004897
1.5015129793876623
1.5014486304863142
1.5014008774659147
1.501364806212495
1.5013369598952264
1.5013149067550906
1.5012969361037296
1.5012818444902911
1.5012687852867814
1.5012571628804898
1.5012465582432868
1.501236676572249
1.501227310456205
1.5012183139640962
1.50120958441645
1.501201049561721
1.5011926585548723
1.5011843756107657
1.5011761755392667
1.501168040604141
1.5011599583132242
1.5011519198637666
1.5011439190486895
1.501135951487101
1.501128014082946
1.5011201046441354
1.5011122216145913
1.501104363885736
1.50109653066385
1.501088721376765
1.5010809356082098
1.5010731730516194
1.501065433477634
1.5010577167112447
1.5010500226156929
1.501042351081163
1.5010347020168138
1.5010270753451769
1.5010194709982145
1.501011888914546
1.5010043290374944
1.5009967913137188
1.500989275692244
1.5009817821237803
1.5009743105602467
1.5009668609544367
1.5009594332597798
1.5009520274301718
1.500944643419865
1.5009372811833783
1.5009299406754453
1.5009226218509688
1.5009153246649978
1.500908049072701
1.500900795029357
1.500893562490342
1.5008863514111266
1.5008791617472679
1.5008719934544037
1.500864846488257
1.500857720804629
1.5008506163593989
1.5008435331085261
1.5008364710080426
1.5008294300140643
1.500822410082778
1.5008154111704506
1.500808433233425
1.5008014762281174
1.5007945401110248
1.5007876248387213
1.5007807303678522
1.500773856655144
1.5007670036574003
1.500760171331499
1.5007533596343932
1.5007465685231174
1.5007397979547783
1.5007330478865637
1.5007263182757342
1.5007196090796295
1.500712920255663
1.5007062517613305
1.5006996035542004
1.5006929755919178
1.500686367832206
1.5006797802328657
1.5006732127517726
1.5006666653468779
1.5006601379762146
1.5006536305978866
1.500647143170079
1.5006406756510509
1.5006342279991385
1.5006278001727549
1.5006213921303888
1.5006150038306063
1.5006086352320505
