162350.5367982
67946.70478807676
68090.5504531165
68241.11041044153
68407.55653666187
68564.83996561443
68708.4155525276
68834.48359602956
68941.24108457522
69028.11838387168
69095.31076980333
69143.48069921402
69173.56623009955
69186.65570465429
69183.90600280497
69166.48883529406
69135.55651373067
69092.22002062303
69037.5361425623
68972.50005013587
68898.04206271793
68815.02717265885
68724.25610825067
68626.467692529
68522.34167126553
68412.502411167
68297.52219883326
68177.92512558009
68054.19048641223
67926.75623999143
67796.02242149804
67662.354211897
67526.08477827502
67387.51818487627
67246.93165990968
67104.57800922812
66960.68788736388
66815.47171447643
66669.12132240375
66521.81171012504
66373.70260727801
66224.93969789751
66075.65613381377
65925.97330309721
65776.00225329933
65625.84424286998
65475.591980549834
65325.33017392366
65175.13628986611
65025.081178251945
64875.229740427036
64725.64140538844
64576.37058448815
64427.46714988238
64278.976886568795
64130.94177927996
63983.40027758377
63836.38782378909
63689.93691423002
63544.07739067441
63398.836799773395
63254.24040621305
63110.3115113783
62967.07164914765
62824.540578200504
62682.73660966195
62541.67661873428
62401.37629894289
62261.850058077136
62123.11128735089
61985.17243079675
61848.04504318129
61711.73977843787
61576.26674727411
61441.63524060175
61307.853827693936
61174.93084464494
61042.87378406309
60911.689927300715
60781.385929776545
60651.968184173216
60523.44276325696
60395.81539542043
60269.09146723645
60143.27618896091
60018.374596503854
59894.39138880919
59771.3311862822
59649.198454685116
59527.997463105494
59407.73246360628
59288.407487403376
59170.026655504436
59052.59387171817
58936.113054748195
58820.588045305005
58706.022717911204
58592.42089359308
58479.78639851938
58368.12305959313
58257.4347734227
58147.72535402291
58038.99873854941
57931.25893079727
57824.50988054388
57718.755717046595
57614.000515139654
57510.248518140856
57407.50401760413
57305.771364423694
57205.055034710065
57105.35960607731
57006.68969218375
56909.050135720754
56812.445729788335
56716.8815791933
56622.362695287826
56528.89435328732
56436.48196301781
56345.130997774075
56254.8471365779
56165.63608743172
56077.50387760582
55990.4565251668
55904.500237114145
55819.64146142086
55735.886656319075
55653.24261248651
55571.71616462073
55491.31433602454
55412.0442993496
55333.91348079981
55256.92942712361
103228.29356434285
102212.44859147606
101226.30518355456
100269.50464949947
99341.48832483088
98441.58004803568
97569.03728086592
96723.08396665659
95902.93180795337
95107.79331615148
94336.8910139132
93589.46260455718
92864.76427633836
92162.07335434483
91480.68896509804
90819.9328815402
90179.14946405769
89557.70585859951
88954.99130791341
88370.41697148184
87803.41538036591
87253.43967460249
86719.96311149717
86202.4784357148
85700.49719612981
85213.54914155239
84741.18139845465
84282.95818304634
83838.45985646421
83407.28233256566
82989.03687147427
82583.34896194743
82189.85817169481
81808.21737638839
81438.0924441909
81079.16154650296
80731.11478053842
80393.65371841387
80066.49084091537
79749.34911232287
79441.96207058545
79144.0725110285
78855.43280665143
78575.804398868
78304.95732630759
78042.66994743787
77788.72875998405
77542.92789811519
77305.06889046758
77074.66342015183
76852.1208944569
76636.9671172776
76429.33095128647
76228.44863563763
76034.46069717588
75847.21465498323
75666.56383907639
75492.3676491621
75324.49136855933
75162.8064960088
75007.19083283377
74857.52920972189
74713.7141192502
74575.64708559001
74443.24072610903
74316.42235817641
74195.13996868975
