32.45155999180232
32.31023378637167
32.16908232376937
32.02810828058875
31.88731493049991
31.746705712342383
31.60628418150039
31.466054004279517
31.326018957132906
31.18618292647254
31.046549908587604
30.907124009614027
30.767909445546724
30.62891054229101
30.49013173575046
30.351577571948262
30.213252707179176
30.07516190818919
29.937310052379882
29.79970212803434
29.66234323456159
29.525238582756316
29.38839349507064
29.251813405894595
29.115503861841862
28.979470522037417
28.843719158403328
28.70825565593924
28.573086012993677
28.438216341522413
28.303652867329916
28.169401930289904
28.035469984540853
27.901863598652234
27.768589455757155
27.635654353646924
27.503065204823052
27.37082903650194
27.238952990567558
27.1074443234671
26.976310406044785
26.845558723308475
26.71519687412402
26.58523257083192
26.4556736387808
26.326528015772226
26.197803751411087
26.069509006355823
25.941652051462547
25.81424126681722
25.687285140649674
25.560792268123453
25.434771349995245
25.309231191137645
25.184180698918926
25.05962888143351
24.93558484557675
24.81205779495765
24.68905702764316
24.566591933727707
24.44467199272167
24.32330677075255
24.202505917572694
24.082279163367538
23.96263631535841
23.84358725419423
23.725141930126433
23.607310358961847
23.490102617788338
23.373528840468467
23.25759921289652
23.14232396801481
23.02771338058545
22.91377776171406
22.800527453122637
22.68797282116899
22.57612425061089
22.46499213811348
22.354586885499295
22.244918892740667
22.13599855069521
22.027836233585518
21.920442291225356
21.813827040995065
21.708000759569938
21.602973674406265
21.498755954990454
21.3953577038578
21.292788947388356
21.191059626388352
21.090179586466814
20.99015856821782
20.89100619722027
20.79273197386785
20.6953452630432
20.598855283651314
20.503271098028367
20.40860160124336
20.314855510311045
20.222041353335637
20.13016745860615
20.039241943665047
19.94927270437306
19.86026740399403
19.772233462324543
19.685178044894155
19.599108052262725
19.514030109442327
19.429950555471756
19.34687543317242
19.2648104791149
19.1837611138259
19.103732432265737
19.024729194606586
18.94675581734203
18.869816364758286
18.793914540797402
18.71905368134242
18.64523674695412
18.572466316088327
18.50074457773797
18.43007332888901
18.360453966212848
18.291887482502418
18.224374462696492
18.157915080537887
18.092509095886037
18.02815585270282
17.964854277728335
17.902602879861323
17.84139975025665
17.781242563149807
17.722128577416015
17.66405463886875
17.60701718329994
17.54296842290602
17.479435485168114
17.41642310334609
17.353932686880324
17.291963238072608
17.23051193071064
17.169574519781033
17.1091456417678
17.049219039887408
16.98978773680347
16.930844170089312
16.872380300931166
16.814387703363764
16.756857639154976
16.699781121962058
16.64314897334559
16.586951872502162
16.53118040106642
16.47582508397173
16.42087642710242
16.366324952288505
16.312161230065183
16.258375910529374
16.2049597525637
16.15190365165735
16.099198666528086
16.046836044736498
15.994807247479981
15.943103973758404
15.891718184114572
15.84064212417025
15.789868348202535
15.739389743036053
15.68919955256472
15.639311105815276
15.58972290934258
15.540428745695953
15.491422848279562
15.442699930018005
15.394255231994338
15.34608456764784
15.298184374917044
15.250551775762219
15.203184644788907
15.156081689152852
15.109242542469497
15.062667876157297
15.016359532570679
14.970320685505943
14.924556035305768
14.879072048009402
14.833877251035878
14.788982602101287
14.744401953993655
14.700152646281047
14.65625626729561
14.612739647877579
14.56963617575848
14.526987561820995
14.484846256744744
14.443278826724395
14.40237078395295
14.36223369860016
14.323016035234962
14.284920376330945
