1.4967
1.4952022174700483
1.4953890848216682
1.495808836539946
1.4962420336009576
1.4966547632575458
1.497041023482478
1.4973993586167853
1.497729398914887
1.4980313190199117
1.498305711270409
1.4985535111716721
1.4987759269220877
1.4989743701822447
1.4991503909088197
1.4993056188637581
1.4994417134104128
1.499560322254649
1.4996630490323175
1.4997514291166274
1.4998269126967372
1.4998908540257865
1.4999445057105023
1.4999890169733237
1.50002543492788
1.5000547080432791
1.5000776911135594
1.500095151181794
1.500107773990594
1.5001161706375488
1.50012088417193
1.5001223960344512
1.5001211321317238
1.5001174685478407
1.500111736826042
1.5001042288454969
1.5000952011883102
1.5000848791744186
1.500073460450865
1.5000611182215764
1.5000480041352953
1.5000342508599076
1.5000199743723928
1.5000052759913076
1.4999902441778044
1.4999749561288076
1.4999594791880275
1.499943872073514
1.4999281859922329
1.4999124655886922
1.4998967497902576
1.4998810725602596
1.4998654635287652
1.4998499485716357
1.4998345503225614
1.4998192885224626
1.4998041805088105
1.4997892414684975
1.4997744847271488
1.4997599219903268
1.499745563548139
1.4997314184493409
1.4997174946487484
1.4997037991314546
1.4996903380167623
1.4996771166446439
1.4996641396470047
1.4996514110059438
1.4996389341009537
1.4996267117466928
1.4996147462228442
1.49960303929745
1.499591592244711
1.499580405858472
1.499569480462095
1.4995588159155546
1.4995484116204196
1.4995382665230588
1.4995283791168195
1.499518747443222
1.4995093690926533
1.4995002412046574
1.4994913604679572
1.499482723120347
1.4994743249484344
1.49946616128725
1.4994582270193337
1.499450516575039
1.4994430239287597
1.4994357425992726
1.4994286772637861
1.4994217862705301
1.4994150948516807
1.4994085846642589
1.4994022464537533
1.4993960708498655
1.499390048017944
1.4993835017641555
1.499373457204741
1.4993634431433174
1.4993537805853923
1.4993444867954682
1.4993355465160554
1.4993269427077427
1.49931865947888
1.499310682305577
1.499302998016702
1.4992955943688842
1.4992884601761012
1.4992815850551846
1.4992749593432309
1.4992685740076839
1.4992624205684886
1.499256491031275
1.4992507778299242
1.499245273777471
1.4992399720239822
1.499234866020624
1.4992299494889325
1.4992252163945858
1.499220660925107
1.4992162774707856
1.499212060608493
1.4992080050878962
1.4992041058196581
1.4992003578655249
1.499196756429734
1.499193296851691
1.4991899745998059
1.4991867852660938
1.4991837245614765
1.4991807883118116
1.4991779724543277
1.49917527303449
1.4991726862032309
1.4991702082144311
1.499167835422589
1.4991655642807193
1.499163391338348
1.4991613132396324
1.4991593267215482
1.49915742861215
1.499155615828885
1.4991538853768662
1.4991522343472732
1.4991506599157094
1.4991491593405517
1.4991477299612987
1.4991463691970264
1.4991450745446433
1.499143843577355
1.4991426739429872
1.4991415633623135
1.4991405096275148
1.4991395106004344
1.4991385642110446
1.4991376684557165
1.4991368213956981
1.499136021155423
1.4991352659209338
1.4991345539383074
1.499133883512045
1.4991332530035044
1.4991326608293976
1.4991321054602385
1.4991315854187952
1.4991310992786824
1.4991306456628566
1.499130223242155
1.4991298307339151
1.4991294669005975
1.4991291305483732
1.4991288205258377
1.4991285357226984
1.4991282750684614
1.49912803753123
1.4991278221164182
1.4991276278656394
1.4991274538554782
1.499127299196379
1.4991271630315472
1.4991270445358578
1.4991269429148033
1.499126857403491
1.4991267872656437
1.4991267317926245
1.499126690302508
1.4991266621391701
1.4991266466714124
1.4991266432920625
1.499126651417233
1.499126670485366
1.4991266999566386
1.499126739312037
1.4991267880527308
1.4991268456992997
1.4991269117910575
1.4991269858854306
1.499127067557237
1.4991271563981352
