0.0034157208521141064
0.0034471851417096464
0.003478634512741757
0.0035100613368049373
0.003541460957794625
0.0035728290175775696
0.003604161157433716
0.0036354529857712003
0.0036667000754771646
0.003697897964412985
0.003729042156102546
0.003760128120296687
0.0037911512933905783
0.0038221070787033515
0.0038529908466321994
0.003883797934693214
0.003914523647460658
0.003945163256416016
0.0039757119997175395
0.004006165081900968
0.00403651767352137
0.004066764910745945
0.0040969018949072325
0.004126923692025946
0.004156825332312359
0.004186601809654955
0.004216248081104821
0.0042457590663641884
0.004275129647287221
0.004304354667401035
0.004333428931454996
0.004362347205005915
0.004391104214046908
0.004419694644687572
0.0044481131428929935
0.004476354314289066
0.004504412724041587
0.004532282896816608
0.004559959316829331
0.004587436427988979
0.004614708634147004
0.004641770299455916
0.004668615748846076
0.004695239268627805
0.004721635107226004
0.00474779747605465
0.004773720550538343
0.004799398471288146
0.004824825345438887
0.0048499952481549525
0.004874902224311803
0.00489954029035991
0.004923903436378204
0.004947985628323633
0.004971780810483464
0.004995282908136728
0.005018485830431132
0.005041383473481311
0.005063969723694282
0.005086238461327525
0.005108183564284871
0.005129798912154952
0.005151078390496696
0.005172015895375687
0.005192605338154969
0.005212840650543301
0.005232715789902982
0.005252224744819334
0.0052713615409326385
0.005290120247033053
0.0053084949814179525
0.005326479918510539
0.005344069295737519
0.005361257420662724
0.005378038678372727
0.005394407539109156
0.005410358566141596
0.005425886423873658
0.005440985886173654
0.0054556518449199835
0.005469879318750171
0.005483663462001072
0.005496999573826335
0.005509883107476017
0.005522309679721463
0.005534275080407444
0.005545775282111875
0.005556806449891894
0.005567364951093772
0.005577447365202467
0.005587050493705211
0.005596171369942061
0.005604807268914846
0.0056129557170246725
0.005620614501706681
0.005627781680929504
0.005634455592525735
0.005640634863318444
0.005646318418007914
0.005651505487781723
0.005656195618610578
0.00566038867919158
0.0056640848685001665
0.005667284722911481
0.0056699891228519745
0.005672199298941708
0.005673916837588358
0.005675143685994063
0.005675882156537067
0.0056761349304907905
0.0056759050610441664
0.005675195975588285
0.005674011477236173
0.005672355745543961
0.005670233336404272
0.00566764918108455
0.005664608584385873
0.005661117221476299
0.0056571811376383485
0.005652806735967565
0.005648000778703981
0.005642770378577547
0.005637122991351264
0.005631066407406043
0.005624608742371745
0.005617758426813642
0.005610524194987683
0.005602915072683069
0.005594940364175132
0.005586609638316215
0.005577932713797286
0.005568919643617365
0.00555958069880291
0.005549926351423314
0.005539967256953392
0.005541195252151128
0.005541564263273797
0.005541086280238788
0.0055397799882369115
0.005537670242257722
0.005534786667102405
0.005531162459516039
0.005526833425798152
0.005521837207488557
0.0055162126536575954
0.00550999930849332
0.005503236990667794
0.0054959654466232265
0.0054882240640469265
0.005480051634850611
0.005471486159242775
0.005462564684196799
0.005453323170922403
0.005443796386950295
0.005434017819215948
0.005424019605133994
0.005413832479130375
0.00540348573247541
0.005393007184559654
0.0053824231639927975
0.005371758498096449
0.005361036509514091
0.005350279018782988
0.00533950635180854
0.005328737351255592
0.005317989390925896
0.005307287214036244
0.005296655707401117
0.00528610736793662
0.005275653343615021
0.005265303438761715
0.005255066126343538
0.005244948551654485
0.005234956534205604
0.005225094564336016
0.005215365793182058
0.005205772014238721
0.005196313634416836
0.005186989632068229
0.005177797498887659
0.0051687331618610515
0.005159790880454454
0.005150963112943891
0.005142240344054202
0.00513361086373689
0.005125060483728852
0.0051165721741373025
0.005108125596158851
0.005099696498353251
0.005091255931409387
0.005082769218097771
0.005074194587938791
0.005065481344806587
0.005056567371365245
0.005047375671343736
0.005037809480915385
0.0050277451902117935
0.0050170217983908465
0.005005424654933573
0.00499265930417
