39.176056278771
39.172858359959875
39.17831819313768
39.18349310044626
39.18834626201298
39.19284803345821
39.1969767992488
39.20071736617881
39.20405982445639
39.206998615236785
39.209531772396026
39.21166030042259
39.213387658590236
39.214719329321866
39.215662454336865
39.216225526318816
39.216418126407554
39.216250700415245
39.21573436735372
39.21488075576388
39.2137018636721
39.21220993891455
39.21041737692388
39.20833663387945
39.20598015285044
39.203360301510074
39.20048931969064
39.19737927568755
39.19404203012759
39.19048920623513
39.18673216608353
39.18278199156765
39.178649469780744
39.17434508214469
39.1698789966932
39.16526106320639
39.160500810695105
39.15560744693988
39.15058985967984
39.14545661942933
39.14021598334411
39.134875900210716
39.129444016291366
39.123927681730756
39.11833395770866
39.11266962372278
39.106941185487464
39.10115488287242
39.09531669799902
39.08943236350392
39.083507370723474
39.07754697791028
39.07155621832981
39.06553990827809
39.05950265499858
39.05344886438439
39.047382748480395
39.04130833285179
39.03522946374458
39.029149814964555
39.02307289464607
39.017002051670815
39.01094048194472
39.00489123446189
38.99885721704152
38.99284120195848
38.98684583127983
38.98087362206743
38.97492697122687
38.969008160330645
38.9631193601076
38.957262634809645
38.95143994634139
38.94565315828996
38.93990403970398
38.93419426873989
38.92852543617026
38.92289904871868
38.917316532224525
38.91177923470451
38.90628842929588
38.900845317023105
38.8954510294985
38.89010663143851
38.88481312314802
38.87957144287178
38.87438246902616
38.869247022351416
38.86416586799073
38.859139717444386
38.854169230511786
38.849255017065886
38.84439763887558
38.83959761122925
38.83485540458137
38.83017144609643
38.82554612117159
38.82097977486668
38.81647271329983
38.812025204988004
38.80763748216052
38.80330974198279
38.79904214776084
38.7948348301499
38.79068788823601
38.78660139066765
38.78257537667326
38.778609857115576
38.774704815472454
38.77086020879065
38.767075968627665
38.76335200195715
38.759688192027646
38.756084399249076
38.752540461975144
38.749056197352466
38.74563140207006
38.74226585313038
38.73895930859776
38.73571150829952
38.73252217454206
38.72939101276507
38.72631771224529
38.72330194670446
38.72034337494662
38.71744164148891
38.714596377124685
38.71180719954067
38.70907371385635
38.706395513179004
38.70377217913627
38.70120328241451
38.69868838325648
38.69603751860818
38.69343293150939
38.69087412522336
38.68836072548567
38.685892449186184
38.683469081841935
38.68109046078483
38.678756462250114
38.67646699120896
38.674221973115195
38.672021347166094
38.6698650606458
38.667753064184275
38.66568530774574
38.66366173721555
38.66168229152125
38.65974690018245
38.65785548127764
38.65600793972164
38.654204165866645
38.65244403436842
38.650727403275056
38.64905411333578
38.64742398749622
38.645836830555496
38.644292428971895
38.64279055078476
38.64133094567262
38.63991334508817
38.63853746248143
38.6372029936215
38.63590961694922
38.63465699401016
38.63344476992088
38.63227257388624
38.63114001973906
38.630046706512466
38.628992219034075
38.62797612853097
38.62699799325106
38.62605735910155
38.625153760271594
38.62428671987464
38.62345575058668
38.622660355276246
38.6219000276319
38.62117425278756
38.6204825079319
38.61982426290999
38.61919899035763
38.61860613722561
38.61804515484643
38.61751548128257
38.6170165669686
38.6165478497027
38.61610876381822
38.615698740677885
38.61531720915918
38.61496359612001
38.61463732685324
38.614337825522725
38.61406451558872
38.613816820215845
38.61359416266789
38.613395966687996
38.613221656866216
38.61307065899248
