-23.050455082102978
-48.59105249841311
-48.55055572401269
-48.51124956439819
-48.47305703260463
-48.435887989185666
-48.39965512611164
-48.36427441437454
-48.32967546830275
-48.29578227489497
-48.262531877734915
-48.22986507300294
-48.197727923665575
-48.16607146840918
-48.134851403053325
-48.10402774817598
-48.07356451308014
-48.04342936397829
-48.01359330234298
-47.984030357721736
-47.954717297958446
-47.92563335863039
-47.89675999264554
-47.86808064020963
-47.83958051887848
-47.8112464329986
-47.78306660157936
-47.755030503458556
-47.72712873852113
-47.69935290368949
-47.67169548239823
-47.64414974630629
-47.616709668046376
-47.589369843886466
-47.56212644125801
-47.53497206122736
-47.50790583299363
-47.48092322407148
-47.454021067103426
-47.427196509614404
-47.40044698134506
-47.37377016533835
-47.34716397235301
-47.32062651819616
-47.29415610362941
-47.2677511965358
-47.241410416076164
-47.215132518597606
-47.18891638508384
-47.162761009966175
-47.136665491133364
-47.1106290210022
-47.0846508785256
-47.058730422029875
-47.03286708279041
-47.007060359261885
-46.981309811889204
-46.95561505844189
-46.92997576980972
-46.90439166621669
-46.878862513807185
-46.853388121568
-46.82796833855423
-46.8026030513872
-46.7772921820006
-46.75203568561235
-46.72683354890023
-46.70168578836414
-46.67659244886104
-46.651553602294996
-46.626569346452186
-46.60163980397001
-46.5767651214281
-46.55194546855663
-46.527181037548466
-46.502472042474245
-46.477818718789955
-46.4532213229345
-46.4286801320097
-46.404195443543024
-46.37976757532403
-46.355396865318056
-46.331083714181624
-46.3068284156203
-46.2826314104102
-46.25849311800534
-46.234413977835395
-46.21039445116696
-46.18643502053331
-46.16253619035222
-46.13869848719324
-46.114922461604436
-46.09120863893102
-46.067557712247165
-46.04397025752725
-46.02044692401961
-45.99698838801998
-45.97359535390788
-45.95026855527473
-45.927008756148446
-45.90381675231622
-45.880693372753655
-45.85763948116733
-45.83465597765667
-45.811743800505546
-45.78890392811463
-45.766137381081364
-45.74344522444381
-45.7208285700997
-45.69828857941576
-45.675826466046026
-45.653443498974255
-45.63114100580504
-45.60892037632488
-45.58678306635977
-45.56473060195861
-45.54276458393595
-45.520886692810386
-45.49909869418081
-45.47740244458776
-45.455799897912684
-45.43429311237831
-45.41288425821408
-45.39157562607231
-45.370369636278255
-45.34926884902215
-45.32827597560915
-45.307393890905956
-45.28662564714046
-45.265974489239404
-45.24544387191733
-45.22503747876837
-45.2047592436519
-45.18461337471976
-45.16460438149343
-45.14473710547745
-45.12501675488976
-45.10544894420478
-45.086039739350575
-45.06679570957809
-45.04772398724865
-45.02883233706364
-45.010129236629105
-44.991623970702605
-44.97332674207513
-44.95524880282154
-44.93740261068191
-44.91980201671684
-44.902462492233084
-44.88540140550679
-44.868638362346374
-44.852195629459445
-44.83609866663455
-44.82037680398567
-44.80506411570063
-44.79020056478876
-44.7758335291728
-44.76201987684532
-44.74882885261082
-44.73634620150764
-44.724680245105624
-44.71397117536719
-44.70440592957374
-44.69624781745695
-44.68986684315552
-44.68585386912398
-44.68522081461835
-44.69002237648994
-44.70603173214933
-44.0234967705581
-43.99903296517017
-43.97458682507627
-43.95015837694079
-43.92574757906389
-43.90135438884546
-43.87697876606499
-43.85262067303757
-43.82828007436226
-43.80395693664684
-43.77965122825586
-43.75536291909033
-43.73109198039348
-43.70683838458114
-43.68260210509483
-43.65838311627231
-43.63418139323729
-43.60999691180282
-43.585829648388646
-43.561679579951054
-43.53754668392115
-43.51343093815522
-43.48933232089025
-43.46525081070865
-43.44118638650769
-43.41713902747528
-43.393108713069886
-43.36909542300429
-43.345099137233774
-43.321119835945595
-43.29715749955273
