538.1910974419048
86.34143141345638
129.51214712018458
580.6893014426337
84.68966273775463
127.03449410663195
581.1657701543631
84.32059124522715
126.48088686784075
581.5628233058368
83.95337182225111
125.93005773337667
581.8823829810323
83.5889368291659
125.38340524374885
582.1265220958121
83.22815053779733
124.84222580669602
582.2976378015653
82.87181374984056
124.30772062476085
582.3984348594189
82.52065582894734
123.78098374342102
582.4318720518478
82.17532628674
123.26298943011003
582.4011012867967
81.83638822666452
122.75458233999679
582.3094065703543
81.50431411192871
122.25647116789304
582.160145734511
81.17948390736774
121.76922586105162
581.9566967292128
80.86218548902838
121.29327823354258
581.7024097498881
80.5526171194357
120.82892567915354
581.4005660231865
80.25089171872773
120.37633757809161
581.0543436604632
79.95704261762624
119.93556392643937
580.6667906212006
79.67103045623999
119.50654568435999
580.2408045217085
79.3927508908803
119.08912633632043
579.7791187870522
79.12204278625393
118.68306417938088
579.2842944776947
78.85869659875927
118.28804489813893
578.7587170227916
78.6024626941051
117.90369404115766
578.2045970509495
78.3530593852172
117.52958907782579
577.6239745159953
78.11018052097171
117.16527078145756
577.018725358279
77.87350249989785
116.8102537498468
576.3905700101363
77.64269062351799
116.46403593527698
575.7410831373834
77.41740474001787
116.12610711002682
575.0717040987803
77.19730415966374
115.79595623949561
574.3837476958216
76.98205184850482
115.47307777275726
573.6784148712228
76.77131792653007
115.1569768897951
572.9568030930672
76.56478251097464
114.84717376646199
572.2199162308518
76.36213795545851
114.54320693318775
571.4686737890296
76.16309054174779
114.24463581262171
570.7039194130718
75.96736168384962
113.95104252577445
569.926428623103
75.7746887045366
113.6620330568049
569.1369157618116
75.58482524286568
113.37723786429855
568.3360401675119
75.39754134833424
113.09631202250137
567.5244116011652
75.21262331345784
112.81893497018677
566.702594968832
75.02987329213119
112.54480993819679
565.8711143894642
74.84910874643464
112.27366311965196
565.0304566629993
74.67016175980108
112.00524263970162
564.1810741961509
74.49287824982291
111.73931737473438
563.3233874437111
74.31711710957013
111.47567566435522
562.4577869221422
74.142749302186
111.21412395327903
561.5846348501015
73.96965692976175
110.95448539464265
560.7042664676893
73.79773229409294
110.69659844113941
559.8169910828539
73.62687696387906
110.4403154458186
558.9230928897391
73.45700086024229
110.18550129036345
558.0228315999801
73.28802137008367
109.93203205512553
557.1164429241067
73.11986249474512
109.6797937421177
556.2041389364296
72.95245403967536
109.42868105951305
555.2861083530961
72.78573084927929
109.17859627391893
554.362516749436
72.61963208983437
108.92944813475155
553.4335067393549
72.45410058226452
108.68115087339679
552.499198136313
72.28908218563853
108.4336232784578
551.5596881124565
72.12452523149358
108.18678784724038
550.6150513696724
71.96038000844925
107.94057001267392
549.6653430160551
71.79659866141313
107.69489799211973
548.7105874039112
71.63313326125134
107.44969989187703
547.7507969248817
71.46993780049341
107.20490670074011
546.785958226001
71.3069661772116
106.96044926581742
545.8160372994536
71.14417239995728
106.71625859993593
544.8409794198577
70.98151031446893
106.47226547170342
543.86070959577
70.8189333928669
106.22840008930035
542.8751330693126
70.65639455714195
105.98459183571293
541.8841358618802
70.49384603439896
105.74076905159845
540.887585363377
70.33123924134459
105.49685886201686
539.8853309618659
70.16852469555275
105.2527870433291
538.8772047100598
70.00565195110798
105.00847792666197
537.8630220247389
69.84256955630644
104.76385433445965
536.8425824149822
69.67922503119229
104.51883754678842
535.8156702349889
69.5155648628128
104.27334729421919
534.7820554572386
69.35153451618955
104.02730177428433
533.7414957742783
69.18707863183215
103.78061794774821
532.6937324944904
69.02214042376376
103.53321063564566
531.6384982057382
68.85666260853864
103.28499391280798
530.5755133488987
68.69058692390394
103.0358803858559
529.5044880136592
68.52385431468032
102.78578147202049
528.4251227520951
68.35640500287599
102.53460750431397
527.3371093875706
68.18817856294592
102.28226784441887
526.2401318180024
68.01911400129953
102.02867100194929
525.1338668064918
67.84914983875228
101.77372475812844
524.0179847655497
67.67822419575066
101.51733629362597
522.8921505253691
67.50627487902945
101.2594123185442
521.7560240897398
67.33323946945599
100.99985920418402
520.6092613770633
67.15905541040583
100.73858311560876
519.4515149460274
66.98366009623578
100.4754901443537
518.2824347055043
66.80699096047556
100.21048644071334
517.101668608468
66.62898556342574
99.94347834513863
515.9088633299228
66.4495816789126
99.67437251836891
514.703664929016
66.26871738000268
99.40307607000403
513.4857194956629
66.08633112353165
99.12949668529745
512.2546737821539
65.90236183334308
98.85354275001463
511.0101758203252
65.71674898217347
98.57512347326022
509.7518755249593
65.52943267214991
98.29414900822486
508.47942528418605
65.34035371389818
98.01053057084728
507.1924805376693
65.14945370428123
97.72418055642184
505.8907003434511
64.9566751028086
97.43501265421293
504.5737479343053
64.76196130677283
97.14294196015925
503.2412912645001
64.56525672518207
96.84788508777312
501.8930035478325
64.36650685156735
96.54976027735103
500.5285637878061
64.16565833574852
96.24848750362278
499.14765730077505
63.96265905464744
95.94398858197117
497.7499762328522
63.75745818223767
95.63618727335651
496.3352200713252
63.55000625871896
95.32500938807844
494.9030961512651
63.34025525900191
95.01038288850286
493.45332015795555
63.128158660582606
94.69223799087393
491.9856166256942
62.91367151088247
94.37050726632371
490.4997194334397
62.696750494117566
94.04512574117638
488.99537229770505
62.47735399775612
93.71603099663417
487.472329263001
62.25544217860954
93.38316326791433
485.93035519005065
62.03097702859304
93.04646554288956
484.36922624190527
61.80392244017928
92.70588366026891
482.7887303679836
61.57424427155541
92.36136640733314
481.1886677859765
61.34191041148077
92.01286561722117
479.5688514614465
61.10689084382902
91.66033626574355
477.9291075848588
60.86915771178365
91.30373656767549
476.26927669654697
60.62868541731379
90.94302812597068
474.5892115641339
60.38545054115243
90.57817581172866
472.888781522747
60.13943212196875
90.20914818295313
471.1678703672549
59.89061157330364
89.83591735995546
469.4263774469598
59.638972781663526
89.45845917249528
467.6642181166547
59.38450216719043
89.07675325078564
465.881317943914
59.1271884708702
88.69078270630531
464.07763791663217
58.86702392009945
88.30053588014918
462.2531380572127
58.60400259847394
87.90600389771092
460.40780200787276
58.338121643374755
87.50718246506214
458.5416316059205
58.06938101347195
87.10407152020791
456.65464721507266
57.7977835391708
86.69667530875621
454.7468880922025
57.52333497264171
86.2850024589626
452.8184127449325
57.24604403580794
85.86906605371192
450.86929927242466
56.965922465867834
85.44888369880175
448.89964568691437
56.68298505808819
85.02447758713231
446.90957021420934
56.3972497056212
84.5958745584318
444.8992178658275
56.108737710194355
84.16310656529153
442.8687356669162
55.81747269926999
83.72620904890499
440.81831011067993
55.523482360532554
83.28522354079882
438.7481428738462
55.2267973100575
82.84019596508627
436.658456911795
54.927451405689936
82.3911771085349
434.5494966504254
54.625481765182215
81.93822264777333
432.4215280992116
54.3209287782678
81.4813931674017
430.2748389231916
54.0138361135489
81.02075417032337
428.109738477897
53.704250720115276
80.55637608017291
425.92655780653286
53.392222823684286
80.08833423552643
423.725649598078
53.07780591704655
79.61670887556983
421.5073881050165
52.76105674461024
79.14158511691535
419.27216901947065
52.442035280852636
78.66305292127896
417.0204093066308
52.12080470250307
78.1812070537546
414.75254699451193
51.79743135430089
77.69614703145133
412.4690409192031
51.471984708191464
77.2079770622872
410.1703704249226
51.14453731584544
76.71680597376816
407.857035018368
50.81516475441081
76.22274713161622
405.5295539770099
50.48394556543095
75.72591834814644
403.18846591116636
50.150961186890186
75.22644178033529
400.834328279883
49.81629587837493
74.72444381756239
398.46771686083883
49.480036639367746
74.22005495905162
396.08922517470126
49.14227312072226
73.71340968108339
393.6994638645606
48.803097529396254
73.20464629409439
391.29906003127877
48.46260452655289
72.69390678982934
388.8886565258034
48.120891119170885
72.18133667875634
386.46891119970616
47.77805654533568
71.66708481800353
384.0404961154128
47.434202153417225
71.15130323012585
381.6040967177982
47.08943127536863
70.63414691305296
379.16041096902194
46.74384909441296
70.11577364161944
376.71014844867443
46.397562507414385
69.59634376112159
374.2540294214844
46.050679982258956
69.07601997338844
371.7927838750284
45.70331141059758
68.55496711589636
369.3271505300315
45.35556795633087
68.03335193449631
366.85787582601677
45.007561900238834
67.51134285035826
364.3857128851931
44.65940648118129
66.98910972177195
361.9114204575941
44.31121573431552
66.46682360147328
359.4357618505966
43.96310432679515
65.94465649019273
356.9595038460293
43.6151873914305
65.42278108714576
354.4834156081609
43.267580358802604
64.9013705382039
352.00826758591364
42.92039878833462
64.38059818250194
349.53483041267475
42.5737581988312
63.86063729824681
347.0638738071095
42.22777389900024
63.34166084850037
344.59616547537985
41.88256081820406
62.82384122730609
342.13247003899085
41.53823333983824
62.30735000975736
339.67354792908213
41.19490513224521
61.79235769836783
337.2201543545487
40.85268898692979
61.279033480394695
334.7730382431347
40.51169665539101
60.767544983086516
332.3329412209735
40.17203869050937
60.25805803576406
329.9005966127761
39.83382429115663
59.75073643673495
327.4767284684818
39.497161150731145
59.245741726096725
325.0620506190888
39.16215531004927
58.74323296507391
322.6572657642039
38.8289110150011
58.24336652250165
320.26306459370886
38.4975305793529
57.74629586902936
317.88012494573667
38.1681142530564
57.2521713795846
315.50911100299015
37.840760096393275
56.76114014458992
313.15067252921295
37.515563860258595
56.27334579038791
310.80544414745043
37.19261887285537
55.78892830928306
308.4740446615052
36.872015933040906
55.30802389956137
306.15707642181144
36.55384321053667
54.830764815805004
303.85512473672134
36.23818615317931
54.35727922976898
301.5687573300015
35.92512740136044
53.88769110204066
299.2985238451248
35.61474670976988
53.42212006465481
297.0449553967386
35.307120876525204
52.96068131478781
294.8085641695005
35.002323679741025
52.50348551961154
292.58984306425873
34.70042582155814
52.05063873233721
290.38926539138953
34.40149487962525
51.60224231943786
538.1910974419048
86.34143141345638
129.51214712018458
580.6893014426337
84.68966273775463
127.03449410663195
581.1657701543631
84.32059124522715
126.48088686784075
581.5628233058368
83.95337182225111
125.93005773337667
581.8823829810323
83.5889368291659
125.38340524374885
582.1265220958121
83.22815053779733
124.84222580669602
582.2976378015653
82.87181374984056
124.30772062476085
582.3984348594189
82.52065582894734
123.78098374342102
582.4318720518478
82.17532628674
123.26298943011003
582.4011012867967
81.83638822666452
122.75458233999679
582.3094065703543
81.50431411192871
122.25647116789304
582.160145734511
81.17948390736774
121.76922586105162
581.9566967292128
80.86218548902838
121.29327823354258
581.7024097498881
80.5526171194357
120.82892567915354
581.4005660231865
80.25089171872773
120.37633757809161
581.0543436604632
79.95704261762624
119.93556392643937
580.6667906212006
79.67103045623999
119.50654568435999
580.2408045217085
79.3927508908803
119.08912633632043
579.7791187870522
79.12204278625393
118.68306417938088
579.2842944776947
78.85869659875927
118.28804489813893
578.7587170227916
78.6024626941051
117.90369404115766
578.2045970509495
78.3530593852172
117.52958907782579
577.6239745159953
78.11018052097171
117.16527078145756
577.018725358279
77.87350249989785
116.8102537498468
576.3905700101363
77.64269062351799
116.46403593527698
575.7410831373834
77.41740474001787
116.12610711002682
575.0717040987803
77.19730415966374
115.79595623949561
574.3837476958216
76.98205184850482
115.47307777275726
573.6784148712228
76.77131792653007
115.1569768897951
572.9568030930672
76.56478251097464
114.84717376646199
572.2199162308518
76.36213795545851
114.54320693318775
571.4686737890296
76.16309054174779
114.24463581262171
570.7039194130718
75.96736168384962
113.95104252577445
569.926428623103
75.7746887045366
113.6620330568049
569.1369157618116
75.58482524286568
113.37723786429855
568.3360401675119
75.39754134833424
113.09631202250137
567.5244116011652
75.21262331345784
112.81893497018677
566.702594968832
75.02987329213119
112.54480993819679
565.8711143894642
74.84910874643464
112.27366311965196
565.0304566629993
74.67016175980108
112.00524263970162
564.1810741961509
74.49287824982291
111.73931737473438
563.3233874437111
74.31711710957013
111.47567566435522
562.4577869221422
74.142749302186
111.21412395327903
561.5846348501015
73.96965692976175
110.95448539464265
560.7042664676893
73.79773229409294
110.69659844113941
559.8169910828539
73.62687696387906
110.4403154458186
558.9230928897391
73.45700086024229
110.18550129036345
558.0228315999801
73.28802137008367
109.93203205512553
557.1164429241067
73.11986249474512
109.6797937421177
556.2041389364296
72.95245403967536
109.42868105951305
555.2861083530961
72.78573084927929
109.17859627391893
554.362516749436
72.61963208983437
108.92944813475155
553.4335067393549
72.45410058226452
108.68115087339679
552.499198136313
72.28908218563853
108.4336232784578
551.5596881124565
72.12452523149358
108.18678784724038
550.6150513696724
71.96038000844925
107.94057001267392
549.6653430160551
71.79659866141313
107.69489799211973
548.7105874039112
71.63313326125134
107.44969989187703
547.7507969248817
71.46993780049341
107.20490670074011
546.785958226001
71.3069661772116
106.96044926581742
545.8160372994536
71.14417239995728
106.71625859993593
544.8409794198577
70.98151031446893
106.47226547170342
543.86070959577
70.8189333928669
106.22840008930035
542.8751330693126
70.65639455714195
105.98459183571293
541.8841358618802
70.49384603439896
105.74076905159845
540.887585363377
70.33123924134459
105.49685886201686
539.8853309618659
70.16852469555275
105.2527870433291
538.8772047100598
70.00565195110798
105.00847792666197
537.8630220247389
69.84256955630644
104.76385433445965
536.8425824149822
69.67922503119229
104.51883754678842
535.8156702349889
69.5155648628128
104.27334729421919
534.7820554572386
69.35153451618955
104.02730177428433
533.7414957742783
69.18707863183215
103.78061794774821
532.6937324944904
69.02214042376376
103.53321063564566
531.6384982057382
68.85666260853864
103.28499391280798
530.5755133488987
68.69058692390394
103.0358803858559
529.5044880136592
68.52385431468032
102.78578147202049
528.4251227520951
68.35640500287599
102.53460750431397
527.3371093875706
68.18817856294592
102.28226784441887
526.2401318180024
68.01911400129953
102.02867100194929
525.1338668064918
67.84914983875228
101.77372475812844
524.0179847655497
67.67822419575066
101.51733629362597
522.8921505253691
67.50627487902945
101.2594123185442
521.7560240897398
67.33323946945599
100.99985920418402
520.6092613770633
67.15905541040583
100.73858311560876
519.4515149460274
66.98366009623578
100.4754901443537
518.2824347055043
66.80699096047556
100.21048644071334
517.101668608468
66.62898556342574
99.94347834513863
515.9088633299228
66.4495816789126
99.67437251836891
514.703664929016
66.26871738000268
99.40307607000403
513.4857194956629
66.08633112353165
99.12949668529745
512.2546737821539
65.90236183334308
98.85354275001463
511.0101758203252
65.71674898217347
98.57512347326022
509.7518755249593
65.52943267214991
98.29414900822486
508.47942528418605
65.34035371389818
98.01053057084728
507.1924805376693
65.14945370428123
97.72418055642184
505.8907003434511
64.9566751028086
97.43501265421293
504.5737479343053
64.76196130677283
97.14294196015925
503.2412912645001
64.56525672518207
96.84788508777312
501.8930035478325
64.36650685156735
96.54976027735103
500.5285637878061
64.16565833574852
96.24848750362278
499.14765730077505
63.96265905464744
95.94398858197117
497.7499762328522
63.75745818223767
95.63618727335651
496.3352200713252
63.55000625871896
95.32500938807844
494.9030961512651
63.34025525900191
95.01038288850286
493.45332015795555
63.128158660582606
94.69223799087393
491.9856166256942
62.91367151088247
94.37050726632371
490.4997194334397
62.696750494117566
94.04512574117638
488.99537229770505
62.47735399775612
93.71603099663417
487.472329263001
62.25544217860954
93.38316326791433
485.93035519005065
62.03097702859304
93.04646554288956
484.36922624190527
61.80392244017928
92.70588366026891
482.7887303679836
61.57424427155541
92.36136640733314
481.1886677859765
61.34191041148077
92.01286561722117
479.5688514614465
61.10689084382902
91.66033626574355
477.9291075848588
60.86915771178365
91.30373656767549
476.26927669654697
60.62868541731379
90.94302812597068
474.5892115641339
60.38545054115243
90.57817581172866
472.888781522747
60.13943212196875
90.20914818295313
471.1678703672549
59.89061157330364
89.83591735995546
469.4263774469598
59.638972781663526
89.45845917249528
467.6642181166547
59.38450216719043
89.07675325078564
465.881317943914
59.1271884708702
88.69078270630531
464.07763791663217
58.86702392009945
88.30053588014918
462.2531380572127
58.60400259847394
87.90600389771092
460.40780200787276
58.338121643374755
87.50718246506214
458.5416316059205
58.06938101347195
87.10407152020791
456.65464721507266
57.7977835391708
86.69667530875621
454.7468880922025
57.52333497264171
86.2850024589626
452.8184127449325
57.24604403580794
85.86906605371192
450.86929927242466
56.965922465867834
85.44888369880175
448.89964568691437
56.68298505808819
85.02447758713231
446.90957021420934
56.3972497056212
84.5958745584318
444.8992178658275
56.108737710194355
84.16310656529153
442.8687356669162
55.81747269926999
83.72620904890499
440.81831011067993
55.523482360532554
83.28522354079882
438.7481428738462
55.2267973100575
82.84019596508627
436.658456911795
54.927451405689936
82.3911771085349
434.5494966504254
54.625481765182215
81.93822264777333
432.4215280992116
54.3209287782678
81.4813931674017
430.2748389231916
54.0138361135489
81.02075417032337
428.109738477897
53.704250720115276
80.55637608017291
425.92655780653286
53.392222823684286
80.08833423552643
423.725649598078
53.07780591704655
79.61670887556983
421.5073881050165
52.76105674461024
79.14158511691535
419.27216901947065
52.442035280852636
78.66305292127896
417.0204093066308
52.12080470250307
78.1812070537546
414.75254699451193
51.79743135430089
77.69614703145133
412.4690409192031
51.471984708191464
77.2079770622872
410.1703704249226
51.14453731584544
76.71680597376816
407.857035018368
50.81516475441081
76.22274713161622
405.5295539770099
50.48394556543095
75.72591834814644
403.18846591116636
50.150961186890186
75.22644178033529
400.834328279883
49.81629587837493
74.72444381756239
398.46771686083883
49.480036639367746
74.22005495905162
396.08922517470126
49.14227312072226
73.71340968108339
393.6994638645606
48.803097529396254
73.20464629409439
391.29906003127877
48.46260452655289
72.69390678982934
388.8886565258034
48.120891119170885
72.18133667875634
386.46891119970616
47.77805654533568
71.66708481800353
384.0404961154128
47.434202153417225
71.15130323012585
381.6040967177982
47.08943127536863
70.63414691305296
379.16041096902194
46.74384909441296
70.11577364161944
376.71014844867443
46.397562507414385
69.59634376112159
374.2540294214844
46.050679982258956
69.07601997338844
371.7927838750284
45.70331141059758
68.55496711589636
369.3271505300315
45.35556795633087
68.03335193449631
366.85787582601677
45.007561900238834
67.51134285035826
364.3857128851931
44.65940648118129
66.98910972177195
361.9114204575941
44.31121573431552
66.46682360147328
359.4357618505966
43.96310432679515
65.94465649019273
356.9595038460293
43.6151873914305
65.42278108714576
354.4834156081609
43.267580358802604
64.9013705382039
352.00826758591364
42.92039878833462
64.38059818250194
349.53483041267475
42.5737581988312
63.86063729824681
347.0638738071095
42.22777389900024
63.34166084850037
344.59616547537985
41.88256081820406
62.82384122730609
342.13247003899085
41.53823333983824
62.30735000975736
339.67354792908213
41.19490513224521
61.79235769836783
337.2201543545487
40.85268898692979
61.279033480394695
334.7730382431347
40.51169665539101
60.767544983086516
332.3329412209735
40.17203869050937
60.25805803576406
329.9005966127761
39.83382429115663
59.75073643673495
327.4767284684818
39.497161150731145
59.245741726096725
325.0620506190888
39.16215531004927
58.74323296507391
322.6572657642039
38.8289110150011
58.24336652250165
320.26306459370886
38.4975305793529
57.74629586902936
317.88012494573667
38.1681142530564
57.2521713795846
315.50911100299015
37.840760096393275
56.76114014458992
313.15067252921295
37.515563860258595
56.27334579038791
310.80544414745043
37.19261887285537
55.78892830928306
308.4740446615052
36.872015933040906
55.30802389956137
306.15707642181144
36.55384321053667
54.830764815805004
303.85512473672134
36.23818615317931
54.35727922976898
301.5687573300015
35.92512740136044
53.88769110204066
299.2985238451248
35.61474670976988
53.42212006465481
297.0449553967386
35.307120876525204
52.96068131478781
294.8085641695005
35.002323679741025
52.50348551961154
292.58984306425873
34.70042582155814
52.05063873233721
290.38926539138953
34.40149487962525
51.60224231943786
