-0.5615944297605707
-0.8723382048443504
-0.8722493151010424
-0.872458099906984
-0.8728965851412477
-0.8735178459882917
-0.8742872476804712
-0.8751780311910008
-0.87616891313752
-0.8772426542148024
-0.8783851241418601
-0.8795846437799516
-0.8808314972419239
-0.8821175575168713
-0.8834359930689846
-0.8847810348432771
-0.8861477896050279
-0.8875320894563102
-0.8889303698994203
-0.8903395705971838
-0.8917570542776926
-0.8931805402118836
-0.8946080494471077
-0.8960378595610204
-0.8974684671323132
-0.8988985565389539
-0.9003269739014208
-0.9017527107559277
-0.9031748638904078
-0.9045926525183942
-0.9060053835791853
-0.9074124460443365
-0.9088133014829026
-0.9102074759866113
-0.9115945532512663
-0.9129741686057602
-0.9143460038235238
-0.9157097826221856
-0.917065266693469
-0.9184122522239379
-0.9197505667924499
-0.921080066604684
-0.9224006340023281
-0.9237121752175101
-0.9250146183128347
-0.9263079113144537
-0.9275920204832573
-0.9288669287180427
-0.9301326340726935
-0.931389148389541
-0.9326364960071384
-0.9338747125676988
-0.9351038438962542
-0.9363239449554599
-0.9375350788682154
-0.9387373160017847
-0.9399307331203306
-0.9411154125963538
-0.9422914416662258
-0.9434589117515558
-0.9446179178353697
-0.9457685578678403
-0.9469109322429449
-0.9480451433044539
-0.9491712948945334
-0.9502894919588514
-0.9513998401616247
-0.9525024455681856
-0.9535974143338958
-0.9546848524468028
-0.9557648654783133
-0.9568375583842459
-0.9579030353080663
-0.9589613994261975
-0.9600127528053503
-0.9610571962768643
-0.9620948293416948
-0.9631257500720474
-0.9641500550481179
-0.9651678392961257
-0.9661791962374455
-0.9671842176551232
-0.9681829936656552
-0.9691756127008291
-0.970162161494433
-0.9711427250764061
-0.9721173867802361
-0.9730862282358547
-0.9740493293948079
-0.9750067685311049
-0.9759586222655747
-0.976904965580173
-0.9778458718454903
-0.9787814128374618
-0.9797116587665315
-0.9806366783063578
-0.9815565386116113
-0.9824713053568094
-0.9833810427570475
-0.9842858135992303
-0.9851856792726758
-0.986080699793849
-0.9869709338395423
-0.9878564335685484
-0.9887372706783323
-0.9896134843717781
-0.9904851334563773
-0.9913522703261344
-0.9922149462058832
-0.9930732111755768
-0.9939271141925693
-0.9947767031259039
-0.995622024770145
-0.9964631248828969
-0.9973000482009907
-0.9981328384662035
-0.9989615384513153
-0.9997861899807088
-1.000606833954597
-1.001423510369528
-1.002236258340028
-1.0030451161231202
-1.0038501211332678
-1.004651309970152
-1.0054487184293912
-1.0062423815302934
-1.0070323335315325
-1.007818607949764
-1.0086012375745108
-1.0093802544925896
-1.010155690103865
-1.0109275751325055
-1.01169593964862
-1.0124608130853703
-1.0132222242516367
-1.0139802013517332
-1.014734771995735
-1.0154859632177027
-1.0162338014886534
-1.0169783127332925
-1.0177195223407336
-1.0184574551814192
-1.0191921356180755
-1.0199235875179546
-1.0206518342705295
-1.0213768987943155
-1.0220988035531626
-1.022817570564171
-1.023533221413483
-1.024245777266894
-1.0249552588794284
-1.0256616866055124
-1.026365080413686
-1.0270654598946858
-1.0277628442684152
-1.0284572524012463
-1.029148702810136
-1.029837213671397
-1.030522802837279
-1.0312054878362698
-1.031885285887639
-1.0325622139077606
-1.0332362885218418
-1.0339075260658417
-1.0345759426018066
-1.0352415539218527
-1.0359043755550792
-1.0365644227807882
-1.0372217106270605
-1.0378762538836173
-1.0385280671136368
-1.0391771646470889
-1.039823560600211
-1.0404672688765115
-1.0411083031739423
-1.0417466769895658
-1.042382403630425
-1.0430154962115181
-1.0436459676735355
-1.0442738307726036
-1.0448990981016713
-1.0455217820847946
-1.0461418949878767
-1.0467594489214227
-1.047374455848627
-1.0479869275831502
-1.048596875804035
-1.0492043120492758
-1.0498092477313006
-1.0504116941302863
-1.05101166240861
-1.0516091636078728
-1.0522042086544685
-1.0527968083681594
-1.0533869734572407
-1.0539747145276626
-1.054560042088969
-1.0551429665514542
-1.0557234982350185
-1.0563016473684919
