35.51589687647964
36.21238418327361
36.354898466020124
36.477288920997744
36.59346281108213
36.703920277708335
36.808853963290844
36.90847652109512
37.0030207754534
37.09273295789112
37.17786699066887
37.25867985800684
37.33542783588693
37.40836351109622
37.47773343393366
37.543776310737044
37.60672165148881
37.66678879817042
37.72418627079689
37.77911137658791
37.83175003533156
37.88227678055604
37.93085490184329
37.977636698624124
38.02276382018622
38.06636767048096
38.10856985969408
38.14948268750196
38.189209645512626
38.227845928630124
38.2654789470159
38.302188831985234
38.338048930599754
38.37312628492594
38.40748209294961
38.44117214899117
38.47424726217585
38.506753652097856
38.53873332129318
38.570224404519315
38.60126149514317
38.63187594917634
38.662096167675934
38.69194785836317
38.72145427740483
38.750636452364866
38.77951338736795
38.80810225153141
38.836418551718126
38.86447629064766
38.89228811137522
38.91986542911492
38.94721855134286
38.97435678707254
39.00128854614865
39.02802142935743
39.05456231010446
39.08091740836231
39.107092357544445
39.133092264915724
39.1589217661062
39.18458507425309
39.210086024255524
39.235428112588735
39.26061453308907
39.28564820908705
39.310531822234736
39.33526783834404
39.35985853052532
39.38430599989063
39.408612194061874
39.432778923702976
39.45680787727509
39.48070063419509
39.50445867656134
39.5280833995945
39.55157612092748
39.57493808886568
39.59817048972622
39.62127445435486
39.644251063908904
39.667101354985775
39.689826324168834
39.71242693205419
39.734904106816515
39.75725874736499
39.779491726135426
39.80160389155991
39.82359607025052
39.84546906892994
39.867223676138074
39.888860663740815
39.90378455962173
39.913926874817896
39.92070355460377
39.925111972843204
39.9278538474703
39.9294228569126
39.93016631339943
39.93032855599823
39.93008148003677
39.92954601561821
39.92880723822468
39.927924999235444
39.926941404596164
39.925886076118566
39.92477985284277
39.9236373949762
39.922469015791144
39.9212819703877
39.92008136235856
39.91887078164458
39.91765275328046
39.916429053098824
39.91520092983728
39.91396926139826
39.91273466478345
39.91149757343727
39.91025829166144
39.9090170328983
39.90777394666504
39.90652913750362
39.90528267831297
39.90403461972926
39.90278499672532
39.901533833253986
39.90028114551495
39.89902694425325
39.89777123637638
39.89651402609216
39.89525531570925
39.89399510620034
39.89273339759853
39.891470189276035
39.89020548014036
39.88893926877237
39.88767155352329
39.88640233258308
39.885131604028395
39.883859365856466
39.88258561600878
39.881310352387885
39.88003357286901
39.87875527530846
39.8774754575493
39.87619411742554
39.874911252764825
39.8736268613906
39.87234094112342
39.87105348978194
39.86976450518364
39.868473985145194
39.8671819274829
39.865888330012886
39.86459319055119
39.863296506913926
39.86199827691735
39.860698498377864
39.85939716911207
39.85809428693678
39.85678984966903
39.855483855126046
39.854176301125285
39.85286718548442
39.85155650602133
39.85024426055407
39.84893044690093
39.847615062880365
39.846298106311046
39.84497957501181
39.84365946680168
39.842337779499886
39.84101451092581
39.83968965889902
39.838363221239284
39.837035195766546
39.835705580300946
39.834374372662786
39.833041570672606
39.831707172151106
39.83037117491924
39.82903357679816
39.82769437560921
39.82635356917397
39.8250111553143
39.82366713185225
39.82232149661016
39.820974247410646
39.8196253820766
39.81827489843118
39.816922794297845
39.815569067500434
39.81421371586303
39.81285673721015
39.811498129366576
39.81013789015755
39.80877601740864
39.80741250894586
39.806047362595635
39.8046805761848
