169116.0
48591.87770076487
49395.511270672636
50218.60936864688
51061.58456105089
51925.06040038231
52809.720390278126
53716.27844312548
54645.46906611463
55598.04104292222
56574.75223353096
57576.36527136371
58603.64420467177
59657.35210549791
60738.24961244074
61847.09432903028
62984.64097129628
64151.642146571394
65348.849644842136
66577.01613196383
67836.89714645068
69129.25331560786
70454.85272139427
71814.47335964795
73208.90564803223
74638.95494796439
76105.44407414117
77609.21577158543
79151.13514618434
80732.09192195532
82353.00321166596
84014.8150625281
85718.50514054154
87465.08465351934
89255.60065364324
91091.13738369245
92972.81917339594
94901.81181655554
96879.32467331055
98906.6126521872
100984.97823864852
103115.77359878171
105300.40279060301
107540.32411864196
109837.0526713291
112192.16308412858
114607.29228142972
117084.14399029693
119624.49077711208
122230.17931884692
124903.13526705427
127645.36682922576
130458.97302491566
133346.14876134225
136309.17178578902
139350.4932586564
142472.62517375674
145678.2310780967
148970.1178752037
152351.24883940915
155824.75814368468
159393.96706602807
163062.40205950662
166833.81489634313
170712.20511985448
174701.84507433893
178807.30781873205
183033.49827379172
187385.68800711908
191869.55412064918
196491.2227790965
201257.3180058252
206175.01647500222
211252.1091532993
216497.07079160024
221919.13844419486
227528.4004062478
233335.89721658116
239353.73668463182
245595.22527914925
252075.0186782904
258809.2948483556
265815.95371808927
273114.8483813014
280728.05383973545
288680.1806486023
296998.74260228977
305714.5890397221
314862.41812836716
324481.3835206268
334613.8589434796
345316.13520201785
356639.8251507548
368652.8040295114
381430.9546879377
395062.07395583263
409648.28542524925
423108.18425462296
424649.39446305245
426132.7555066561
427559.11647511413
428928.88171008584
430243.78121014533
431504.1379357557
432710.88369100663
433865.1696104582
434967.4314837364
436019.3151557494
437021.69333282724
437975.65529169934
438882.31053715956
439742.7850856006
440558.2179152324
441329.75759812386
442058.5591191939
442745.7808837769
443392.5819151265
444000.11924047593
444569.545464116
445102.0065239564
445598.6396273856
446060.57136171934
446488.9159733415
446884.77380931535
447249.2299152161
447583.35278151155
447888.19323224097
448164.7834480666
448414.1361162223
448637.24370052124
448835.0778237956
449008.58875529165
449158.70499638555
449286.33295748424
449392.35671931435
449477.6378723662
449543.0154281258
449589.3057961372
449617.3028211778
449627.77787521965
449621.47999897925
449599.1360881567
449561.45111981843
449509.1084148017
449442.7699316574
449363.07658876147
449270.64861095865
449166.08589751826
449049.96840791445
448922.8565635978
448785.291661918
448637.79630089365
448480.874812146
448315.013699603
448140.6820832812
447958.33214504126
447768.3995761774
447571.3040241905
447367.4495387416
447157.225014635
446941.00463153346
446719.1482891906
446492.00203759
446259.8985010947
446023.1572962483
445782.0854427625
445536.97776670824
445288.11729629803
445035.7756494501
444780.2134129559
444521.6805130455
444260.4165774561
443996.6512884205
443730.6047268494
443462.48770762654
443192.5021057638
442920.8411738536
442647.68985026213
442373.22505884565
442097.61599962966
441821.02443091135
441543.6049428567
441265.5052225858
440986.8663109833
440707.82285140554
440428.5033303775
440149.0303104782
439869.52065553016
439590.08574835263
439310.8317012967
439031.85955929646
438753.2654966488
438475.14100612246
438197.57308242423
437920.64439852175
437644.4334762421
437369.0148505463
437094.45922797837
436820.83363964997
436548.2015883557
