0.00443
0.003807317164656749
0.003794496707693045
0.0037852592266277903
0.003779455665030569
0.003776856457304726
0.0037772276523107594
0.0037803425678024772
0.003785983980035566
0.0037939449196802352
0.0038040291967945043
0.003816051773566664
0.0038298389769939366
0.0038452285430175073
0.0038620694973109447
0.003880221889330903
0.0038995564033599273
0.003919953873463713
0.0039413047294534305
0.003963508399003756
0.0039864726878795385
0.004010113156439504
0.004034352506705707
0.004059119990645471
0.004084350847101482
0.0041099857721062566
0.004135970425152232
0.004162254972320111
0.0041887936659347254
0.004215544456337093
0.004242468653554021
0.004269530587939656
0.004296697331916831
0.004323938434836393
0.004351225685590658
0.004378532886073098
0.004405835673659705
0.004433111333447876
0.004460338642898895
0.004487497729487488
0.0045145699430495095
0.0045415377416328185
0.004568384589760972
0.00459509486812322
0.00462165379377747
0.00464804735001862
0.00467426222288191
0.0047002857572650825
0.004726105897335844
0.0047517111571618855
0.004777090587514121
0.004802233740961448
0.004827130661835365
0.004851771860431759
0.004876148376317153
0.004900251465919477
0.004924073051553607
0.004947605410042708
0.004970841246999867
0.004993773695570825
0.00501639631643009
0.005038703098660138
0.005060688461183503
0.005082347254478769
0.005103674762260124
0.005124666702896442
0.0051453192303839825
0.005165628934620297
0.005185592840874513
0.005205208408297018
0.005224473527343656
0.005243386516063883
0.0052619461151632504
0.0052801514818159425
0.00529800218220212
0.00531549818277073
0.0053326398402518335
0.005349427890441721
0.005365863435805542
0.005381947931967256
0.005397683173138108
0.005413071276563216
0.005428114666069617
0.005442816054792292
0.0054571784271672695
0.00547120502027741
0.005484899304673271
0.005498264964519757
0.0055113058776835745
0.005524026095306833
0.005536428883936825
0.005548521391716712
0.005560305249543265
0.0055717859310276145
0.005582968039533204
0.005593856225054702
0.005604455162977621
0.005613792790515402
0.005617368133374133
0.005620558292359174
0.005623373956866464
0.005625825932567027
0.005627924930396793
0.005629681571752396
0.005631106351699956
0.005632209615332935
0.0056330016514188315
0.005633492503950887
0.005633692123398226
0.005633610291229486
0.00563325662501332
0.005632640572544724
0.005631771406551013
0.0056306582199894374
0.0056293099219439915
0.005627735234116577
0.005625942687904033
0.005623940622044343
0.005621737180815948
0.00561934031276415
0.005616757769932082
0.005613997107567089
0.0056110656842770475
0.0056079706626028635
0.005604719009983169
0.005601317500076095
0.005597772714413422
0.005594091044356127
0.005590278693322804
0.00558634167926541
0.0055822858373662364
0.00557811682292956
0.00557384011444626
0.00556946101680786
0.005564984664648687
0.005560416025797594
0.0055557599048181834
0.005551020946624339
0.005546203640149354
0.005541312322059534
0.00553635118049454
0.005531324258823651
0.0055262354594059196
0.005521088547344857
0.005515887154226695
0.0055106347818333875
0.005505334805825387
0.00549999047938527
0.00549460493681444
0.005489181197082805
0.005483722167319949
0.0054782306462500515
0.005472709327564019
0.005467160803222938
0.00546158756669862
0.005455992016139532
0.005450376457468556
0.005444743107404763
0.005439094096414985
0.0054334314715870835
0.005427757199432842
0.005422073168611934
0.005416381192584899
0.0054106830121900705
0.005404980298146363
0.0053992746534860395
0.005393567615912006
0.0053878606600864225
0.005382155199848292
0.005376452590363564
0.005370754130205309
0.005365061063370406
0.005359374581230251
0.005353695824417522
0.00534802588465211
0.005342365806506145
0.0053367165891103
0.005331079187802187
0.005325454515720287
0.005319843445341211
0.005314246809966664
0.005308665405157708
0.005303099990119294
0.005297551289036825
0.005292019992366187
0.005286506758077315
0.005281012212855373
0.0052755369532574885
0.005270081546829987
0.005264646533185646
0.005259232425039538
0.005253839709213145
0.005248468847596371
0.005243120278079657
0.0052377944154490645
0.005232491652251625
0.005227212359627049
0.005221956888110404
0.005216725568406243
0.005211518712132648
