368169.668748
337208.9112874668
337791.18184550194
338392.52488016395
339003.7359724663
339619.39114948554
340236.2649297804
340852.44033092255
341466.77998083504
342078.61106858886
342687.53749122296
343293.3277951788
343895.8483281863
344495.02337303234
345090.81138829695
345683.1908649599
346272.15192350326
346857.6913376328
347439.8096031971
348018.5092277013
348593.79374839726
349165.6671855839
349734.13375639037
350299.19774529774
350860.863470026
351419.135306934
351974.0177553226
352525.5155294048
353073.63367250876
353618.3776915998
354159.75371299835
354697.76866185095
355232.43046959135
355763.7483152317
356291.73290797387
356816.396820563
357337.754885149
357855.8246662259
358370.62702875235
358882.18682386045
359390.5337199291
359895.7032134363
360397.73786207417
360896.68879244296
361392.6175462676
361885.598342617
362375.7208471907
362863.0935572622
363347.847916691
363830.14328217844
364310.1728389393
364788.1658267295
365264.4134469975
365739.25067179726
366213.0812421442
366686.37890430394
367159.68691916706
367633.605436902
368108.75660147914
368585.71217198984
369064.8636279818
369546.21447548823
370029.0879045279
370511.7833128094
370991.28969555016
371463.2478776005
371922.36603644147
372363.33395546314
372781.970054846
373176.10450823064
373545.8075225837
373892.95810148097
374220.4754251205
374531.5810789413
374829.28987592406
375116.1585345271
375394.22056695423
375665.0253496428
375929.71966902836
376189.1360740214
376443.87139275024
376694.35013231705
376940.87297177815
377183.652709625
377422.84027271095
377658.5432591469
377890.8390918231
378119.7842355889
378345.4206459018
378567.78026252147
378786.888132757
379002.7645773259
379215.4585189163
379424.9287671374
379631.2105733856
379834.2856321024
380034.22216393927
380231.01009140606
380424.6596480839
380615.1812369166
380802.58551345393
380986.8836588109
381168.08485013054
381346.199715507
381521.23878035916
381693.21248604084
381862.1311937791
382028.0051820135
382190.84463976417
382350.65965768957
382507.46021788183
382661.256183036
382812.0572854401
382959.8731160315
383104.71311370214
383246.5865549599
383385.50254401565
383521.4700033418
383654.49766471825
383784.59406080854
383911.7675172478
384036.0261452498
384157.37783474976
384275.83024806675
384391.3908141053
384504.06672294735
384613.8649212324
384720.7921076766
384824.8547293515
384926.0589783015
385024.4107888232
385119.91583487263
385212.5795282682
385302.4070171677
385389.4031850226
385473.5726499587
385554.9197645748
385633.44861614436
385709.1630272308
385782.066556676
385852.16250098054
385919.45389604755
385983.94351928885
386045.63389207725
386104.52728254616
386160.62570871494
386213.93094193144
386264.44451064145
386312.1677044365
386357.101578419
386399.24695782794
386438.6044429583
386475.17441433057
386508.9570381226
386539.95227184845
386568.15987027413
386593.5793915659
386616.21020364953
386636.0514907977
386653.1022604079
386667.36134998733
386678.82743431604
386687.4990327995
386693.37451698695
386696.4521182608
386696.729935679
386694.20594396896
386688.878001668
386680.7438593941
386669.8011682498
386656.0474883476
386639.4802974499
386620.0969997179
386597.9865645172
386572.9608843008
386545.11096210143
