2.1894056993627684
2.21299343247473
2.2213017903587913
2.2296107359893105
2.237920345520686
2.2462306137193124
2.254541529739893
2.2628530796110953
2.2711652467699603
2.279478012530378
2.287791356553789
2.2961052571547063
2.3044196918449047
2.312734637564241
2.3210500710122774
2.3293659689123425
2.337682308238234
2.3459990664045356
2.354316221423221
2.3626337520292546
2.3709516377781372
2.379269859118465
2.3875883974425314
2.3959072351178965
2.404226355502697
2.412545742947274
2.4208653827844375
2.429185261310505
2.4375053657589705
2.4458256842684576
2.4541462058463743
2.4624669203295144
2.470787818342619
2.4791088912557977
2.4874301311415135
2.4957515307317304
2.504073083375701
2.512394782998772
2.520716624062489
2.5290386015262296
2.5373607108105114
2.545682947762086
2.5540053086208845
2.56232778998883
2.5706503888005203
2.578973102295774
2.587295927993965
2.595618863670127
2.6039419073327403
2.6122650572031287
2.620588311696406
2.628911669403875
2.637235129076802
2.6455586896114958
2.6538823500355906
2.662206109495473
2.6705299672447613
2.6788539226337824
2.6871779750999423
2.6955021241589687
2.7038263693969102
2.7121507104628817
2.720475147062454
2.7287996789516757
2.7371243059316286
2.7454490278435326
2.7537738445642885
2.7620987560024703
2.770423762094709
2.778748862802422
2.787074058108889
2.7953993480166015
2.8037247325448997
2.812050211727844
2.820375785612309
2.8287014542562834
2.8370272177273415
2.845353076101284
2.8536790294609267
2.862005077895018
2.870331221497283
2.8786574603655612
2.88698379460106
2.895310224307675
2.9036367495914046
2.9119633705598207
2.9202900873216104
2.9286168999861695
2.9369438086632416
2.945270813462614
2.9535979144938356
2.961925111865982
2.9702095077417208
2.978537565968257
2.986865726100473
2.9951939850144234
3.00352234054823
3.011850791212867
3.020179335992678
3.02850797420617
3.036836705408211
3.045165529320986
3.053494445785088
3.0618234547247978
3.0701525561234
3.078481750005613
3.0868110364250763
3.0951404154554436
3.1034698871840347
3.111799451707317
3.120129109127691
3.1284588595512
3.1367887030859176
3.1451186398407773
3.1534486699247766
3.1617787934463855
3.170109010513154
3.1784393212314237
3.1867697257061343
3.1951002240406914
3.2034308163368754
3.211761502694782
3.220092283212788
3.22842315798753
3.236754127113896
3.2450851906850247
3.2534163487923027
3.261747601525386
3.2700789489721993
3.2784103912189524
3.2867419283501547
3.2950735604486314
3.303405287595536
3.3117371098703647
3.320069027350979
3.328401040113618
3.3367331482329075
3.345065351781889
3.3533976508320262
3.3617300454532226
3.3700625357138403
3.378395121680709
3.386727803419151
3.3950605809929857
3.4033934544645525
3.411726423894723
3.4200594893429135
3.4283926508671034
3.436725908523845
3.445059262368285
3.453392712454168
3.4617262588338624
3.470059901558362
3.4783936406773144
3.486727476239017
3.4950614082904394
3.503395436877245
3.511729562043786
3.520063783833132
3.5283981022870705
3.53673251744613
3.5450670293495854
3.5534016380354725
3.5617363435406024
3.5700711459005694
3.5784060451497677
3.586741041321397
3.5950761344474795
3.6034113245588717
3.6117466116852714
3.620081995855232
3.6284174770961735
3.636753055434393
3.6450887308950777
3.6534245035023107
3.661760373279087
3.670096340247324
3.678432404427865
3.6867685658405005
3.6951048245039693
3.7034411804359744
3.7117776336531865
3.7201141841712633
3.728450832004852
3.736787577167601
3.7451244196721722
3.7534613595302435
3.761798396752532
3.7701355313487825
3.7784727633278004
3.7868100926974435
3.795147519464634
3.8034850436353764
3.811822665214759
3.820160384206959
3.8284982006152632
3.8368361144420677
3.8451741256888843
3.8535122343563555
3.861850440444264
