45752.02183747079
114825.80541738094
115084.66397434047
115329.52687282882
115561.52839337038
115780.78207363398
115987.45622331531
116181.79342926876
116364.1017342389
116534.74487836348
116694.13101340496
116842.70979876368
116980.95372178157
117109.3565278148
117228.42420211014
117338.66815667762
117440.59952849646
117534.7241467462
117621.53831496123
117701.52533368728
117775.15270771267
117842.86997524959
117905.1070932133
117962.27331219321
118014.75647638424
118062.92268683686
118107.11627057043
118147.66000299828
118184.85553615521
118218.98399057698
118250.30667375855
118279.06589307058
118305.48583550811
118329.77349100634
118352.11959968541
118372.69960692462
118391.67461307395
118409.19230727143
118425.3878771283
118440.38488784738
118454.29612618701
118467.22440588109
118479.263332389
118490.49802575038
118501.00580112725
118510.85680717498
118520.11462295966
118528.8368144458
118537.07545192684
118544.87758994554
118552.28571140587
118559.33813771514
118566.0694067695
118572.51062071467
118578.68976530184
118584.63200268909
118590.35993954781
118595.89387206268
118601.252009655
118606.45067887382
118611.5045090623
118616.42660113994
118621.22868095475
118625.9212382994
118630.51365297045
118635.01430876626
118639.43069662464
118643.76950773809
118648.03671752346
118652.23766137831
118656.37710280421
118660.45929473858
118664.48803462609
118668.46671386303
118672.39836217232
118676.28568728865
118680.13111055641
118683.93679872318
118687.70469235246
118691.43653120112
118695.13387680765
118698.79813269732
118702.43056229521
118706.03230489297
118709.60438983758
118713.14774913904
118716.66322863901
118720.1515979128
118723.61355906398
118727.04975447823
118730.46077370904
118733.84715953933
119746.61614617014
119738.44622333352
119730.72159733059
119723.32477104967
119716.17301861728
119709.20803256548
119702.38867066233
119695.68586494257
119689.0790445746
119682.55362056367
119676.09921621652
119669.7084217152
119663.37591740386
119657.0978564793
119650.87143027122
119644.6945620843
119638.56569157261
119632.48362283829
119626.44741743781
119620.45631901363
119614.50970020806
119608.60702523393
119602.74782352457
119596.9316711782
119591.15817783313
119585.42697747993
119579.73772192515
119574.09007622527
119568.48371543754
119562.91832233372
119557.39358579298
119551.90919965392
119546.46486189611
119541.06027407969
119535.69514092003
119530.36917000698
119525.08207156847
119519.83355835118
119514.62334546974
119509.451150352
119504.31669265564
119499.21969422122
119494.15987904479
119489.13697321575
119484.150704922
119479.2008044121
119474.2870039603
119469.40903786881
119464.56664242764
119459.75955593417
119454.98751862034
119450.25027268456
119445.54756225258
119440.87913337181
119436.2447339832
119431.64411392559
119427.0770249083
119422.54322049141
119418.04245608998
119413.57448893844
119409.13907809708
119404.73598440594
119400.36497051782
119396.02580084874
119391.71824156972
119387.44206060392
119383.19702760396
119378.9829139447
119374.7994927034
119370.64653865105
119366.52382825127
119362.43113961142
119358.36825251215
119354.3349483605
119350.33101021386
119346.35622272517
119342.41037216391
119338.493246383
119334.60463482255
119330.74432848033
119326.91211992266
119323.10780325235
119319.33117409934
119315.58202962419
119311.86016848826
119308.16539085447
119304.49749836217
119300.85629413193
119297.24158275375
119293.65317025699
119290.09086411721
119286.55447323823
119283.043807945
119279.5586799735
119276.09890244246
119272.66428986978
119269.25465815567
119265.86982454616
119262.50960765245
119259.17382744029
119255.86230519145
119252.5748635248
119249.31132637642
119246.07151896696
119242.85526783679
119239.662400793
119236.4927469293
119233.34613659675
