309019.240392
285462.48971433967
281510.2385349529
277695.7352019529
274010.47025994683
270451.5882661654
267016.9084012443
263704.2183226668
260511.19531088884
257435.41801173615
254474.38953311226
251625.5597566836
248886.34473673743
246254.14275423714
243726.34705021617
241300.3554904333
238973.5775515405
236743.43909321993
234607.38540286958
232562.88298115713
230607.42049226133
228738.5092416116
226953.68347690845
225250.5007408294
223626.54244142125
222079.41475035768
220606.7498927434
219206.20785313754
217875.4784939865
216612.28355629015
215414.3815056759
214279.5675997076
213205.6793689114
212190.59944315036
211232.25987354454
210328.64354572608
209477.79098073993
208677.80182177215
207926.83880196422
207223.1310516796
206564.97723218135
205950.74847411175
205378.89110514248
204847.92915908396
204356.46666340958
203903.18909351807
203486.86770255084
203106.35744108853
202760.60101154036
202448.6294523549
202169.56418605844
201922.61513027528
201707.08598914463
201522.37242837873
201367.9359844042
201243.41508121224
201148.46229950024
201082.85389639888
201046.4642174244
201039.26720014383
201061.33812492798
201112.8556658497
201194.10429815348
201305.47712378902
201447.47918152515
201620.73131395486
201825.97467183688
202064.07594415313
202336.03341220252
202642.98393891807
202986.21101736408
203367.15402033782
203787.4188117089
204248.7899042139
204753.24437585543
205302.96779077168
205900.3724092639
206548.11801979828
207249.1357824154
208006.6555413473
208824.2371475316
209705.80643193267
210655.69659244543
211678.69590615778
212780.10286127916
213965.7900595734
215242.27818676684
216616.82322039292
218097.51645533388
219693.11162215393
221414.62746442494
223272.58708171805
225280.1410128891
227451.8399720703
229804.2095348717
232356.0917198121
235129.05987932847
238147.92617135917
241441.36658316618
241952.506039726
241620.6527454791
241281.80976783243
240936.1587881467
240584.66593055672
240227.37447264313
239864.6663313465
239496.91448336688
239124.49097355412
238747.70399715076
238366.96310294795
237982.58276148504
237594.88718638293
237204.19099225756
236810.79913372567
236415.00686687644
236017.0997349648
235617.35357634426
235216.0345555365
234813.39921527344
234409.69454844616
234005.15808926153
233600.01802184078
233194.49330481465
232788.79381100103
232383.12047992
231977.66548270828
231572.61239729432
231168.13639295954
230764.404422702
230361.57542237878
229959.80051580697
229559.22322346413
229159.97967569376
228762.19882757255
228366.0026758285
227971.50647648753
227578.81896240808
227188.04256050102
226799.27360715394
226412.6025623392
226028.11422108638
225645.88792238556
225265.99775467574
224888.51275797666
224513.49712211188
224141.0103808128
223771.10760178015
223403.83957175436
223039.25297742526
222677.39058130546
222318.2913929945
221961.99083525306
221608.52090518185
221257.91033080034
220910.1847221633
220565.36671777233
220223.47612615518
219884.53006243132
219548.54308003737
219215.5272979287
218885.49252305314
218558.4463679037
218234.39436425985
217913.34007191638
217595.28518360967
217280.22962529515
216968.17165299886
216659.10794505142
216353.03369098206
216049.94267642047
215749.82736453417
215452.67897389375
215158.48755307542
214867.24205182228
214578.93038911768
214293.53951836342
214011.05548943987
213731.46350804952
213454.74799222298
213180.8926263744
212909.88041259983
212641.69371980755
212376.3143304692
212113.7234848491
211853.90192357288
211596.82992763177
211342.48735682588
211090.85368608724
210841.90804005173
210595.6292259199
210351.99576457337
210110.9859202274
209872.57772833537
209636.74902240376
209403.47745911003
209172.74054204975
208944.51564458478
208718.7800309644
208495.51087676344
208274.68528796043
