1.9209444123629746
1.9292802497561847
1.9376089375037362
1.9459305573937278
1.9542451771731566
1.9625528620165342
1.9708536758730033
1.979147681687078
1.9874349414931567
1.9957155164947726
2.0039894671409755
2.0122568532013236
2.020517733839739
2.0287721676873534
2.0370202129144537
2.0452619273016324
2.053497368310242
2.061726593152249
2.069949658859592
2.078166622353135
2.086377540511303
2.094582470238497
2.1027814685333706
2.1109745925570547
2.119161899701405
2.127343447657365
2.135519294483506
2.143689498674822
2.151854119231854
2.1600132157302028
2.168166848390496
2.1763150781488707
2.1844579667280244
2.1925955767088854
2.200727971602955
2.208855215925357
2.2169773752686375
2.2250945163773492
2.233206707223445
2.241314017082503
2.2494165166108044
2.2575142779232675
2.2656073746722494
2.2736958821272033
2.2817798772551923
2.2898594388022264
2.2979346473754125
2.306005585525867
2.3140723378323584
2.3221349909856186
2.330193633873265
2.33824835766525
2.346299255899764
2.3543464245694836
2.362389962208064
2.3704299699767497
2.378466551750973
2.3864998142067844
2.394529866906965
2.4025568223866327
2.4105807962381602
2.418601907195192
2.426620277215547
2.434636031562758
2.44264929888601
2.450660211298194
2.4586689044517995
2.466675517612341
2.4746801937290024
2.482683079502163
2.4906843254474564
2.498684085956002
2.5066825193504205
2.5146797879362435
2.5226760580483165
2.5306715000917572
2.538666288577059
2.5466606021488736
2.554654623608045
2.562648539926415
2.5706425422539487
2.578636825917706
2.586631590412188
2.5946270393805912
2.6026233805864982
2.6106208258755492
2.618619591126637
2.626619896192187
2.6346219648270948
2.6426260246059132
2.6506323068279047
2.6586410464095946
2.666652481764498
2.6746668546697174
2.6826844101191534
2.6907053961631053
2.6987300637340947
2.706758666458766
2.714791460455817
2.722828704119926
2.7308706578917263
2.7389175840139353
2.746969746273814
2.7550274097322163
2.763090840439527
2.7711603051389124
2.779236070957335
2.787318405084906
2.795407574443202
2.8035038453432626
2.811607483134078
2.819718751842435
2.827837913805082
2.8359652292942608
2.8441009561376975
2.8522453493342512
2.8603986606664646
2.8685611381883875
2.8767330262070034
2.8849145645202277
2.8931059881558747
2.9013075269893993
2.9095194053671127
2.9177418417364045
2.9259750482845246
2.934219230587464
2.942474587270468
2.95074130968169
2.959019581580457
2.9673095788415793
2.9756114691770676
2.9839254118765823
2.9922515575678195
3.000590047997993
3.008941015837448
3.018069087384723
3.028369430093621
3.0398126800049043
3.052371405912589
3.0660197902792747
3.0807333954902894
3.0964889867159924
3.1132643941407325
3.131038403279788
3.149790665784849
3.169501625513142
3.190152456201113
3.2117250081341817
3.23420176192042
3.2575657879720445
3.281800710647314
3.306890676254182
3.3328203242971224
3.359574761480736
3.3871395380822267
3.4155006263791945
3.444644400876164
3.474557620117514
3.505227409909346
3.5366412478006266
3.568786948696512
3.6016526514952165
3.635226806655233
3.6694981646126568
3.704455764979535
3.740088926463861
3.7763912913212305
3.8133579464471583
3.8509793697484405
3.889246281492999
3.928149635868885
3.9676806178849566
4.007830636670108
4.0485913209857936
4.08995451512246
4.131912275428082
4.174456867514615
4.2175807642053655
4.261276644307515
4.305537392320466
4.350356099224238
4.395726064535166
4.441640799872146
4.488094034350294
4.535079722216982
4.582592053277386
4.630625466837229
4.679174670140213
4.728234662628457
4.777800767854572
4.827868675600078
4.87843449782842
4.929494843722356
4.981046921563087
5.033088679192197
5.085619001323942
5.138637993056222
5.192147398547669
5.246151240349495
5.300656837145367
