0.00894294142901123
0.008932028247579693
0.008922090890921512
0.008913031638126515
0.00890478772343091
0.008897312513852219
0.008890567483223347
0.008884518756776148
0.008879135583085096
0.008874389617733512
0.008870254549506788
0.008866705872775306
0.008863720724471643
0.008861277752014816
0.008859356998386357
0.00885793979865803
0.008857008685494858
0.008856547302400633
0.008856540323928451
0.008856973382239952
0.008857832999455056
0.00885910652526597
0.00886078207931883
0.008862848497899922
0.00886529528449735
0.008868112563855899
0.00887129103917643
0.008874821961512293
0.008878697055312055
0.008882908538341854
0.008887449052606569
0.008892311642288072
0.008897489724595998
0.008902977062297139
0.008908767737815598
0.00891485612880804
0.008921236885129451
0.008927904907122364
0.008934855325161976
0.00894208348040559
0.008949584906693328
0.008957355313554984
0.008965390570278993
0.008973686691004254
0.008982239820792099
0.008991046222643994
0.009000102265424496
0.009009404412652628
0.00901894921212366
0.009028733286326912
0.009038753323618698
0.009049006070116243
0.009059488322274555
0.009070196920110001
0.009081128741034386
0.009092280694263249
0.009103649715764443
0.009115232763713014
0.009127026814416394
0.009139028858680067
0.009151235898582818
0.009163644944627779
0.009176253013244932
0.009189057124614528
0.00920205430078507
0.009215241564064279
0.009228615935653883
0.009242174434512414
0.009255914076419791
0.009269831873228752
0.009283924832280934
0.009298189955975079
0.009312624241467737
0.009327224680495344
0.009341988259303163
0.009356911958668092
0.00937199275400693
0.009387227615556333
0.009402613508619097
0.009418147393866162
0.009433826227686813
0.00944964696258153
0.009465606547590516
0.009481701928753002
0.009497930049591721
0.009514287851618534
0.009530772274858856
0.009547380258387505
0.009564108740878692
0.009580954661161697
0.009597914958784178
0.009614986574578495
0.00963216645123125
0.009649451533852382
0.009666838770544254
0.009684325112969542
0.009701907516914392
0.009719582942850158
0.009737348356489236
0.009755200729336415
0.009773137039235128
0.009791154270906807
0.009809249416484941
0.009827419475420523
0.009845661457923186
0.009863972380005028
0.009882349269085109
0.009900789162123188
0.00991928910654773
0.00993784616074001
0.009956457394509729
0.009975119889564916
0.009993830739971747
0.01001258705260936
0.010031385947615448
0.010050224558824488
0.010069100034198973
0.010088009536252562
0.010106950242466
0.010125919345695202
0.010144914054571772
0.010163931593896806
0.010182969205025934
0.010202024146248614
0.010221093693157908
0.01024017513901481
0.010259265795104366
0.010278362991084523
0.010297464075326888
0.010316566415251596
0.010335667397654685
0.010354764429026686
0.010373854935865255
0.010392936364980652
0.010412006183793366
0.010431061880625297
0.01045010096498284
0.010469120967833406
0.010488119441874463
0.010507093961796032
0.010526042124535237
0.010544961549524556
0.010563849878932415
0.010582704777896468
0.010601523934750997
0.010620305061245967
0.010639045892759819
0.010657744188504594
0.010676397731724725
0.01069500432988882
0.010713561814874057
0.010732068043143398
0.010750520895916936
0.010768918279335581
0.010787258124617323
0.01080553838820815
0.010823757051924848
0.010841912123090878
0.010860001634666988
0.010878023645373132
0.010895976239804832
0.010913857528542384
0.01093166564825401
0.010949398761790883
0.010967055058277256
0.010984632753192941
0.011002130088449184
0.011019545332459156
0.011036876780200027
0.01105412275326974
0.011071281599938714
0.01108835169519171
0.011105331440766537
0.011122219265185094
0.011139013623778332
0.011155712998704635
0.011172315898963212
0.011188820860399382
0.01120522644570677
0.011221531244419564
0.0112377338729027
0.011253832974333446
0.011269827218678412
0.01128571530266431
0.011301495949743659
0.011317167910053053
0.011332729960368382
0.011348180904051769
0.011363519570995715
0.011378744817559088
0.011393855526500326
0.011408850606903517
0.0114237289940997
0.011438489649584145
0.011453131560926444
0.01146765374167686
0.011482055231268449
0.011496335094912628
0.011510492423491364
0.011524526333443762
