0.08354061646004991
0.08354412910234751
0.08354764166224644
0.08355115414510737
0.08355466656401905
0.08355817893358881
0.08356169126926936
0.0835652035872778
0.08356871590458152
0.08357222823889192
0.08357574060865956
0.08357925303307001
0.08358276553204014
0.08358627812621512
0.08358979083696565
0.0835933036863859
0.08359681669729181
0.08360032989321993
0.08360384329842649
0.08360735693788716
0.0836108708372971
0.08361438502307124
0.08361789952234508
0.08362141436297607
0.08362492957354464
0.0836284451833563
0.08363196122244358
0.08363547772156844
0.08363899471222477
0.08364251222664132
0.08364603029778467
0.08364954895936266
0.08365306824582766
0.08365658819238038
0.08366010883497346
0.08366363021031549
0.08366715235587481
0.0836706753098838
0.08367419911134288
0.08367772380002479
0.0836812494164786
0.08368477600203399
0.08368830359880547
0.08369183224969612
0.083695361998402
0.08369889288941601
0.08370242496803122
0.08370595828034486
0.08370949287326154
0.08371302879449655
0.08371656609257853
0.08372010481685226
0.08372364501748113
0.08372718674544874
0.08373073005256064
0.08373427499144574
0.08373782161555658
0.08374136997916984
0.08374492013738591
0.08374847214612836
0.08375202606214177
0.08375558194299025
0.08375913984705437
0.08376269983352762
0.08376626196241216
0.08376982629451368
0.08377339289143575
0.08377696181557215
0.08378053313010012
0.08378410689897081
0.08378768318689955
0.08379126205935518
0.0837948435825481
0.08379842782341652
0.08380201484961258
0.08380560472948645
0.08380919753206943
0.08381279332705574
0.08381639218478212
0.08381999417620728
0.0838235993728891
0.08382720784696
0.08383081967110219
0.08383443491851898
0.0838380536629067
0.08384167597842364
0.08384530193965782
0.08384893162159232
0.08385256509957009
0.08385620244925603
0.08385984374659729
0.08386348906778149
0.08386713848919479
0.08387079208737554
0.08387444993896785
0.0838781121206732
0.08388177870919934
0.08388544978120799
0.08388912541326018
0.08389280568176098
0.0838964906629013
0.08390018043259768
0.08390387506643171
0.08390757463958659
0.08391127922678328
0.08391498890221372
0.08391870373947433
0.08392242381149512
0.08392614919047203
0.08392987994779415
0.08393361615397127
0.08393735787856103
0.08394110519009487
0.08394485815600208
0.08394861684253595
0.08395238131469637
0.08395615163615504
0.08395992786917796
0.08396371007455045
0.08396749831150098
0.08397129263758918
0.08397509310873957
0.08397889977906069
0.08398271270080768
0.08398653192431083
0.08399035749790569
0.08399418946786495
0.08399802787833202
0.08400187277125717
0.08400572418633578
0.08400958216094936
0.08401344673010937
0.08401731792640404
0.08402119577994867
0.08402508031833916
0.0840289316333805
0.08403279208612213
0.08403666165568958
0.08404054030817053
0.0840444280020935
0.08404832469067347
0.08405223032318014
0.08405614484584954
0.0840600682025043
0.08406400033498175
0.08406794118343501
0.08407189068655166
0.08407584878171866
0.08407981540515481
0.08408379049202386
0.08408777397653744
0.0840917657920546
0.0840957658711815
0.08409977414587402
0.0841037905475453
0.08410781500717855
0.08411184745544636
0.08411588782283602
0.08411993603978177
0.08412399203680318
0.08412805574465067
0.084132127094457
0.08413620601789644
0.08414029244735079
0.08414438631608324
0.08414848755842128
0.08415259610994874
0.08415671190770944
0.08416083489042318
0.08416498231372099
0.0841691583679252
0.08417336284035971
0.08417759553045091
0.08418185624346766
0.08418614479817907
0.08419046102662697
0.08419480477598063
0.08419917591062993
0.08420357431457139
0.08420799989415341
0.08421245258126457
0.0842169323370713
0.08422143915643965
0.08422597307321573
0.08423053416658978
0.08423512256884005
0.0842397384748476
0.08424438215390631
0.08424905396453972
0.08425375437330332
0.08425848397893984
0.08426324354383173
0.08426803403556725
0.08427285668279093
0.08427771305166604
0.08428260515282554
0.08428753559473864
0.08429250781018943
0.0842975264027327
0.08430259770018979
