266.58981
259.3029644117776
259.3143035288487
259.2959230752656
259.2444573327406
259.1596517332283
259.04272521215563
258.8955929164074
258.7204791629887
258.51971422654435
258.29562283396297
258.0504615026643
257.78638360203
257.5054209881384
257.2094758877665
256.9003192106437
256.5795928693534
256.2488145264034
255.90938372225824
255.56258869086147
255.20961340802728
254.85154458141128
254.48937840280453
254.124026960026
253.75632425752963
253.38703182819728
253.01684394164263
252.64632362503733
252.27618331015876
251.90687317977094
251.53886322933556
251.1725769939343
250.80839486464055
250.44665718078517
250.08766712257105
249.73169342306696
249.37897291578625
249.0297129310265
248.6840935531132
248.34226974745658
248.0043733659641
247.6705150371689
247.340785946882
247.01525951400427
246.69399296601563
246.37702881743994
246.0643962551397
245.75611243354751
245.45218368302292
245.15260663431096
244.85736926263445
244.56645185421488
244.27982789872604
243.99746491090156
243.7193251847028
243.4453664834904
243.1755426695509
242.9098042764888
242.64809902810828
242.3903723068748
242.13656757546877
241.88662675496207
241.64049056231332
241.3980988107656
241.15939067590298
240.92430493008362
240.69278014843454
240.46475488831769
240.2401678453626
240.01895798777863
239.80106467157063
239.5864277381299
239.37498759656978
239.1666852920172
238.9614625617359
238.75926188043678
238.56002649590215
238.36370045646063
238.1702286309506
237.9795567224971
237.79163127683194
237.60639968586975
237.42381018735162
237.24381186110224
237.0663546224971
236.89138921359077
236.71886719224545
236.54874091993722
236.38096354804043
236.2154890034753
236.05227197344794
235.8912678898368
235.73243291314967
235.57572391645462
235.42109846916838
235.26851482092815
235.11793188574794
234.96930922618975
234.8226070380226
234.6777861351024
234.53480793463416
234.39363444288512
234.25422824122725
234.1165883494185
233.98057082577418
233.84624753564722
233.71354734771475
233.58243552668878
233.45287783662988
233.32484053138538
233.19829034413553
233.07319447720974
232.94952059248942
232.82723680194542
232.70631165874303
232.58671414859197
232.46841368143183
232.35138008348406
232.23558358957783
232.1209948357955
232.00758485240257
231.8953250570058
231.78418724806505
231.67414359853447
231.5651666498861
231.45722930621537
231.3503048286594
231.24436683000562
231.13938926951974
231.03534644787598
230.93221300235416
230.8299639022332
230.7285744442612
230.6280202483211
230.5282772532792
230.42932171292117
230.33113019209222
230.23367956290218
230.1369470011025
230.0409099825384
229.9455462797687
229.85083395873258
229.75675137557522
229.6632771735511
229.57039027997212
229.4780699033372
229.38629553046144
229.29504692375295
229.2043041184989
229.11404742026514
229.02425740236905
228.9349149034143
228.84600102484325
228.7574971286006
228.66938483487118
228.5816460197607
228.49426281315982
228.40721759659448
228.32049300106232
228.23407190504815
228.14793743244905
228.06207295061517
227.97646206836978
227.89108863414714
227.8059367340483
227.7209906900163
227.6362350580143
227.55165462618095
227.46723441311968
227.38295966609442
227.2988158592606
227.21478869205865
227.1308640874083
227.04702819007753
226.96326736500865
226.87956819567856
226.79591748242638
226.71230224088734
226.62870970028197
226.5451273019448
226.46154269759307
226.3779437478311
226.29431852052738
226.21065528926053
226.12694253172606
226.04316892822197
225.9593233600234
225.87539490790562
225.7913728505072
225.70724666287097
225.62300601481553
225.53864076944535
225.45414098159972
225.369496896265
225.28469894710886
225.1997377548874
225.11460412588875
225.02928905043683
224.94378370130846
224.8580794322131
