43234.035652881794
108651.04645506592
108955.04273159485
109245.38385955416
109523.74143959097
109790.24319761022
110045.05258539118
110288.40173007609
110520.58344756658
110741.94203409925
110952.86220876481
111153.76814563558
111345.10328233482
111527.33070013199
111700.92425682992
111866.36226062512
112024.122195231
112174.67607669599
112318.48657585951
112456.00383408336
112587.6629176362
112713.8818505189
112835.06016293183
112951.57789244107
113063.7949768941
113172.05098125819
113276.66510472792
113377.93641911246
113476.1442945075
113571.54897320048
113664.39225763027
113754.89828276912
113843.27434773088
113929.71178509985
114014.38685025906
114097.46161587059
114179.08485969614
114259.39293613732
114338.51062408836
114416.55194538081
114493.62094966501
114569.81246284176
114645.21279710298
114719.90042165855
114793.94659377765
114867.41595043421
114940.36706124486
115012.8529437527
115084.9215423097
115156.6161721175
115227.9759300134
115299.03607365192
115369.8283709521
115440.381421418
115510.72095121989
115580.87008365015
115650.8495866893
115720.67809923505
115790.37233759652
115859.94728369503
115929.41635636157
115998.79156707558
116068.08366140001
116137.30224720908
116206.45591089985
116275.55232253174
116344.59833085936
116413.60004915351
116482.56293261393
116551.49184810041
116620.39113694764
116689.26467139708
116758.11590534986
116826.94791985229
116895.7634639452
116964.56499121484
117033.35469251062
117102.13452521132
117170.90623934005
117239.67140091342
117308.43141270314
117377.18753280463
117445.94089107982
117514.69250385313
117583.44328693657
117652.19406717381
117720.94559273438
117789.69854216654
117858.45353248568
117927.21112628076
117995.97183801673
118064.7361395947
119130.71863998724
119187.94785103723
119245.84124176839
119304.2210207796
119362.96221507216
119421.97690542608
119481.20319280462
119540.59746164436
119600.12894924288
119659.77593113923
119719.52304015645
119779.35938154926
119839.27720751573
119899.27098485972
119959.33673914486
120019.47159328047
120079.67344286376
120139.94072776962
120200.27227139982
120260.66716758946
120321.1247010062
120381.64429115111
120442.22545291115
120502.86776885825
120563.57086968172
120624.33442046469
120685.15811099825
120746.04164897924
120806.98475518767
120867.98716015232
120929.04860170845
120990.16882335425
121051.3475730658
121112.58460243756
121173.87966611529
121235.23252134176
121296.64292768812
121358.11064681789
121419.63544234194
121481.21707970547
121542.855326111
121604.5499504365
121666.30072321517
121728.10741657458
121789.969804228
121851.88766144644
121913.86076501927
121975.88889327712
122037.97182603247
122100.10934458411
122162.30123172754
122224.54727170001
122286.84725019863
122349.2009543486
122411.60817272119
122474.06869529073
122536.58231343863
122599.14881995518
122661.76800899596
122724.43967611229
122787.16361821185
122849.93963355094
122912.76752174144
122975.6470837244
123038.57812177317
123101.56043946382
123164.59384169384
123227.67813464876
123290.81312579552
123353.9986238983
123417.23443896801
123480.52038228055
123543.85626637716
123607.24190501396
123670.67711320195
123734.16170716088
123797.69550432403
123861.27832334342
123924.90998404159
123988.59030745848
124052.31911579457
124116.0962324218
124179.921481874
124243.7946898458
124307.71568316972
124371.68428981445
124435.70033887368
124499.76366057107
124563.87408624239
124628.03144830959
124692.23558030615
124756.48631685323
124820.78349364184
124885.12694744294
124949.51651609121
125013.95203848026
125078.433354544
125142.960305256
125207.53273264377
125272.15047973262
125336.8133905957
125401.52131028632
125466.27408489435
125531.07156148124
125595.91358810625
125660.80001382066
125725.73068863507
125790.70546353981
