-1.1026926626815243
0.04446209369634524
-0.9717895593775847
-1.4718907586607057
-1.8115385827801909
-2.0562812932433245
-2.2450174414412873
-2.398367090584404
-2.5268319680960687
-2.635789660189727
-2.728126408699757
-2.8055414794625495
-2.8691741647063216
-2.9199006562718415
-2.958473389577236
-2.98558605639741
-3.0019037528937944
-3.00807681059099
-3.0047469724453704
-2.9925499400622457
-2.972116156159257
-2.9440706831527645
-2.909032575620099
-2.8676139320606593
-2.8204187151933477
-1.1026926626815243
0.04446209369634524
-0.9717895593775847
-1.4718907586607057
-1.8115385827801909
-2.0562812932433245
-2.2450174414412873
-2.398367090584404
-2.5268319680960687
-2.635789660189727
-2.728126408699757
-2.8055414794625495
-2.8691741647063216
-2.9199006562718415
-2.958473389577236
-2.98558605639741
-3.0019037528937944
-3.00807681059099
-3.0047469724453704
-2.9925499400622457
-2.972116156159257
-2.9440706831527645
-2.909032575620099
-2.8676139320606593
-2.8204187151933477
