11.62143
13.332111013191955
13.315347716373527
13.298860448726735
13.282800910157002
13.2671797886622
13.251985575491734
13.237202505559996
13.222814323337532
13.208803134936206
13.195151595589648
13.181842067830166
13.16885699329344
13.15617901830619
13.143791099317749
13.131676590094601
13.119819312719686
13.108203614154906
13.096814409933144
13.085637216415389
13.074658172938706
13.063864055105908
13.053242280364264
13.042780906970554
13.032468627335849
13.022294756675281
13.012249217802434
13.002322522825608
12.992505752423616
12.982790533298934
12.97316901433385
12.963633841900576
12.95417813471567
12.944795458565078
12.935477806900881
12.926225542144682
12.917027450880147
12.907880627907174
12.898780507697106
12.889722829234245
12.88070361543538
12.871719153271101
12.862765974837735
12.853840839419393
12.844940716536161
12.836062769961442
12.827204342685
12.818362942789662
12.809536230208012
12.80072200432091
12.791918192357874
12.78312283855832
12.774334094052284
12.765550207419198
12.756769515883414
12.747990437106855
12.739211461539691
12.730431145291007
12.721648103483856
12.712861004059862
12.704068562000327
12.695269533932468
12.686462713090917
12.677646924606814
12.668821021097541
12.659983878531945
12.651134392347991
12.642271473800147
12.633394046515585
12.624501043240034
12.615591402754742
12.60666406694605
12.59771797801329
12.58875207579684
12.57976529521461
12.570756563790498
12.561724799263597
12.552668907264232
12.54358777904647
12.534480289263207
12.525345293776168
12.516181627486208
12.506988043054044
12.497763443823926
12.488506531107301
12.479216033054378
12.469890649842153
12.460529043797415
12.451129842101704
12.441691633188537
12.432212965855916
12.42269234086334
12.413128292876227
12.403519080850952
12.393863135403896
12.384158758639188
12.374404194921157
12.364597627647026
12.354737175849467
12.344820890613025
12.334846751287278
12.324812661476628
12.314716444786082
12.304555840301276
12.29432849777691
12.284031972507126
12.273663719848786
12.263221089364537
12.252701318550173
12.242101526106993
12.231418704715143
12.220649713259961
12.20979126845731
12.198839935818143
12.187792119885412
12.176644053668605
12.165391787192288
12.15403117506439
12.14255786295873
12.130967272891667
12.119254587158578
12.107414730775437
12.095442352253563
12.083331802505947
12.071077111660848
12.058671963520693
12.046109667367862
12.03338312677189
12.020484804999318
12.007406686562968
11.994140234370612
11.980676341842058
11.967005279254826
11.953116633445097
11.938999239831862
11.924641105536718
11.910029322132889
11.895149966264947
11.879987986015088
11.864527070440467
11.848749499136312
11.832635967963794
11.816165386163869
11.799314638910383
11.782058307833916
11.76436834006659
11.746213653743366
11.727559664405296
11.708367712046153
11.688594362117364
11.66819054490484
11.647100485183774
11.625260356186077
11.602596565918299
11.579023545289859
11.554440848966218
11.528729288784643
11.501745673799723
11.473315490113547
11.44322244043736
11.41119302334566
11.376872937701307
11.339789303905626
11.299271299802482
11.2543877958293
11.203636407759015
11.14444682402794
11.071592222170134
10.970379919719685
12.753908149971297
12.755071487557993
12.756289065028623
12.757559348529465
12.75888186399651
12.760256441571945
12.76168295649582
12.763161291617195
12.764691331664423
12.766272962101858
12.76790606868143
12.769590537127687
12.771326252873218
12.773113100828196
12.774950965180134
12.776839729219779
12.778779275190349
12.780769484157881
12.78281023590037
12.784901408813448
12.787042879831334
12.789234524360529
12.791476216225842
12.793767827626745
12.796109229103225
12.798500289509539
12.800940875995979
12.803430853996698
12.805970087223622
12.808558437665173
12.81119576559005
