42.164033233554555
42.478701808281095
42.76541782980802
43.02590718626251
43.26185550189626
43.47496549194607
43.66694385402579
43.839479052900515
43.99421982644583
44.13275646422728
44.2566055237427
44.36719820243998
44.465872307436186
44.55386756290627
44.63232385873867
44.702281968335775
44.764686239484355
44.82038877766472
44.87015468365442
44.91466796526485
44.95453780745038
44.99030494914974
45.022447974607935
45.05138937912835
45.07750131317619
45.1011109444438
45.1225054054594
45.14193631557645
45.15962388162834
45.17576059221603
45.1905145289242
45.20403231867788
45.21644175843586
45.22785414020843
45.23836630557059
45.2480624557418
45.25701574684447
45.26528968983529
45.27293937969914
45.280012573023605
45.28655063183903
45.29258934973049
45.298159674439155
45.30328833958987
45.30799841670877
45.312309797391315
45.316239614163685
45.319802608373905
45.32301145036936
45.325877019345
45.32840864734466
45.33061433155037
45.33250091997437
45.334074272818114
45.3353394035991
45.33630060044682
45.33696153396369
45.337325349841166
45.33739474973327
45.337172061683155
45.33665930142928
45.3358582257653
45.33477037898216
45.33339713328381
45.331739723954186
45.32979927994626
45.32757685048028
45.32507342815722
45.3222899690242
45.31922740997141
45.31588668378794
45.31226873215562
45.30837451682882
45.304205029204574
45.2997612984668
45.29504439845858
45.290055453415256
45.28479564267918
45.279266204490106
45.27346843894354
45.267403710190074
45.26107344794343
45.25447914835668
45.2476223743177
45.24050475521078
45.233127986185536
45.22549382697305
45.217604100282394
45.2094606898034
45.20106553786218
45.19242065678415
45.183528069635486
45.17438989135451
45.16500826909929
45.1553853923164
45.14552348880913
45.13542482053411
45.12514295711931
45.1149626255418
45.10487674151573
45.09487893519413
45.08496342434709
45.075124945636574
45.065358698379484
45.055660296756535
45.0460257277891
45.03645131486765
45.026933685376
45.01746974242072
45.00805663992883
44.99869176064484
44.989372696651216
44.98009723207397
44.97086332767948
44.961669107114886
44.952512844572695
44.94339295369635
44.93430797756403
44.92525657961436
44.91623753539516
44.90724972503156
44.898292126327995
44.889363808426566
44.88046392595714
44.871591713624596
44.862746481181304
44.85392760874703
44.84513454243973
44.83636679028303
44.82762391836693
44.818905547238806
44.81021134850145
44.801541041603436
44.7928943908058
44.784271202310904
44.775671321542426
44.767094630567
44.75854104564671
44.75001051491566
44.74150301617265
44.73301855478395
44.724557161690015
44.71611889151037
44.707703820743724
44.69931204605619
44.69094368265486
44.682598862743255
44.67427773405505
44.66598045846044
44.657707210646294
44.64945817686249
44.64123355373467
44.633033547140506
44.62485837114392
44.61670824698951
44.60858340214989
44.60048406942838
44.59241048611004
44.58436289316324
44.57634153448697
44.56834665620247
44.560378505988226
44.55243733245565
44.544523384563064
44.53663691106747
44.52877816001268
44.52094737824986
44.51314481099152
44.505370701396714
44.49762529018512
44.48990881527902
44.48222151147298
44.47456361012801
44.46693533889014
44.45933692143249
44.45176857721835
44.44423052128608
44.436722964052215
44.42924611113434
44.42180016319128
44.41438531577957
44.40700175922624
44.39964967851642
44.39232925319466
44.385040657279816
44.37778405919248
44.37055962169418
44.36336750183753
44.35620785092686
44.349080814489184
44.34198653225294
44.33492513813783
44.327896760249466
44.32090152088465
44.313939536541604
44.30701091793802
44.30011577003478
44.293254192064964
44.28642627756911
44.279632114434364
