23.296493475447615
23.109863076128843
23.093777799865872
23.077657666828124
23.06151079932971
23.045338412007837
23.029141668106075
23.012921838017924
22.996680281990372
22.980418428594007
22.96413775142494
22.94783976036804
22.931525967974764
22.9151978846905
22.898857002458655
22.882504783103442
22.866142648667196
22.84977197360095
22.833394078667904
22.817010226401113
22.800621617946057
22.784229391116646
22.7678346194957
22.75143831242094
22.735041415706668
22.718644812965426
22.70224932740725
22.685855724008473
22.669464711955108
22.653076947280262
22.63669303562573
22.620313535070096
22.603938958975263
22.587569778812654
22.571206426937085
22.55484929928498
22.5384987579774
22.52215513381461
22.505818728652642
22.489489817655883
22.47316865142198
22.45685545797898
22.440550444654992
22.42425379982302
22.407965694524467
22.391686283975893
22.375415708963313
22.3591540971304
22.342901564165476
22.32665821489341
22.310424144278056
22.29419943834133
22.27798417500377
22.261778424852995
22.245582251844702
22.22939571394125
22.21321886369287
22.19705174876591
22.180894412422028
22.164746893952962
22.148609229074154
22.132481450280707
22.11636358716945
22.10025566672908
22.084157713602387
22.068069750322188
22.051991797523907
22.03592387413657
22.019865997554668
22.00381818379209
21.98778044762056
21.97175280269352
21.95573526165714
21.9397278362496
21.92373053739012
21.90774337525802
21.89176635936385
21.8757994986126
21.859842801360116
21.84389627546342
21.82795992832564
21.81203376693577
21.796117797904344
21.780212027495036
21.764316461652847
21.748431106029088
21.732555966003865
21.716691046705645
21.70083635302904
21.68499188965051
21.669157661042338
21.653333671484997
21.63916859116428
21.623339993146367
21.60752403822184
21.591720071858905
21.575927634223703
21.56014640215091
21.54437614849697
21.52861671361638
21.512867985325244
21.49712988481635
21.481402356753165
21.465685362300277
21.449978874218953
21.434282873414745
21.418597346507667
21.40292228412152
21.387257679679674
21.371603528557294
21.355959827484774
21.340326574127484
21.32470376679048
21.309091404210456
21.293489485409577
21.277898009592697
21.262316976075322
21.246746384232782
21.231186233464907
21.21563652317126
21.200097252733837
21.184568421505105
21.169050028799948
21.153542073889767
21.138044555998885
21.122557474302077
21.107080827922974
21.09161461593311
21.076158837351613
21.060713491144817
21.045278576226448
21.02985409145785
21.014440035648256
20.999036407555145
20.983643205884896
20.96826042929289
20.952888076384323
20.937526145714546
20.922174635789627
20.90683354506681
20.891502871955215
20.876182614816095
20.86087277196349
20.845573341664696
20.830284322140812
20.815005711567142
20.799737508073882
20.784479709746332
20.769232314625608
20.753995320708974
20.73876872595042
20.723552528261017
20.708346725509553
20.693151315522766
20.67796629608593
20.6627916649433
20.647627419798496
20.63247355831494
20.617330078116428
20.60219697678732
20.587074251873116
20.571961900880847
20.55685992127947
20.541768310500217
20.526687065937196
20.511616184947528
20.496555664851893
20.481505502934894
20.466465696445418
20.451436242596998
20.43641713856833
20.421408381503433
20.406409968512122
20.391421896670398
20.376444163020746
20.361476764572497
20.346519698302288
20.331572961154244
20.31663655004039
20.30171046184101
20.286794693404946
20.271889241550063
20.256994103063324
20.242109274701317
20.227234753190523
20.212370535227613
20.197516617479774
20.18267299658498
20.167839669152485
20.153016631762824
20.13820388096833
20.12340141329339
20.10860922523466
20.093827313261535
20.07905567381623
20.06429430331416
20.049543198144242
20.03480235466915
20.020071769225527
20.00535143812448
