0.46339155257654
0.2611159391287708
0.15331919096135022
0.09919784782726035
0.07275891122921059
0.05995566170822915
0.05370744485498464
0.050569149515700865
0.048895705085995375
0.047910086606349926
0.04724797322868158
0.046739569002509716
0.04630619634437518
0.045911631016063895
0.04553932370051564
0.04518179051883498
0.04483569606719963
0.04449958699284533
0.04417285366693256
0.04385525788071199
0.04354671868634192
0.043247217733176996
0.042956755167922314
0.04267533022282956
0.04240293162742124
