0.016377646365162455
0.01639523690840312
0.016412877443733973
0.016430568147699377
0.016448309196612897
0.016466100766504625
0.01648394303310885
0.016501836171849568
0.016519780357825073
0.016537775765791702
0.01655582257014683
0.016573920944911082
0.016592071063709767
0.016610273099753558
0.01662852722581838
0.01664683361422453
0.016665192436815045
0.01668360386493332
0.016702068069399945
0.016720585220488776
0.016739155487902325
0.016757779040746327
0.01677645604750359
0.016795186676007202
0.01681397109341284
0.01683280946617053
0.016851701959995614
0.016870648739839043
0.01688964996985695
0.016908705813379606
0.016927816432879633
0.016946981989939658
0.016966202645219218
0.016985478558421176
0.017004809888257387
0.017024196792413876
0.0170436394275154
0.01706313794908949
0.01708269251152993
0.017102303268059782
0.01712197037069386
0.0171416939702008
0.01716147421606474
0.017181311256446456
0.017201205238144376
0.017221156306555074
0.01724116460563348
0.01726123027785296
0.017281353464165063
0.017301534303959195
0.01732177293502204
0.017342069493497023
0.017362424113843734
0.01738283692879725
0.017403308069327675
0.017423837664599796
0.017444425841932815
0.017465072726760494
0.017485778442591502
0.017506543110970295
0.017527366851438176
0.01754824978149524
0.01756919201656268
0.017590193669945853
0.017611254852798124
0.017632375674085543
0.017653556240552523
0.017674796656688318
0.017696097024694987
0.01771745744445623
0.017738878013507632
0.017760358827008396
0.017781899977714545
0.017803501555953543
0.01782516364960089
0.01784688634405834
0.017868669722234127
0.017890513864525174
0.01791241884880131
0.01793438475039192
0.01795641164207488
0.01797849959406777
0.018000648674021996
0.018022858947019094
0.018045130475570246
0.01806746331961841
0.018089857536543512
0.01811231318117059
0.018134830305781356
0.018157408960128824
0.018180049191455296
0.018202751044513733
0.018225514561592996
0.018248339782546162
0.018271226744822865
0.01829417548350533
0.018317186031348066
0.01834025841882146
0.018363392674159224
0.018386588823409943
0.01840984689049235
0.018433166897254515
0.01845654886353725
0.018479992807241257
0.018503498744398467
0.01852706668924698
0.018550696654310306
0.018574388650479754
0.018598142687101634
0.018621958772067265
0.018645836911906924
0.018669777111887463
0.018693779376113235
0.018717843707630057
0.018741970108532898
0.018766158580075906
0.018790409122785845
0.018814721736577656
0.018839096420872985
0.01886353317472068
0.018888031996916493
0.018912592886136517
0.01893721584105382
0.018961900860469068
0.01898664794343892
0.01901145708940527
0.019036328298325026
0.019061261570800087
0.019086256908207366
0.01911131431282841
0.01913643378797845
0.019161615338134486
0.01918685896906217
0.019212164687941152
0.019237532503488648
0.019262991407401637
0.01928851258769281
0.01931409593559508
0.01933974135341746
0.019365448752743413
0.01939121805330657
0.0194170491822563
0.01944294207367003
0.0194688966682233
0.01949491291295989
0.01952099076112407
0.019547130172029834
0.01957333111095036
0.019599593549016626
0.019625917463117884
0.019652302835799162
0.01967874965515288
0.01970525791470257
0.019731827613277724
0.019758458754879183
0.01978515134853483
0.019811905408145567
0.019838720952321687
0.019865598004209784
0.019892536591310257
0.01991953674528558
0.01994659850175916
0.019973721900104796
0.02000090698322631
0.020028153797326913
0.020055462391667646
0.02008283281831387
0.02011026513186864
0.02013775938919128
0.020165320835305384
0.020192950838323568
0.020220649452898087
0.020248416737298554
0.02027625275106536
0.020304157556830158
0.02033213121970526
0.02036017380724361
0.020388285389400747
0.0204164660385004
0.020444715829205505
0.020473034838497033
0.020501423145663923
0.02052988083230844
0.020558407982373128
0.020587004682197443
0.020615671020615747
0.020644407089112526
0.020673212982057692
0.020702088797054312
0.020731034635445806
0.020760050603051756
0.02078913681123546
0.02081829337846043
0.020847520432580112
0.02087681811424974
0.020906186582097686
0.020935626020734774
0.020965136653499226
0.020994718763435345
0.021024372729333052
