101.89352635534891
101.22253410856653
100.5531348922974
99.88539801112785
99.21938996655132
98.55517432981745
97.89281149477497
97.2323584617781
96.57386868048837
95.91739195531513
95.26297441127352
94.61065851560757
93.96048314906034
93.31248371973352
92.66669231197744
92.02313786264341
91.38184635725725
90.74284103916848
90.10614262542339
89.47176952392758
88.83973804734589
88.21006262007408
87.58275597546924
86.95782934130966
86.3352926121519
85.71515450785111
85.09742271800735
84.48210403249901
83.86920445857233
83.25872932518104
82.65068337542577
82.04507084803893
81.44189554890801
80.84116091364069
80.24287006215476
79.64702584623502
79.05363089094368
78.46268763070418
77.87419834080804
77.28816516502025
76.7045901398862
76.12347521627173
75.54482227860095
74.96863316219265
74.3949096690383
73.82365358231094
73.25486667984572
72.68855074679058
72.12470758758592
71.5633390373995
71.00444697311274
70.44803332392952
69.89410008165704
69.34264931068982
68.79368315771302
68.24720386112904
67.70321375732692
67.16171529879122
66.62271105244537
66.08620371194426
65.55219610520555
65.02069120184771
64.49169212021135
63.96520213393725
63.44122467807703
62.91976335471454
62.40082193807824
61.884404379128085
61.37051480960374
60.85915754552373
60.35033709012869
59.84405813626526
59.34032556490528
58.839144455896665
58.34052007962394
57.84445790005494
57.35096357437816
56.86004295211956
56.371702073752786
55.885947168818134
55.402784653570045
54.92222112816787
54.44426337343193
53.96891834718348
53.496193180188804
53.02609517172758
52.55863178480588
52.09381064103335
51.6316395151843
51.17212632946145
50.715279147480516
50.2611061679931
49.80961571836428
49.36081624782053
48.91471632048238
48.471324608195154
48.03064988317042
47.592701010448785
47.15748694019456
46.72501669983097
46.29529938602369
45.868344156519605
45.44416022184609
45.02275683687589
44.60414329226098
44.18832890573823
43.77532301330901
43.36513496029358
42.957774092261054
42.55324974583455
42.15157123937091
41.75274786351392
41.356788871619315
40.963703470049936
40.573500808338785
40.18618996921824
39.801779958012666
39.42027969388396
39.041697997965336
38.66604358332381
38.293325044290505
37.92355084564671
37.55672931534983
37.19286862249139
36.8319767768347
36.47406161394901
36.11913078364721
35.767191738323156
35.4182517211641
35.07231775423989
34.729396626475314
34.38949488151358
34.05261880548039
33.71877441095926
33.38796743559456
33.060203318757715
32.73548719255574
32.413823869319344
32.0952178290447
31.779673206834097
31.467193780359096
31.157782957368244
30.851443763261926
30.548178828758306
30.24799037767534
29.95088021485499
29.656849714256744
29.365899807248386
29.07803097112298
28.793243217871428
28.51153608324085
28.23290861610926
27.957359368207435
27.684886384218988
27.415487192289763
27.14915879497742
26.885897660671862
26.625699715516667
26.368560335861165
26.114474341271777
25.863435988130593
25.615438963847787
25.370476381713363
25.128540776412212
24.8896241002249
24.6537177199349
24.42081241446109
24.19089837323239
23.963965195319282
23.740001889334728
23.518996874114805
23.300937980186838
23.0858124520305
22.873606951134818
22.664307559851473
22.457899786042205
22.25436856851657
22.053698283247336
21.85587275036722
21.66087524191684
21.46868849034251
21.279294697721483
21.09267554569626
20.90881220609639
20.727685352224185
20.549275170778827
20.37356137439144
20.200523214742077
20.03013949622802
19.8623885901513
19.697248449392266
19.534696623534717
19.37471027440747
19.217266192006182
19.0623408107589
18.90991022609822
18.759950211302716
18.612436234570247
18.467343476285627
18.324646846445592
