16.19496614187552
16.191894953338966
16.18888660057911
16.185956892482473
16.183120480623774
16.18038979645945
16.177774678808305
16.175282238482467
16.17291688049283
16.170680453702612
16.16857249886922
16.166590563519716
16.16473055256408
16.162987087048315
16.161353848896958
16.159823895723733
16.158389935842802
16.157044558866215
16.15578042140359
16.15459039032363
16.153467647892544
16.152405764062312
16.151398741462273
16.15044103846111
16.149527575190756
16.14865372679827
16.14781530751693
16.14700854848746
16.14623007165763
16.14547686157136
16.144746236326416
16.144035818866655
16.14334350906977
16.14266745725592
16.142006039331285
16.141357833796445
16.140721600508005
16.14009626139143
16.13948088289958
16.13887466017646
16.13827690280978
16.13768702205211
16.13710451938829
16.136528976327444
16.135960045302653
16.135397441567477
16.134840935992226
16.134290348629836
16.13374554304364
16.133206421221416
16.132672919062937
16.13214500238365
16.13162266331177
16.131105917109522
16.13059479944148
16.13008936329999
16.129589677528244
16.129095824193566
16.128607896876026
16.128125998988413
16.127650242252713
16.127180745314583
16.126717632479316
16.126261032555295
16.12581107779272
16.12536790290721
16.124931644179338
16.12450243862242
16.124080423212323
16.123665734173645
16.12325850631795
16.122858872430196
16.122466962700177
16.1220829041965
16.12170682038091
16.12133883066116
16.120979049981138
16.120627588446787
16.12028455098701
16.119950037048483
16.11962414032375
16.119306948511667
16.118998543109615
16.118698999236724
16.11840838548734
16.118126763814125
16.11785418943979
16.11759071079682
16.117336369494293
16.11709120031058
16.116855231351874
16.11662848353357
16.116410971486726
16.11620270307978
16.116003679672133
16.11581389623965
16.115633341520088
16.115460463740803
16.11528678119085
16.115112528805696
16.114937920954755
16.114763154692174
16.1145884115484
16.114413859006262
16.114239651759217
16.114065932824108
16.113892834505663
16.11372047926966
16.113548980500287
16.113378443178057
16.113208964483544
16.113040634337768
16.112873535887633
16.112707745943972
16.112543335378394
16.112380369484402
16.112218908307348
16.11205900694729
16.11190071583811
16.11174408100578
16.111589144308336
16.11143594365964
16.111284513238786
16.111134883686727
16.11098708229139
16.110841133162598
16.110697057397555
16.110554873237906
16.110414596219073
16.11027623931245
16.110139813061014
16.1100053257088
16.109872783324725
16.109742189920986
16.109613547566475
16.109486856495394
16.109362115211322
16.109239320586973
16.10911846795983
16.108999551223835
16.108882562917263
16.108767494306957
16.108654335469076
16.10854307536638
16.108433701922326
16.10832620209195
16.108220561929727
16.108116766654444
16.108014800711246
16.107914647830917
16.107816291086454
16.10771971294713
16.107624895329955
16.10753181964885
16.107440466861366
16.10735081751325
16.107262851780774
16.107176549510985
16.107091890259966
16.107008853329074
16.106927417799383
16.106847562564262
16.106769266360228
16.106692507796136
16.10661726538078
16.106543517548864
16.106471242685625
16.106400419149914
16.106331025295972
16.106263039493882
16.106196440148814
16.10613120571897
16.106067314732496
16.106004745803244
16.10594347764549
16.105883489087656
16.10582475908508
16.1057672667319
16.10571099127202
16.105655912109306
16.105602008816966
16.105549261146187
16.10549764903407
16.10544715261088
16.105397752206663
16.10534942835726
16.105302161809732
16.105255933527232
16.10521072469339
16.105166516716174
16.10512329123134
16.10508103010536
16.105039715438018
16.104999329564578
16.10495985505759
16.10492127472836
16.104883571628058
16.10484672904858
16.104810730523088
16.10477555982626
