-709.2295538222049
-197.33715911944932
-196.74452945531635
-196.17193493564426
-195.6356937387596
-195.13179722632842
-194.65958661774812
-194.21720500876418
-193.80256231735086
-193.41351265933716
-193.04795512926296
-192.70388892753266
-192.37944132646754
-192.07287925226203
-191.7826112236999
-191.50718358128728
-191.24527366048608
-190.99568123064782
-190.75731939645516
-190.52920530522735
-190.31045115926312
-190.10025567921562
-189.8978961207129
-189.7027208462293
-189.51414254266186
-189.3316320111287
-189.15471250692696
-188.98295460991304
-188.81597154983427
-188.65341502847158
-188.49497136821418
-188.34035812071264
-188.1893209386816
-188.0416307889659
-187.89708142047837
-187.75548707415584
-187.6166804479524
-187.4805108365178
-187.34684246458724
-187.215552947662
-187.08653197676801
-186.9596800556417
-186.83490740989006
-186.71213298345674
-186.5912835176717
-186.47229277367703
-186.35510075416147
-186.23965306467025
-186.12590031511698
-186.01379755160812
-185.90330379915355
-185.7943816003944
-185.68699662623985
-185.58111731173832
-185.476714525458
-185.37376128542505
-185.27223249485021
-185.17210470693882
-185.07335589322747
-184.9759652721556
-184.87991311377803
-184.78518060598304
-184.69174969905535
-184.59960297707892
-184.50872356406478
-184.41909500229565
-184.33070117532475
-184.24352621222107
-184.1575544479089
-184.07277031239198
-183.98915831841785
-183.90670298787884
-183.82538881808495
-183.7452002393886
-183.66612158419431
-183.58813704693958
-183.51123068762448
-183.43538636651166
-183.3605877835455
-183.28681841292027
-183.2140615098854
-183.1423001155623
-183.07151702290324
-183.00169479765972
-182.93281575290294
-182.864861957593
-182.7978152302313
-182.73165715117963
-182.6663690508704
-182.60193202597642
-182.53832692309277
-182.47553437053648
-182.41353474658936
-182.35230822501813
-182.2918347537013
-182.23209407486738
-182.17306571853683
-182.11472902242505
-182.0570631328855
-182.0000470143406
-181.94365944894318
-181.88787905812592
-181.83268431119905
-181.77805350316405
-181.72396480285326
-181.67039622630972
-181.61732567431974
-181.56473091290528
-181.51258959577493
-181.46087927185184
-181.4095773835651
-181.3586612780563
-181.3081082227424
-181.25789538753406
-181.2079998877338
-181.1583987506491
-181.10906894898423
-181.05998739848505
-181.01113095612274
-180.9624764414861
-180.91400062329552
-180.86568024933203
-180.8174920119922
-180.76941259791096
-180.72141866603434
-180.6734868457931
-180.6255937720813
-180.57771604676634
-180.52983028155305
-180.48191308229147
-180.433941058557
-180.38589081338603
-180.33773896450057
-179.4384519958509
-179.5173657295658
-179.598037247293
-179.67996642629114
-179.76269489391953
-179.84580253797765
-179.92890450405628
-180.01164846634586
-180.0937121309306
-180.17480100542298
-180.25464626592765
-180.33300286567217
-180.4096477268282
-180.48437809123055
-180.55700999121228
-180.62737680729566
-180.69532796274956
-180.7607276632951
-180.8234537869984
-180.8833967984482
-180.94045876330335
-180.99455244879596
-181.0456004617789
-181.0935344590126
-181.13829441776215
-181.17982795311838
-181.21808970530378
-181.25304072367967
-181.28464795587593
-181.31288374740052
-181.33772533957415
-181.35915449408353
-181.37715705672127
-181.39172261324248
-181.40284413007743
-181.4105176610827
-181.4147420473763
-181.4155186496549
-181.41285111511087
-181.40674514177815
-181.39720825510463
-181.3842496566641
-181.36788001242493
-181.34811129853296
-181.32495666430287
-181.2984302926493
-181.2685472609024
-181.2353234491899
-181.19877543190057
-181.1588737271849
-181.1157290859152
-181.0693131581108
-181.01969168249846
-180.96678902984843
-180.91067127108107
-180.85135754861528
-180.78886714428253
-180.7232194001852
-180.65443369792794
-180.582529391035
-180.50752577983192
-180.4294420318558
-180.34829713962046
-180.26410983157538
-180.17689846640926
-180.08668085606737
-179.99347400178544
