116736.20236799998
116605.64726239069
119126.597788633
121585.2024028443
123966.30503691471
126270.96969901641
128503.46694617484
130668.44434051917
132770.33434542042
134813.25143133113
136800.99443797593
138737.06984952855
140624.71753488953
142466.9350329624
144266.49967788655
146025.98857203082
147747.79656809793
149434.1524471968
151087.1334744205
152708.67850036535
154300.59976200524
155864.59352136753
157402.249666168
158915.06038331529
160404.4280040885
161871.67210885658
163318.0359693737
164744.6923979516
166152.74906499626
167543.25333951952
168917.1967011118
170275.5187664696
171619.11096880608
172948.81992425505
174265.45051566654
175569.76872090428
176862.50420984588
178144.3527317313
179415.97831221446
180678.0152774744
181931.07012094586
183175.72322664596
184412.53041028546
185642.0246499792
186864.71693269856
188081.0980367244
189291.63944299537
190496.79447477058
191696.99930753987
192892.67390761437
194084.22290497806
195272.03640549528
196456.49074708179
197637.9492040492
198816.76264344857
199993.27013690266
201167.79953111277
202340.66797994231
203512.18244074113
204682.64013733502
205852.32899190465
207021.52802779694
208190.50774512123
209359.5304708591
210528.8506850423
211698.7153244496
212869.36406514095
214041.02958504658
215213.937807724
216388.30812831697
217564.35362265626
218742.2812403659
219922.29198278248
221104.5810664151
222289.3380726257
223476.74708414794
224666.9868090168
225860.23069243916
227056.64701707987
228256.3989922189
229459.6448321752
230666.53782438557
231877.22638747277
233091.8541196286
234310.55983759506
235533.47760651444
236760.7367609004
237992.4619169397
239228.77297635167
240469.78512197948
241715.6088053003
242966.34972601302
244222.10880385272
245482.98214277238
246749.06098762457
248020.43167346373
249297.17556757724
250579.36900437024
251867.08321319072
253160.38423921066
254459.3328574533
255763.98448006745
257074.3890569465
258390.59096979335
259712.62891972423
261040.5358085229
262374.3386136549
263714.0582571489
265059.70946847304
266411.3006415299
267768.8336859121
269132.30387256556
270501.6996740164
271877.00259934406
273258.1870240689
274645.2200151766
276038.0611514811
277436.6623395686
278840.9676255738
280250.9130030657
281666.4262173353
283087.42656640714
284513.8246991088
285945.5224105776
287382.41243558755
288824.3782401223
290271.293811641
291723.02344852185
293179.42154918495
294640.33240144124
296105.5899726451
297575.0177012498
299048.42829041684
300525.62350434996
302006.3939680726
303490.51897139265
304977.76627784455
306467.8919394252
307960.6401179866
309455.7429141805
310952.9202048833
312451.87949006684
313952.31575012207
315453.9113146688
316956.33574391884
318459.2457236919
319962.284975219
321465.08418088924
322967.260927124
324468.41966558323
325968.15169394034
327466.0351574668
328961.63507268863
330454.503374385
331944.178987222
333430.18792328227
334912.04340679874
336389.24602735037
337861.2839227926
339327.63299318205
340787.7571469038
342241.1085802325
343687.12809147115
345125.24543081614
346554.87968702853
347975.4397119455
349386.3245838109
350786.92411033646
352176.61937232455
353554.7833086313
354920.78134311887
356273.97205419105
357613.7078873952
358939.3359114415
360250.1986179118
361545.6347647761
362824.9802637141
364087.56911110977
365332.7343624203
366559.80914948153
367768.1277401394
368957.02663943963
370125.84573140607
371273.92946028407
372400.6280498965
373505.29875957815
374587.3071749454
375646.0285315221
376680.8490690262
377691.1674138854
378676.3959873023
379635.96243594016
380569.31108203327
381475.9688802526
382355.28611552954
383206.7739828153
384030.0796868973
384824.6910182229
385590.1833954045
386326.1593012037
