542050.934436
424954.6606027617
426592.99702051515
428514.3150318592
430594.3510225988
432759.69267412054
434966.2410209641
437187.41924132896
439407.13268199976
441615.5575094318
443806.6198402335
445976.4861749048
448122.6591252112
450243.43548408773
452337.58117937896
454404.13599603984
456442.29588248977
458451.341574935
460430.594800087
462379.39081660466
464297.06054445286
466182.9182161877
468036.25208729494
469856.31669810624
471642.3257453793
473393.4449538002
475108.7845275687
476787.3908664333
478428.23728056
480030.21345482726
481592.1134047562
483112.62164165685
484590.29722407006
486023.5553185674
487410.64582442085
488749.6285316041
490038.34417788405
491274.3806451428
492455.03338356485
493577.2589708249
494637.62049757125
495632.22321664006
496556.63859943533
497405.81461142644
498173.96965970215
498854.4673044545
499439.6685152814
499920.7580925057
500287.5420379309
500528.21347332717
500629.0866968965
500574.3030590138
500345.474348666
499921.5537023536
499278.3405129149
498388.5389552313
497221.9116672031
495746.00847883185
493927.8039484816
491736.7713372827
489150.04785148136
486160.3025406936
482786.422856811
479085.79756734683
475164.59125338815
471179.7123633008
467325.60071052815
463803.6997409452
460782.4796531836
458364.31905898394
456573.6127929572
455368.31174231844
454664.8295438186
454364.2564720774
454370.85507821373
454602.1271573963
454992.009386329
455490.12229362753
456059.3060795963
456672.7777173486
457311.54617640155
457962.30593791726
458615.8219974014
459265.7369487893
459907.71043611417
460538.80800330214
461157.07145215926
461761.21890936425
462350.4363628004
462924.23321261915
463482.34236534714
464024.6512104692
464551.84213852015
465062.7098313827
465557.92469069595
466037.65484953957
466501.40123031166
466950.6342107906
467385.0163063172
467804.75186649064
468210.105372921
468601.21309544856
468978.32920318627
469341.68356067565
469691.50644494005
470028.0281600121
470351.47871934157
470662.0875824906
470960.0834337616
471245.69399308576
471519.1458517224
471780.66432719794
472030.47333333874
472268.7952624021
472495.850877052
472711.8592106441
472917.03747456433
473111.6009718456
473295.7630163958
473469.7348573841
473633.7256084076
473787.9421812356
473932.589223629
474067.8690618604
474193.98164641706
474311.1245021566
474419.4926819624
474519.2787239941
474610.67261248396
474693.86174201086
474769.03088496235
474836.36216234573
474896.03501766
474948.2261938348
474993.10971316445
475030.85686007
475061.63616665965
475085.61340101046
475102.9515580333
475113.8108528939
475118.3487168789
475116.71979560226
475109.0759495334
475095.56625669106
475076.3370174856
475051.53176157083
475021.2912566955
474985.7535194014
474945.0538275625
474899.3247346277
474848.69608553953
474793.2950342297
474733.24606261955
474668.67100107437
474599.6890502156
474526.41680404625
474448.96827429434
474367.4549159493
474281.9856538652
474192.66691046616
474099.602634346
474002.89432987757
473902.6410876098
473798.93961550156
473691.88427092036
473581.56709327624
473468.07783736236
473351.5040072243
473231.93089060637
473109.44159389543
472984.1170774443
472856.03619137575
472725.2757116794
472591.91037665005
472456.1137334926
472317.7632203492
