194.47407850979275
194.42863501703107
194.38319377951984
194.3377545771113
194.29231719157977
194.24688140657497
194.20144700755807
194.15601378173145
194.11058151796567
194.06515000672607
194.01971904000052
193.9742884112299
193.92885791524168
193.88342734818826
193.8379965074902
193.79256519178432
193.74713320087722
193.70170033570426
193.65626639829296
193.6108311917313
193.56539452014025
193.51995618864996
193.47451600337948
193.42907377141918
193.38362930081556
193.3381824005586
193.29273288057018
193.24728055169473
193.20182522568996
193.15636671521946
193.1109048338455
193.06543939602264
193.01997021709136
192.97449711327252
192.9290199016617
192.88353840022376
192.8380524277879
192.79256180404218
192.74706634952886
192.7015658856394
192.65606023460987
192.61054921951595
192.56503266426887
192.51951039361074
192.47398223311023
192.428448009159
192.3829075489673
192.33736068056035
192.29180723277514
192.24624703525672
192.2006799184552
192.15510571362293
192.10952425281167
192.06393536887018
192.01833889544181
191.97273466696242
191.92712251865834
191.8815022865461
191.83587380742753
191.7902369188915
191.74459145931172
191.6989372678455
191.6532741844334
191.60760204979817
191.56192070544435
191.51622999365767
191.470529757505
191.42481984083415
191.37910008827356
191.3333703452327
191.2876304579022
191.24188027325383
191.196119639041
191.15034840379974
191.10456641684863
191.05877352828972
191.01296958900912
190.96715445067792
190.92132796575302
190.87548998747815
190.82964036988474
190.78377896779324
190.7379056368142
190.6920202333494
190.64612261459317
190.60021263853397
190.55429016395559
190.50835505043858
190.462407158362
190.4164463489049
190.37047248404787
190.32448542657494
190.27848504007505
190.23247118894417
190.18644373838694
190.14040255441856
190.0943475038668
190.0482784543738
190.00219527439828
189.9560978332174
189.90998600092894
189.86385964845334
189.81771864753588
189.77156287074865
189.72539219149286
189.6792064840011
189.63300562333927
189.5867894854089
189.54055794694932
189.49431088554007
189.44804817960272
189.40176970840324
189.3554753520543
189.3091649915172
189.26283850860412
189.21649578598016
189.1701367071642
189.12376115653473
189.0773690193279
189.03096018164106
188.98453453043442
188.938091953533
188.8916323396254
188.84515557827422
188.79866155990896
188.75215017583088
188.70562131821407
188.6590748801069
188.61251075543362
188.5659288389952
188.5193290264705
188.47271121441744
188.42607530027385
188.37942118236094
188.3327487598756
188.2860579328992
188.23934860239538
188.19262067020995
188.14587403907126
188.09910861259027
188.05232429526004
188.0055209924555
187.95869861043303
187.91185705632964
187.86499623816226
187.81811606482674
187.77121644609645
187.72429729262126
187.67735851592585
187.6304000284078
187.58342174333615
187.53642357484915
187.48940543795175
187.44236724851348
187.39530892326573
187.348230379799
187.30113153655984
187.25401231284775
187.20687262881182
187.15971240544707
187.11253156459088
187.0653300289192
187.01810772194207
186.97086456799985
186.92360049225846
186.87631542070494
186.82900928014254
186.781681998186
186.73433350325638
186.68696372457563
186.6395725921615
186.59216003682164
186.54472599014824
186.49727038451192
186.44979315305588
186.40229422968966
186.35477354908306
186.30723104665964
186.25966665859028
186.21208032178657
186.16447197389425
186.11684155328598
186.06918899905486
186.02151425100726
185.97381724965567
185.92609793621162
185.87835625257836
185.83059214134354
185.7828055457719
185.73499640979776
185.68716467801747
185.63931029568187
185.59143320868876
185.54353336357522
185.49561070750988
185.44766518828524
185.39969675430996
185.35170535460114
185.30369093877633
185.255653457046
