200.68418744701376
507.6819643094498
508.7965680228711
509.8455298445729
510.8377470654001
511.7739454772138
512.6549852042747
513.4820387127786
514.2565541692815
514.9802125511368
515.6548803113078
516.2825883270822
516.8654634112887
517.4057131813123
517.9055894164816
518.367358941054
518.7932794265978
519.1855781579378
519.5464343737548
519.8779648371209
520.1822123745835
520.4611370976379
520.7166100096151
520.9504087014716
521.164214850266
521.3596132495227
521.5380921208614
521.7010444786254
521.8497703429555
521.9854796201828
522.1092954923906
522.2222581793549
522.3253289568678
522.4193943327263
522.5052702992865
522.5837065949123
522.655390920686
522.7209530689585
522.780968930515
522.835964354934
522.8864188459033
522.9327690790925
522.9754122345105
523.0147091398826
523.050987224148
523.084543283105
523.115646061053
523.1445386539141
523.1714407401759
523.196550647347
523.2200472617309
523.2420917895474
523.2628293783922
523.282390606813
523.3008928509992
523.318441536299
523.3351312818144
523.3510469454544
523.366264577007
523.3808522860566
523.3948710313057
523.4083753376079
523.4214139466333
523.4340304062936
523.4462636045187
523.4581482518014
523.4697153170108
523.4809924206694
523.49200418942
523.5027725750874
523.5133171418654
523.523655324142
523.5338026581989
523.5437729897161
523.5535786599887
523.5632306724275
523.572738841492
523.5821119258176
523.5913577469223
523.6004832952691
523.6094948245105
523.6183979357104
523.6271976518839
523.6358984845681
523.6445044927824
523.6530193352565
523.6614463169637
523.6697884300248
523.6780483902229
523.6862286690748
523.6943315222425
523.7023590145977
528.1056182607143
528.0590047852296
528.0156423776835
527.9746368434027
527.9353598462362
527.8973694690752
527.860354640515
527.8240961859577
527.7884395015897
527.753275369125
527.7185264788
527.6841379589569
527.650070719389
527.6162967714052
527.582795937351
527.5495535367633
527.5165587590992
527.483803519424
527.4512816534691
527.4189883515755
527.3869197604837
527.3550727032881
527.3234444822963
527.2920327405965
527.2608353643608
527.2298504143141
527.1990760773987
527.1685106328237
527.1381524280187
527.1079998619635
527.0780513730465
527.0483054308178
527.0187605300748
526.9894151865732
526.9602679341529
526.9313173224845
526.9025619156798
526.8740002911065
526.8456310386341
526.8174527600463
526.7894640686266
526.7616635887383
526.73404995568
526.7066218153726
526.6793778242735
526.6523166492209
526.6254369672178
526.5987374654959
526.5722168412269
526.545873801503
526.5197070633458
526.4937153534443
526.4678974081927
526.4422519735253
526.4167778049615
526.3914736673896
526.3663383350539
526.3413705915294
526.3165692295075
526.2919330508935
526.2674608666142
526.2431514965461
526.2190037695245
526.1950165231968
526.1711886040081
526.1475188670479
526.1240061761039
526.1006494034839
526.0774474299682
526.0543991448459
526.0315034456737
526.0087592383251
525.9861654369696
525.9637209638264
525.9414247493119
525.919275731815
525.8972728576977
525.8754150812824
525.8537013646313
525.8321306777161
525.8107019981517
525.7894143112175
525.7682666097963
525.7472578943431
525.7263871727652
525.7056534603886
525.6850557798911
525.6645931612987
525.644264641886
525.6240692660467
525.6040060853758
525.5840741585463
525.5642725512145
525.5446003360385
525.5250565925854
525.5056404072984
525.4863508733874
525.467187090811
525.4481481663112
525.4292332131616
525.410441351353
525.3917717072923
525.3732234140145
525.3547956108944
525.3364874437318
525.3182980647146
525.3002266322541
525.2822723110594
