5.59e-05
3.935446491810678e-05
3.935687287510344e-05
3.9359503105752365e-05
3.936210354476855e-05
3.936466224183994e-05
3.936718624247857e-05
3.9369684485365755e-05
3.937216590074953e-05
3.937463920739838e-05
3.9377112899058984e-05
3.9379595251763425e-05
3.938209433326812e-05
3.938461801249282e-05
3.9387173968736336e-05
3.9389769700548095e-05
3.939241253455749e-05
3.9395109633752724e-05
3.939786800579421e-05
3.940069451084241e-05
3.9403595869287474e-05
3.940657866910567e-05
3.94096493731574e-05
3.9412814325993045e-05
3.941607976066382e-05
3.941945180512246e-05
3.9422936488496745e-05
3.942653974714728e-05
3.9430267430329035e-05
3.943412530591269e-05
3.943811906561491e-05
3.9442254330302416e-05
3.944653665479784e-05
3.945097153269114e-05
3.9455564400854924e-05
3.94603206438071e-05
3.9465245597853634e-05
3.947034455508512e-05
3.9475622767101896e-05
3.948108544864119e-05
3.948673778098793e-05
3.949258491520119e-05
3.9498631975187954e-05
3.9504884060481884e-05
3.9511346249143664e-05
3.951802360015144e-05
3.952492115573499e-05
3.953204394373845e-05
3.953939697945777e-05
3.9546985267594234e-05
3.955481380396985e-05
3.956288757690562e-05
3.9571211568821616e-05
3.957979075711354e-05
3.9588630115459465e-05
3.959773461452825e-05
3.960710922252751e-05
3.961675890602209e-05
3.96266886299836e-05
3.9636903358213305e-05
3.964740805295962e-05
3.965820767513584e-05
3.9669307183713195e-05
3.9680711535227825e-05
3.9692425683016606e-05
3.970445457636065e-05
3.97168031595088e-05
3.972947636992491e-05
3.97424791375189e-05
3.975581638225146e-05
3.97694930127248e-05
3.978351392390392e-05
3.9797883995160864e-05
3.981260808723131e-05
3.9827691040097354e-05
3.98431376696311e-05
3.985895276501781e-05
3.987514108480082e-05
3.989170735385025e-05
3.990865625948802e-05
3.9925992447284254e-05
3.994372051708343e-05
3.996184501867342e-05
3.99803704467719e-05
3.999930123640619e-05
4.0018641757910894e-05
4.0038396311175377e-05
4.0058569120471644e-05
4.007916432857795e-05
4.0100185990606155e-05
4.0121638067917984e-05
4.014352442131955e-05
4.016584880481527e-05
4.0188614858359657e-05
4.021182610081694e-05
4.023548592257167e-05
4.025959757784655e-05
4.028416417717002e-05
4.030918867903001e-05
4.0334673882057764e-05
4.036062241650037e-05
4.03870367355315e-05
4.04139191068662e-05
4.0441271603732304e-05
4.0469096095685745e-05
4.0497394239964305e-05
4.052616747193132e-05
4.055541699527106e-05
4.058514377373029e-05
4.061534852096072e-05
4.0646031690712625e-05
4.0677193467829265e-05
4.070883375885454e-05
4.074095218236674e-05
4.0773548059249666e-05
4.080662040418574e-05
4.084016791606045e-05
4.087418896898937e-05
4.090868160378805e-05
4.094364351950833e-05
4.097907190507528e-05
4.101496406441209e-05
4.105131646999702e-05
4.10881253749605e-05
4.112538665343924e-05
4.1163095794529595e-05
4.1201247896813456e-05
4.123983766353682e-05
4.127885939847254e-05
4.1318307002473776e-05
4.1358173970857285e-05
4.1398453391630364e-05
4.143913794454123e-05
4.1480219901162325e-05
4.152169112588293e-05
4.164998548815171e-05
4.178175996935234e-05
4.191047551695366e-05
4.203655964426953e-05
4.216034109804263e-05
4.22821055398139e-05
4.2402103870440317e-05
4.252055610171407e-05
4.2637654712461016e-05
4.275356775157691e-05
4.2868441664252246e-05
4.298240382947897e-05
4.309556481741241e-05
4.320802038741396e-05
4.3319853251628365e-05
4.343113463053218e-05
4.354192562510615e-05
4.3652278428839346e-05
4.3762237399977605e-05
4.3871840012200586e-05
4.398111769946203e-05
4.4090096608902186e-05
4.419879827340984e-05
4.430724021442256e-05
4.44154364836186e-05
4.4523398151300104e-05
4.4631133747965726e-05
4.473864966519838e-05
4.484595052071061e-05
4.495303949225148e-05
4.505991862446508e-05
4.516658911221849e-05
4.527305156420487e-05
4.5379306249661766e-05
4.557035793058182e-05
4.5781923568395854e-05
4.599236065473653e-05
4.620171708040257e-05
4.6410008773896016e-05
4.661728784384146e-05
4.682360391751228e-05
4.7029014274206843e-05
4.7233584891959315e-05
4.7437391699453194e-05
4.764052208127917e-05
4.7843076703161234e-05
4.804517174385862e-05
4.824694164536397e-05
4.844854252984279e-05
4.865015647967366e-05
4.8851996945163525e-05
4.9054315640627535e-05
4.925741142558262e-05
4.94616418669376e-05
4.966743847070722e-05
4.9875327011701415e-05
5.008595506551029e-05
5.030012990718934e-05
5.05188716494224e-05
5.074348932875947e-05
5.0975692512927224e-05
5.1217759684886254e-05
5.147280087853168e-05
5.174518404036253e-05
5.204126206583261e-05
