462222.01718784
308323.4871715892
307439.53152510914
306571.24920004915
305712.8010145025
304863.0839839928
304021.5417182233
303187.6989074851
302361.1089479546
301541.34732525947
300728.0100933316
299920.7129505986
299119.0904151533
298322.795042573
297531.49667882704
296744.88174620405
295962.65256080194
295184.52668025554
294410.2362804008
293639.52755968354
292872.1601700855
292107.90667345194
291346.5520221086
290587.89306269924
289831.73806223116
289077.9062553369
288326.22741179477
287576.54142339755
286828.6979092845
286082.55583887314
285337.98317157855
284594.85651252815
283853.0607834846
283112.48890826514
282373.0415119218
281634.6266330028
280897.15944823175
280160.5620089446
279424.76298869104
278689.6974413676
277955.30656933226
277221.5375009137
276488.3430767897
275755.68164470413
275023.5168620123
274291.8175055666
273560.5572884753
272829.71468325553
272099.2727509656
271369.2189758625
270639.545105181
269910.24699364667
269181.3244523113
268452.78110137105
267724.62422657444
266996.8646389173
266269.5165372564
265542.59737356217
264816.12772047287
264090.1311408954
263364.634059354
262639.6656348582
261915.25763501014
261191.4443111438
260468.26227434355
259745.7503718677
259023.94956445112
258302.9028033484
257582.65490792537
256863.2524430613
256144.74359651428
255427.17805607725
254710.60688648096
253995.08240599293
253280.65806267224
252567.38831028694
251855.32848390943
251144.53467521103
250435.0636075394
249726.97251085003
249020.31899659726
248315.16093272474
247611.55631891201
246909.56316224745
246209.23935354053
245510.64254450463
244813.8300260514
244118.85860798563
243425.78450038988
242734.66319702484
242045.5493610868
241358.496713686
240673.55792542375
239990.78451146677
239310.22673054395
238631.93348827361
237955.95224528477
237282.3289305568
236611.10786045494
235942.33166390326
235276.04121416158
234612.27556766427
233951.07191036016
233292.4655120043
232636.48968881098
231983.17577488328
231332.5531027957
230684.64899367097
230039.48875709643
229397.09570112327
228757.4911526185
228120.69448813997
227486.72317547383
226855.59282592256
226227.31725733695
225601.90856787004
224979.37722029907
224359.73994629044
223742.98859938627
223129.1371628278
222518.19060452626
221910.15282753212
221305.02681103197
220702.81475868853
220103.51825366184
219507.13841946694
218913.67608571734
218323.13195775074
217735.5067890262
217150.80155516745
216569.01762842335
215990.156951306
215414.2222080972
214841.21699292486
214271.14597305207
206980.12916291293
203586.4678653231
200335.67002348282
197211.65482669222
194200.69026381779
191291.49233601318
188474.73963446062
185742.66094704668
183088.72033292457
180507.37642471262
177993.8962095559
175544.20915487193
173154.79162455382
170822.57434273977
168544.86761335138
166319.3003768903
164143.77016653333
162016.40173491288
159935.5126426953
157899.58448514398
155907.2387213234
153957.216288907
152048.36035426086
150179.6016760103
148349.94616016542
146558.4642631964
144804.28196123012
143086.5730528386
141404.5526022596
139757.47136195318
138144.61103927178
136591.50215552674
135104.2386544799
133650.44982899455
132229.39953893932
130840.37254204425
129482.68589462408
128155.67772935689
126858.70819818355
125591.15914513999
124352.43384847131
123141.95714786937
121959.17597977965
120803.56036064134
119674.60487924793
118571.83078636401
117494.78880537876
116443.06283514161
115416.27478073155
114414.09083718144
113436.22967632502
112482.47316566692
111552.6805066477
110646.80706078984
109764.92970319933
108907.28141624131
108074.29920004545
107266.69155789119
106485.53539793607
105732.4182589932
105009.65239785601
104320.60665998195
103670.23909327529
103065.98807895837
102519.34140450631
