109.48719349199999
-96356.97233568724
-92197.41553883455
-93236.97435516874
-92723.62055361863
-92638.51916714427
-92581.16035634153
-92543.0109642067
-92517.94596725565
-92501.57996005226
-92490.73843028392
-92483.1533585131
-92477.1854122079
-92471.66978588965
-92465.77345309932
-92458.93279274635
-92450.75102604779
-92440.9873628022
-92429.4828077401
-92416.16172607745
-92401.00538213513
-92384.02748072013
-92365.26403568772
-92344.77486220877
-92322.63731442273
-92298.92658441099
-92273.72770348252
-92247.11835102865
-92219.18464825419
-92190.00469152482
-92159.6624132252
-92128.22886611555
-92095.77730181935
-92062.36834620441
-92028.06501255008
-91992.93240781111
-91957.02312753239
-91920.38350793712
-91883.05878935035
-91845.10057313924
-91806.54399420726
-91767.43100080258
-91727.7899115029
-91687.65523133593
-91647.0564133891
-91606.02071801054
-91564.57333515368
-91522.73758768364
-91480.53199425581
-91437.98269968315
-91395.10530993377
-91351.91711534602
-91308.43422362221
-91264.67166201686
-91220.64346905408
-91176.36279876866
-91131.8450492396
-91087.09568311306
-91042.12877879727
-90996.95472250076
-90951.5833541598
-90906.02405226513
-90860.28576221006
-90814.37703779538
-90768.30610921857
-90722.08089226198
-90675.7090407935
-90629.19795659794
-90582.55194134703
-90535.78420422648
-90488.89834491683
-90441.90108797482
-90394.80205430104
-90347.60096372037
-90300.3050775101
-90252.93113505768
-90205.47027392457
-90157.9437442981
-90110.34483484489
-90062.68753354633
-90014.9793556092
-89967.22082478806
-89919.42066427502
-89871.58516175392
-89823.72061851993
-89775.83014191344
-89727.92626076464
-89680.01249808968
-89632.09533467825
-89584.1813211816
-89536.27705345023
-89488.38921972616
-89440.52454847012
-89392.68987446334
-89344.89210066157
-89297.13822397719
-89249.435318041
-89201.79055721569
-89154.21121051656
-89106.70464832273
-89059.2783333259
-89011.9428634502
-88964.69994406942
-88917.56033150732
-88870.53195487088
-88823.62283835518
-88776.8411526813
-88730.19517526291
-88683.693317495
-88637.34412896061
-88591.15628613718
-88545.13860287511
-88499.30004797352
-88453.6497086591
-88408.19685371144
-88362.94790157389
-88317.91838829215
-88273.11502311772
-88228.54767017279
-88184.22637215423
-88140.16132290704
-88096.36291247795
-88052.84166457129
-88009.6083153757
-87966.67377276745
-87924.04910928076
-87881.74561770863
-87839.77474271896
-87798.14815051353
-87756.87769961279
-87715.97545475856
-87675.45366708224
-87635.3248084335
-133229.76320229066
-132123.35961075497
-131061.57037503047
-130042.30301729428
-129063.54887329102
-128123.39315901106
-127220.01755582068
-126351.69943211437
-125516.80911345784
-124713.80633737268
-123941.23580906942
-123197.71858029494
-122481.96502360297
-121792.74336415768
-121128.89396706369
-120489.3204199782
-119872.98574486638
-119278.90863896029
-118706.16018510191
-118153.86055425007
-117621.17601381154
-117107.31619192667
-116611.53142014207
-116133.1102940685
-115671.37741088508
-115225.69123500698
-114795.44218282278
-114380.050655809
-113978.96542869626
-113591.66203989768
-113217.64114782077
-112856.42732113559
-112507.56758011712
-112170.63024948932
-111845.20373382066
-111530.89550987296
-111227.33107615415
-110934.15300140681
-110651.02008082788
-110377.61071148812
-110113.60503533344
-109858.70996640644
-109612.64123516587
-109375.12707043154
-109145.90763542843
-108924.73444725979
-108711.36979584144
-108505.58632744674
-108307.16657270517
-108115.73889556059
-107931.43077000532
-107753.88891893746
-107583.09684652684
-107418.55050923963
-107260.24874619837
-107108.0332564375
-106961.7533728284
-106821.26592155873
-106686.43538153116
-106557.13402159013
-106433.24238774845
-106314.64990679077
-106201.25608617732
-106092.972296638
-105989.72472513803
-105891.45920877837
-105798.1496756438
