30.951
47.07671307504374
45.96228689788021
44.934232690985645
43.98257083597284
43.09923828330022
42.27734686977233
41.510908192691474
40.79467768737287
40.12404138407612
39.494925040709006
38.90371877171681
38.34721378917978
37.82254900534506
37.32716577585862
36.85876940414737
36.415296283675325
35.99488575778274
35.59585594028575
35.21668287245454
34.85598249964178
34.51249503858271
34.18507137810959
33.87266121481077
33.574302673494266
33.28911320216599
33.01628156418982
32.75506077763966
32.504761874602714
32.26474837217989
32.03443136282358
31.813265144993206
31.600743326343284
31.39639534114151
31.19978333164249
31.01049934995878
30.828162842770674
30.652418386166275
30.482933642136356
30.319397511880076
30.161518464198178
30.009023019938137
29.861654375779473
29.719171152654354
29.58134625584325
29.447965835298724
29.31882833607036
29.193743629853845
29.072532219694423
28.95502451075576
28.841060140839677
28.730487365021247
28.623162489363715
28.518949349205915
28.41771882798133
28.319348412941967
28.223721784526493
28.130728436437202
28.040263323779914
27.95222653687914
27.86652299860913
27.783062183289168
27.701757855372527
27.622527826324532
27.54529372823248
27.469980802821578
27.396517704671624
27.324836317534707
27.25487158275247
27.18656133885681
27.119846171518162
27.054669273076154
26.990976310951133
26.928715304295142
26.867836508292275
26.80829230556739
26.750037104206154
26.69302724192809
26.637220895992254
26.58257799844672
26.52906015636415
26.476630576733303
26.425253995701027
26.3748966118833
26.32552602348374
26.277111168979083
26.229622271147093
26.183030784230585
26.137309344044287
26.092431720847284
26.04837277481424
26.005108413952133
25.962615554319115
25.92087208241213
25.879856819599425
25.839549488482177
25.79993068107779
25.760981828724155
25.722685173611133
25.68502374185187
25.64798131801167
25.61154242101867
25.575692281383752
25.540416819663477
25.50570262610269
25.471536941398472
25.437907638529342
25.404803205598668
25.372212729642925
25.340125881359057
25.308532900707778
25.277424583352012
25.24679226789157
25.216627823858364
25.186923640436913
25.157672615877956
25.128868147573876
25.10050412276608
25.072574909856463
25.045075350295768
25.018000751022473
24.991346877428015
24.96510994682323
24.93928662238373
24.913874007550426
24.888869640864016
24.864271491210896
24.840077953459733
24.816287844467276
24.792900399432632
24.769915268579034
24.74733251414228
24.72515260764499
24.703376427435142
24.68200525646789
24.661040780308465
24.640485085334074
24.62034065711172
24.600610378928856
24.581297530452126
24.56240578648965
24.543939215830598
24.52590228013538
24.50829983284812
24.49113711810258
24.47441976959105
24.458153809364045
24.442345646528185
24.427002075807163
24.412130275929535
24.397737807805363
24.383832612452125
24.370423008627814
24.357517690128212
24.34512572270256
24.333256540539818
24.32191994227666
24.31112608647396
24.300885486509053
24.29120900482662
24.28210784648946
24.27359355196864
24.26567798910922
24.25837334420605
24.251692112121297
24.24564708537428
24.2402513421293
24.235518233008598
24.231461366651903
24.22809459394441
24.22543199083226
24.223487839642537
24.222276608823943
24.22181293102247
24.222111579405237
24.223187442145598
24.225055494980534
24.22773077175315
24.231228332851536
24.235563231457263
24.24075047751687
24.24680499935242
24.253741602828534
24.261574927996804
24.270319403142178
24.279989196159566
24.29059816319518
24.30215979449205
24.314687157387105
24.328192836414235
24.34268887047796
24.358186687071033
24.3746961767869
24.392229009818376
24.410794519606686
24.430399043553617
24.45105080498086
24.472756016909106
24.49551973728136
24.519345780960464
