-4.485720393316822
-1.7890427965120352
-1.7919729270060294
-1.793334851921011
-1.7942722643794367
-1.7947770319434342
-1.7950287037298827
-1.7951209513314124
-1.7951170275077493
-1.7950597398130341
-1.7949779995824782
-1.7948911749765948
-1.7948120317992529
-1.794748741166535
-1.7947062701688203
-1.7946873514912263
-1.7946931700440993
-1.7947238465714797
-1.794778786187258
-1.794856924539573
-1.7949569053914567
-1.7950772075335222
-1.795216234646675
-1.7953723778000217
-1.7955440593760197
-1.795729763067547
-1.7959280525057697
-1.7961375833650293
-1.7963571087244745
-1.7965854820842178
-1.7968216557979344
-1.7970646795452339
-1.797313695695333
-1.7975679350937703
-1.7978267112934814
-1.7980894149083622
-1.798355508601319
-1.7986245212409817
-1.7988960423927385
-1.7991697165550768
-1.799445239282941
-1.7997223514607776
-1.8000008355842454
-1.800280511070588
-1.8005612304725933
-1.8008428762512785
-1.8011253569602197
-1.8014086044745579
-1.8016925712536156
-1.8019772271529675
-1.8022625578495588
-1.802548562139136
-1.8028352501290046
-1.8031226413726176
-1.8034107631478653
-1.8036996490562653
-1.8039893375933753
-1.8042798712154478
-1.804571294608136
-1.804863654216276
-1.8051569970138839
-1.805451369948627
-1.8057468190375092
-1.8060433886835283
-1.8063411213148541
-1.8066400566289247
-1.8069402312923255
-1.807241678363175
-1.8075444273691827
-1.8078485032143476
-1.8081539268110447
-1.808460714310823
-1.8087688770457857
-1.809078421576829
-1.8093893492416615
-1.8097016559072439
-1.810015332901869
-1.810330365357209
-1.8106467339782935
-1.8109644134895015
-1.811283373394953
-1.8116035781586717
-1.81192498663992
-1.8122475526479367
-1.812571224694845
-1.8128959462378755
-1.8132216554583098
-1.8135482858134355
-1.8138757657417792
-1.8142040189648228
-1.8145329643530883
-1.8148625163418095
-1.8151925846108399
-1.8155230746506201
-1.8158538875548422
-1.8161849202873732
-1.8165160656411667
-1.8168472124964268
-1.817178245860108
-1.8175090470001303
-1.8178394934666289
-1.8181694593148001
-1.8184988154180841
-1.8188274289409003
-1.8191551641098913
-1.8194818818750325
-1.819807440360187
-1.8201316946542043
-1.8204544970873537
-1.820775697331474
-1.821095142397638
-1.8214126767785386
-1.8217281426422882
-1.8220413796424582
-1.8223522254248596
-1.8226605152989948
-1.8229660824669314
-1.8232687582665081
-1.8235683719896385
-1.8238647511850052
-1.8241577215175944
-1.824447107122533
-1.8247327302262228
-1.825014411725556
-1.825291970950891
-1.8255652256573651
-1.8258339924384652
-1.8260980862983704
-1.826357321154698
-1.8266115096725357
-1.8268604633859054
-1.827103992593156
-1.8273419066125913
-1.8252490452305756
-1.8268125982341594
-1.828379362209123
-1.8299453168055329
-1.8315067653737978
-1.8330603094021143
-1.834602827177622
-1.8361314543308551
-1.8376435658816008
-1.8391367602627489
-1.840608843528036
-1.842057815465724
-1.8434818558418062
-1.8448793119278493
-1.846248686635807
-1.847588627194087
-1.848897914875612
-1.850175454824101
-1.8514202671912874
-1.8526314782197424
-1.8538083121536295
-1.8549500838456079
-1.8560561915474183
-1.8571261102935641
-1.85815938576717
-1.8591556285129731
-1.8601145087747721
-1.8610357511545732
-1.861919130315921
-1.8627644666851895
-1.8635716220315317
-1.8643404963581676
-1.8650710240299737
-1.8657631708465645
-1.8664169308739587
-1.867032323942948
-1.867609393011495
-1.868148201831475
-1.86864883294876
-1.8691113856147579
-1.869535973858617
-1.8699227251845851
-1.8702717786995704
-1.8705832837750813
-1.8708573988865635
-1.8710942903923828
-1.871294131293068
-1.8714571004931566
-1.8715833818535266
-1.8716726765580587
-1.8717261468699675
-1.871743502159069
-1.8717254320511434
-1.871671148611641
-1.8715813417737552
-1.8714562102238352
-1.8712959528347481
-1.8711007678869713
-1.8708708529191824
-1.870606404040148
-1.8703076156847307
-1.869974679734694
-1.869607785006287
-1.8692071161530395
-1.868772852275386
-1.8683051645577635
-1.867804212616833
