46.375200690965485
-207.31752874452056
-207.2502896236219
-207.17978820574365
-207.11034016876303
-207.04773109465634
-206.99357760697697
-206.94872101705099
-206.91331931540952
-206.88713999991953
-206.86973490680344
-206.86054564022055
-206.85896719539824
-206.8643863113035
-206.87620412933452
-206.89384921347576
-206.91678437777708
-206.9445098484536
-206.97656392752717
-207.01252233907886
-207.05199665647208
-207.09463225274703
-207.14010604378487
-207.1881241713878
-207.23841969164468
-207.29075031653167
-207.34489633350628
-207.4006585994097
-207.45785674004696
-207.5163274282872
-207.5759228575212
-207.63650928537004
-207.6979657669071
-207.76018294349564
-207.8230619988069
-207.88651367926275
-207.9504573780378
-208.01482034381948
-208.0795369614879
-208.14454810228827
-208.20980047774498
-208.27524614253548
-208.34084195794162
-208.40654918562456
-208.47233305540203
-208.53816240443277
-208.60400934028414
-208.66984893843258
-208.73565895998388
-208.80141962545332
-208.8671133488421
-208.93272455627996
-208.9982394911207
-209.06364604216185
-209.12893358711383
-209.1940928507889
-209.25911578184918
-209.32399540839108
-209.38872577012845
-209.45330179308527
-209.51771920601132
-209.5819744595537
-209.64606465065174
-209.70998745398128
-209.77374106033233
-209.83732411852552
-209.90073568363397
-209.96397516843007
-210.02704229472414
-210.0899370779131
-210.15265975000685
-210.21521075454126
-210.27759071510744
-210.33980037820717
-210.40184062770973
-210.46371246383143
-210.5254169031105
-210.5869550846488
-210.64832812077933
-210.709537190796
-210.77058346285253
-210.83146808039885
-210.89219218391224
-210.95275687511136
-211.01316321156014
-211.0734121902332
-211.1335047679541
-211.19344181048137
-211.25322411366625
-211.31285239049038
-211.3723272645121
-211.4316492658584
-211.49081882511584
-211.54983627083587
-211.60870182480627
-211.66741559948946
-211.72597759460564
-211.78438769529544
-211.8426456697805
-211.9007511677368
-211.95870371850847
-212.01650273767333
-212.0741474972274
-212.13163716766357
-212.18897078945108
-212.24614727910068
-212.3031654301108
-212.36002391226305
-212.41672127232565
-212.47325593466775
-212.52962620144544
-212.58583025357024
-212.6418661518445
-212.6977318371477
-212.75342513270414
-212.808943736835
-212.86428525430873
-212.91944715305638
-212.97442679541686
-213.02922143258192
-213.0838282055627
-213.13824414779728
-213.192466185509
-213.24649114102
-213.30031573374814
-213.35393658200232
-213.4073502058171
-213.4605530277658
-213.51354137616474
-213.56631148658465
-213.61885950423928
-213.67118148580968
-213.72327340213522
-210.9735570262381
-211.04924902099987
-211.1272870652746
-211.2073873912618
-211.28928715480922
-211.3727429244035
-211.4575293269429
-211.54343781021737
-211.6302754986856
-211.71786412725888
-211.8060390449429
-211.8946482750457
-211.98355166617432
-212.07262003391784
-212.16173442087353
-212.2507853721929
-212.33967226487567
-212.42830268144223
-212.51659182482265
-212.6044619729488
-212.69184196998174
-212.77866675205172
-212.86487690566355
-212.9504182564231
-213.03524148598382
-213.1193017757793
-213.20255847520434
-213.28497479357588
-213.36651751274965
-213.4471567205784
-213.52686556318713
-213.60562001392876
-213.6833986596581
-213.76018250140123
-213.8359547697052
-213.9107007528854
-213.98440763763065
-214.05706436110756
-214.12866147357988
-214.19919101783367
-214.26864638450493
-214.337022242567
-214.40431441121865
-214.47051977296385
-214.5356361862785
-214.59966240557398
-214.6625980070565
-214.72444331997457
-214.78519936343102
-214.84487390483307
-214.9034569736407
-214.9609574123212
-215.01737227163449
-215.07271759330567
-215.12699131110242
-215.18019789450864
-215.23234215810163
-215.2834292370854
-215.33346456632555
-215.38245386479167
-215.43040312551184
-215.47731861352864
-215.5232068737871
-215.56807475422696
-215.61192945256093
-215.6547786031483
-215.69663043431814
