26.595
9.376652331404731
9.393366707506326
9.406008592241946
9.415152653367095
9.421245923640683
9.424656113289512
9.425695639929009
9.424634776912766
9.42170976315533
9.417128422413429
9.411074417989159
9.403710658788391
9.395182111074774
9.385618156474486
9.375134585332441
9.363835289256908
9.351813702496349
9.339154032564045
9.325932313682
9.312217311159042
9.298071300292191
9.283550739578965
9.268706854830956
9.253586148106193
9.2382308430666
9.222679276539457
9.20696621691071
9.19112327689384
9.175179036118019
9.159159382614963
9.143087711731837
9.126985126663133
9.110870620907049
9.094761244986264
9.078672259427627
9.062617275661074
9.046608386189755
9.030656285231558
9.01477038075601
8.998958898762895
8.983228980464208
8.96758677295507
8.952037513850202
8.93658561032415
8.921234712885147
8.905987784223699
8.890847163403638
8.875814625647886
8.86089143793558
8.846078410648179
8.831375945436033
8.816784079511779
8.802302526544898
8.787930714335754
8.773667819442437
8.75951279891963
8.745464419338042
8.731521283255292
8.717681853274076
8.703944473849095
8.690307391008822
8.676768770102255
8.663326711742135
8.649979266066271
8.636724445434638
8.62356023572023
8.61048460626495
8.5974955186586
8.58459093440814
8.571768821630698
8.559027160829086
8.546363949873442
8.533777208237089
8.521264980584599
8.508825339775704
8.496456389337965
8.484156265491455
8.471923138748725
8.45975521516419
8.447650737268047
8.435607984720082
8.423625274727573
8.411700962255455
8.399833440061146
8.38802113857752
8.376262525662167
8.364556106253612
8.352900421917294
8.341294050338709
8.329735604741975
8.318223733270232
8.306757118321087
8.295334475863536
8.28395455472682
8.27261613587756
8.26131803169751
8.250059085244153
8.23883816952603
8.227654186775265
8.21650606772831
8.20539277092054
8.194313281986243
8.183266651443427
8.172251801624453
8.161267910954757
8.150314028232422
8.139389264624466
8.128492754517193
8.117623654924172
8.106781144913285
8.095964425041394
8.085172716818269
8.07440526216959
8.06366132292931
8.052940180339958
8.042241134566973
8.031563504230446
8.020906625947802
8.01026985389168
7.9996525593600145
7.989054130356063
7.9784739711866015
7.967911502063157
7.957366158725128
7.946837392062769
7.9363246677579875
7.9258274659333985
7.9153452808130655
7.90487762038663
7.894424006087877
7.883983972484628
7.873557066970568
7.863142849467963
7.8527408921408615
7.842350779111665
7.831972106190562
7.821604480607256
7.811247520752747
7.800900855925429
7.790564126087218
7.780236981622158
7.769919083104516
7.759610101072052
7.749309715801613
7.739017617096573
7.728733504074145
7.718457084962548
7.708188076898583
7.6979262057332525
7.687671205842436
7.677422819941859
7.667180798903839
7.656944901582125
7.646714894641641
7.636490552386069
7.626271656597285
7.616057996375533
7.605849367979182
7.59564557467717
7.585446426596798
7.575251740579789
7.565061340038352
7.554875054820091
7.544692721068519
7.534514181092824
7.524339283239055
7.514167881760741
7.503999836700042
7.4938350137640946
7.4836732842044915
7.473514524709172
7.463358617282841
7.4532054491397215
7.443054912595268
7.432906904961479
7.422761328441362
7.412618090032037
7.402477101419812
7.392338278891819
7.382201543233118
7.372066819639919
7.361934037626089
7.351803130935556
7.341674037453972
7.33154669912688
7.321421061871529
7.31129707550043
7.301174693636013
7.291053873637549
7.280934576519305
7.270816766878596
7.260700412821237
7.250585485886717
7.240471960981369
7.2303598163059615
7.22024903328627
7.210139596508993
7.200031493653285
7.189924715427986
