0.0985325
0.1172977973598439
0.13604117582190126
0.15476749865573847
0.17347832761643994
0.19217485246053032
0.210857989379032
0.2295284455784674
0.2481867595753863
0.26683332710370794
0.28546841841475307
0.30409219037433827
0.32270469536446805
0.3413058881759878
0.3598956315953628
0.3784737011038762
0.397039788939094
0.4155935076683781
0.4341343933643384
0.4526619084358155
0.47117544414550977
0.48967432283096934
0.5081577998358712
0.5266250651513633
0.5450752447614118
0.5635074016808459
0.5819205366696145
0.6003135886012737
0.6186854344576328
0.6370348889145206
0.6553607034755218
0.6736615651009454
0.6919360942678919
0.710182842383604
0.7284002884578284
0.7465868349199757
0.7647408024426706
0.7828604236038065
0.8009438351832181
0.818989068846064
0.8369940399110887
0.8549565338359113
0.8728741899707452
0.8907444820334777
0.9085646946396619
0.9263318950775017
0.9440428993481599
0.9616942312948669
0.9792820734271634
0.996802207818822
1.0142499452568463
1.0316200407044402
1.0489065932148323
1.0661029307547576
1.0832014733540232
1.1001935869125612
1.1170694298427173
1.1338178118111695
1.1504260981369128
1.1668802178869653
1.1831648676562554
1.199264041821174
1.2151620460790271
1.2308451247011847
1.2463036929550368
1.261534871612654
1.2765446351886278
1.2913486598118211
1.3059712135694825
1.3204422084081937
1.3347933593917507
1.3490546633072866
1.3632520782071151
1.3774064547591174
1.391533559672631
1.4056446783188894
1.419747444197033
1.4338466670801093
1.4479450524376516
1.4620437793915038
1.4761429426613912
1.4902418800364026
1.5043394101156826
1.5184340024709904
1.5325238982127851
1.5466071947677964
1.5606819051461653
1.5747459991464157
1.5887974318531835
1.6028341632245713
1.616854171449526
1.630855461959048
1.644836079576342
1.6587940940679233
1.672727620675367
1.6866348155920685
1.7005138703807183
1.7143630309599922
1.7281805789918423
1.7419648376583712
1.7557141713903122
1.7694269848651012
1.7831017227752848
1.796736869099942
1.8103309464492308
1.8238825154021476
1.8373901738448493
1.8508525563148597
1.864268333354699
1.87763621087722
1.8909549295440422
1.9042232641578978
1.9174400230692887
1.9306040475975719
1.9437142114663875
1.9567694202532553
1.9697686108530335
1.9827107509549258
1.9955948385326572
2.0084199013474477
2.02118499646339
2.0338892097748285
2.046531655545382
2.059111475958201
2.071627840677096
2.084079946418173
2.0964670165316543
2.1087883005934773
2.1210430740064017
2.1332306376102754
2.145350317301185
2.157401463659043
2.1693834515836086
2.1812956799383683
2.1931375712021586
2.204908571128233
2.2166081484105096
2.228235794356763
2.2397910225685145
2.25127336862738
2.262682389787672
2.274017664675007
2.2852787929907263
2.2964653952219183
2.307577112356842
2.318613605605545
2.329574556125509
2.3404596647521134
2.351268651733763
2.362001256471481
2.3726572372628145
2.3832363710498816
2.393738453171402
2.404163297118551
2.4145107342944843
2.4247806137773935
2.4349728020869437
2.445087182953945
2.455123657093131
2.4650821419789226
2.4749625716240176
2.4847648963607094
2.4944890826247876
2.5041351127419382
2.5137029847164833
2.523192712022389
2.53260432339639
2.541937862633182
2.5511933883825115
2.5603709739481326
2.569470707088471
2.5784926898189493
2.587437038215866
2.5963038822217315
2.60509306138466
2.6138050564928914
