3.739885878870299
2.38773398545292
2.3803884237998325
2.3733181366137117
2.3665050046514646
2.359944661942947
2.3536340809301555
2.347569791434897
2.34174769404641
2.3361631142054677
2.330810890902846
2.3256854656433275
2.3207809640942307
2.3160912680409096
2.3116100769634627
2.307330959516915
2.303247395763945
2.2993528113661363
2.295640605057926
2.2921041707360756
2.2887369153953845
2.2855322739825334
2.282483722063688
2.2795847870151777
2.2768290582720048
2.274210197014158
2.2717219455445687
2.269358136495518
2.2671127019325947
2.264979682123915
2.2629532353301793
2.261027645005199
2.2591973290737353
2.2574568476853436
2.255800910772521
2.2542243844096603
2.25272229792223
2.2512898489536575
2.2499224084407166
2.248615524722532
2.247364926868177
2.2461665272150118
2.2450164231284275
2.2439108979926665
2.242846421457699
2.2418196489989604
2.2408274205715712
2.2398667592590833
2.2389348683158485
2.2380291285804197
2.237147094746364
2.2362864913667853
2.235445208923527
2.234621298461025
2.233812967311703
2.233018571126143
2.2322366121784833
2.231465730621431
2.230704699170298
2.229952416880395
2.2292079028218175
2.2284702896872606
2.2277388173649246
2.2270128265076496
2.226291752129002
2.2255751172544453
2.224862526652101
2.224153660669731
2.2234482691988586
2.2227461657867753
2.2220472219155685
2.2213513614638383
2.2206585553653797
2.2199688164780254
2.219282194671911
2.2185987721461182
2.2179186589796096
2.217241988920049
2.216568915414841
2.2158996078825846
2.21523424822571
2.2145730275809123
2.2139161433028254
2.213263796176206
2.21261618784929
2.211973518480681
2.2113359846059146
2.2107037770999294
2.2100770795941456
2.2094560666611507
2.2088407306680806
2.2082317396530207
2.2076287178470753
2.2070319629517776
2.2064415860388853
2.2058576826164096
2.2052803318890746
2.2049188439710528
2.205729256175445
2.206526180304847
2.2073100308480056
2.208081178763339
2.208839972954757
2.209586746076304
2.210321814678857
2.211045484569395
2.2117580339868814
2.212459750502465
2.2131508961452537
2.2138317259627556
2.214502485198761
2.215163409927311
2.2158147276219915
2.2164566576692484
2.2170894118313216
2.2177131946663198
2.218328203909431
2.2189346308209976
2.219532660504564
2.220122472198831
2.2207042395467735
2.2212781308438334
2.221844309268207
2.2224029330950477
2.2229541558958026
2.2234981267255556
2.224034990297975
2.224564887150016
2.2250879537979795
2.2256043228844433
2.226114123317366
2.226617480402904
2.227114515971261
2.2276053484967697
2.228090093212798
2.228568862221441
2.2290417645985023
2.229508906494342
2.2299703912306232
2.2304263193932075
2.23087678892154
2.23132189519468
2.2317617311142692
2.232196387184005
2.2326259515868903
2.2330505102595
2.2334701469634517
2.2338849433543655
2.234294979049186
2.234700331689868
2.235101077006296
2.235497288876086
2.235889039382477
2.236276398871115
2.236659436003532
2.2370382178102575
2.2374128097407975
2.237783275713265
2.238149678161147
2.2385120780793093
2.2388705350681644
2.2392251073762997
2.2395758519416664
2.2399228244317198
2.2402660792818834
2.240605669732435
2.2409416478650828
2.241274064637397
2.2416029699163613
2.2419284125109633
2.2422504402037102
2.2425690997805967
2.242884437060677
2.243196496924354
2.2435053233405147
2.2438109593932305
2.2441134473068893
2.2444128284713663
2.244709143465418
2.2450024320799096
2.24529273334006
2.245580085526841
2.245864526197756
2.2461460922070127
2.246424819724826
2.2467007442561595
2.2469739006588068
2.2472443231609707
2.2475120453781847
2.247777100329358
2.248039520453273
2.2482993376227562
2.248556583160778
2.2488112878535405
2.2490634819650714
2.2493131952500858
2.249560456967046
2.249805295890897
2.250047740324624
2.250287818111452
