0.004360166189842033
0.00455980394678723
0.004642824875466059
0.004687644313087296
0.004717001787193381
0.004738081618944949
0.0047539332844970085
0.00476622932556527
0.0047760233549342225
0.004784016819403278
0.004790687011765655
0.004796361503863516
0.004801265924587107
0.004805555879417388
0.004809338646962722
0.004812688056694086
0.004815654746831105
0.004818273266541925
0.004820567012470214
0.004822551675013177
0.004824237657501415
0.004825631786289607
0.004826738534744181
0.0048275609067260335
0.004828101089026002
