17.05556
21.38043819853228
21.342126963886553
21.303315545680615
21.263975952721605
21.224098388587763
21.183675122461665
21.14269866809803
21.10116158226579
21.059056443711665
21.016375852437974
20.97311243147859
20.92925882919936
20.88480772190874
20.839751816760923
20.794083854954245
20.747796615231405
20.70088291768734
20.653335627891295
20.605147661329408
20.556311988173594
20.50682163838402
20.456669707150198
20.40584936067775
20.354353842326432
20.302176479105462
20.24931068853177
20.195749985856736
20.14148799166658
20.08651843986166
20.030835186018628
19.974432216140436
19.91730365579728
19.85944377966209
19.800847021443058
19.7415079842153
19.681421451153053
19.620582396662606
19.558985997916192
19.49662764678512
19.4335029621704
19.369607802726847
19.304938279977186
19.23949077180942
19.17326193635092
19.106248726210833
19.038448403080217
18.969858552678787
18.900477100034703
18.830302325082037
18.759332878559206
18.687567798188912
18.61500652511893
18.541648920599858
18.467495282874996
18.392546364253644
18.316803388338553
18.240268067373858
18.162942619678837
18.084829787129692
18.00593285264844
17.926255657656416
17.84580261944635
17.764578748424707
17.682589665172845
17.5998416172741
17.51634149584962
17.432096851743964
17.347115911300936
17.261407591662863
17.174981515529915
17.087848025310166
17.000018196590304
16.911503850855638
16.822317567385245
16.73247269424774
16.64198335832198
16.550864474265357
16.4591317523531
16.366801705110607
16.27389165266191
16.180419726717272
16.086404873124422
15.991866852908869
15.896826241730736
15.801304427687759
15.70532360739699
15.6089067802905
15.512077741064836
15.414861070227273
15.317282122687525
15.21936701434793
15.12114260665149
15.022636489053063
14.923876959385533
14.82489300210011
14.72571426436764
14.626371030035282
14.526894191441725
14.427315219102745
14.327666129287847
14.22797944951797
14.128288182024129
14.028625765216214
13.929026033221158
13.82952317355967
13.73015168304046
13.630946321961055
13.53194206671372
13.433174060904976
13.334677565105993
13.236487905361091
13.138640420589038
13.04117040902131
12.944113073828007
12.847503468090776
12.751376439286576
12.65576657345407
12.560708139218264
12.466235031853703
12.372381038244534
12.279178507337326
12.186660193702965
12.094857947083263
12.003802971268783
11.913525772311832
11.824056108085621
11.735422939371631
11.647654382653045
11.560777664785938
11.474819079714232
11.38980394738699
11.305756575027901
11.222700220898117
11.14065706068323
11.615151814109565
11.33275836805517
11.064364739976956
10.808779745953766
10.564991440909631
10.332128393088002
10.109430966785643
9.89622984551563
9.691929714035576
9.495996667879405
9.307948360401515
9.127346191588478
8.953789041547742
8.786908187953076
8.626363141878704
8.47183820386881
8.32303959053248
8.17969301723445
8.041541648459882
7.908344346829138
7.77987416636056
7.6559170467094715
7.5362706736653795
7.420743477811444
7.309153748421208
7.2013288437225444
7.097104481861729
6.9963240994304385
6.898838266419449
6.804504148043501
6.713185005107717
6.624749725529688
6.539072380318941
6.456031797785512
6.377818188080747
6.302665061612089
6.229885559703363
6.1593699660171595
6.091010521851404
6.024702985953791
5.960345030529225
5.897836011512591
5.837076431282137
5.777967335734933
5.720409629118024
5.664303282723998
5.609546406791177
5.55603414578307
5.503657344747069
5.452300917274696
5.401841821713997
5.352146518672269
5.30306773490495
5.254440289301693
5.206075634603945
5.15775461563607
5.109217711332987
5.060151663144546
5.010170808370651
4.958790474732204
4.905388154665166
4.849145282740284
4.788957089617612
4.723287580256984
4.6499250086844235
