3440.443176756662
-0.6758937612072363
-0.5593744278472234
-0.4612115361557739
-0.37629517199100715
-0.3037552618590792
-0.24320317721244208
-0.19431890591247283
-0.15680472668413048
-0.13037957374742
-0.1147779264908558
-0.10974921348426643
-0.11505728617408599
-0.1304799129496505
-0.15580828768542115
-0.1908465519682493
-0.23541133047821716
-0.28933127922152446
-0.3524466461208364
-0.4246088436112024
-0.505680032730062
-0.5955327183188052
-0.6940493547858373
-0.8011219620117189
-0.9166517508594848
-1.0405487578350823
-1.1727314883724096
-1.3131265681981241
-1.4616684023543567
-1.6182988412978634
-1.7829668535497272
-1.9556282044640014
-2.1362451405252734
-2.3247860786877785
-2.52122530027979
-2.7255426489429424
-2.937723232099066
-3.1577571254871892
-3.385639080286804
-3.6213682322886753
-3.8649478127425785
-4.1163848603343345
-4.375689933904793
-4.642876825446297
-4.91796227294592
-5.200965672693282
-5.49190879062083
-5.790815472321537
-6.097711351375956
-6.412623555633375
-6.735580411116218
-7.066611143270057
-7.405745575267015
-7.753013823060779
-8.108445987028363
-8.472071839973859
-8.843920511275329
-9.224020167107259
-9.612397686547109
-10.009078333580282
-10.414085424876196
-10.827439993418915
-11.249160447979943
-11.67926222855275
-12.117757457886867
-12.564654589200215
-13.019958050638516
-13.48366788618568
-13.955779393993259
-14.436282762095725
-14.925162702153354
-15.422398081706895
-15.927961555495717
-16.441819196536727
-16.96393012762314
-17.494246154031323
-18.03271139830725
-18.579261938029003
-19.133825447487276
-19.6963208444128
-20.266657942789518
-20.844737113009707
-21.430448950552204
-22.023673954573557
-22.62428221775871
-23.232133128865286
-23.847075089493902
-24.46894524662992
-25.09756924253771
-25.732760983727477
-26.374322430599502
-27.022043409560773
-27.675701449379673
-28.335061643441996
-28.99987653985262
-29.66988606104879
-30.34481745475886
-31.024385278046335
-31.70829141620646
-32.39622513813676
-33.08786318992115
-33.78286992807504
-34.48089749404835
-35.18158603127915
-35.88456394615819
-36.58944821398536
-37.295844730984605
-38.00334871313124
-38.71154514260179
-39.420009262141875
-40.128307117780615
-40.83599614983453
-41.5426258320125
-42.24773835820283
-42.9508693761529
-43.65154876710226
-44.34930146999016
-45.04362455100327
-45.7340824400336
-46.420167692845304
-47.10139455234748
-47.77727704177612
-48.4473300117872
-49.11107021408627
-49.76801739783287
-50.417695424729246
-51.05963339839582
-51.69336680331908
-52.31843864847816
-52.934400610523724
-53.54081417115159
-54.13725174325674
-54.72329778021261
-55.2985498626765
-55.86261975718406
-40.47149824304993
-41.708090533496716
-42.93029181773696
-44.12885677101656
-45.295775716669574
-46.42485330557543
-47.511395465443115
-48.55190278119076
-49.543830777361606
-50.48540484897555
-51.375476028938195
-52.21340729243862
-52.99898294528939
-53.732335662411614
-54.413887169942775
-55.04429958445959
-55.62443516099845
-56.15532274204394
-56.63812959970935
-57.0741376628017
-57.46472334617291
-57.81134037214738
-58.11550510605908
-58.378784030631515
-58.602783064354504
-58.789138492472134
-58.939509330214534
-59.055570979296824
-59.13901007308219
-59.19152043509162
-59.21480010135836
-59.19877177061233
-59.14255152458275
-59.062181416943716
-58.9593148968939
-58.83561923924275
-58.69278127579086
-58.53250190984347
-58.35650920267893
-58.166563701010766
-57.9644679811178
-57.75207871116991
-57.5313217323212
-57.30421080539779
-57.07287086270282
-56.8395668600283
-56.60673966709833
-56.37705089883086
-56.15343922572786
-55.939191581512915
-55.73803391918912
-55.554247917035234
-55.392822556484816
-55.25965317969889
-55.161806117114736
-55.107875284099386
-55.10847000160262
-55.176893652789985
-55.33010587126472
-55.59011633320109
-55.98605409700627
-56.55732902406587
-57.358627073617
-58.4681286009301
-60.00171529504721
3440.443176756662
-0.6758937612072363
-0.5593744278472234
-0.4612115361557739
-0.37629517199100715
-0.3037552618590792
-0.24320317721244208
-0.19431890591247283
-0.15680472668413048
-0.13037957374742
-0.1147779264908558
-0.10974921348426643
-0.11505728617408599
-0.1304799129496505
-0.15580828768542115
-0.1908465519682493
-0.23541133047821716
-0.28933127922152446
-0.3524466461208364
-0.4246088436112024
-0.505680032730062
-0.5955327183188052
-0.6940493547858373
-0.8011219620117189
-0.9166517508594848
-1.0405487578350823
-1.1727314883724096
-1.3131265681981241
-1.4616684023543567
-1.6182988412978634
-1.7829668535497272
-1.9556282044640014
-2.1362451405252734
-2.3247860786877785
-2.52122530027979
-2.7255426489429424
-2.937723232099066
-3.1577571254871892
-3.385639080286804
-3.6213682322886753
-3.8649478127425785
-4.1163848603343345
-4.375689933904793
-4.642876825446297
-4.91796227294592
-5.200965672693282
-5.49190879062083
-5.790815472321537
-6.097711351375956
-6.412623555633375
-6.735580411116218
-7.066611143270057
-7.405745575267015
-7.753013823060779
-8.108445987028363
-8.472071839973859
-8.843920511275329
-9.224020167107259
-9.612397686547109
-10.009078333580282
-10.414085424876196
-10.827439993418915
-11.249160447979943
-11.67926222855275
-12.117757457886867
-12.564654589200215
-13.019958050638516
-13.48366788618568
-13.955779393993259
-14.436282762095725
-14.925162702153354
-15.422398081706895
-15.927961555495717
-16.441819196536727
-16.96393012762314
-17.494246154031323
-18.03271139830725
-18.579261938029003
-19.133825447487276
-19.6963208444128
-20.266657942789518
-20.844737113009707
-21.430448950552204
-22.023673954573557
-22.62428221775871
-23.232133128865286
-23.847075089493902
-24.46894524662992
-25.09756924253771
-25.732760983727477
-26.374322430599502
-27.022043409560773
-27.675701449379673
-28.335061643441996
-28.99987653985262
-29.66988606104879
-30.34481745475886
-31.024385278046335
-31.70829141620646
-32.39622513813676
-33.08786318992115
-33.78286992807504
-34.48089749404835
-35.18158603127915
-35.88456394615819
-36.58944821398536
-37.295844730984605
-38.00334871313124
-38.71154514260179
-39.420009262141875
-40.128307117780615
-40.83599614983453
-41.5426258320125
-42.24773835820283
-42.9508693761529
-43.65154876710226
-44.34930146999016
-45.04362455100327
-45.7340824400336
-46.420167692845304
-47.10139455234748
-47.77727704177612
-48.4473300117872
-49.11107021408627
-49.76801739783287
-50.417695424729246
-51.05963339839582
-51.69336680331908
-52.31843864847816
-52.934400610523724
-53.54081417115159
-54.13725174325674
-54.72329778021261
-55.2985498626765
-55.86261975718406
-40.47149824304993
-41.708090533496716
-42.93029181773696
-44.12885677101656
-45.295775716669574
-46.42485330557543
-47.511395465443115
-48.55190278119076
-49.543830777361606
-50.48540484897555
-51.375476028938195
-52.21340729243862
-52.99898294528939
-53.732335662411614
-54.413887169942775
-55.04429958445959
-55.62443516099845
-56.15532274204394
-56.63812959970935
-57.0741376628017
-57.46472334617291
-57.81134037214738
-58.11550510605908
-58.378784030631515
-58.602783064354504
-58.789138492472134
-58.939509330214534
-59.055570979296824
-59.13901007308219
-59.19152043509162
-59.21480010135836
-59.19877177061233
-59.14255152458275
-59.062181416943716
-58.9593148968939
-58.83561923924275
-58.69278127579086
-58.53250190984347
-58.35650920267893
-58.166563701010766
-57.9644679811178
-57.75207871116991
-57.5313217323212
-57.30421080539779
-57.07287086270282
-56.8395668600283
-56.60673966709833
-56.37705089883086
-56.15343922572786
-55.939191581512915
-55.73803391918912
-55.554247917035234
-55.392822556484816
-55.25965317969889
-55.161806117114736
-55.107875284099386
-55.10847000160262
-55.176893652789985
-55.33010587126472
-55.59011633320109
-55.98605409700627
-56.55732902406587
-57.358627073617
-58.4681286009301
-60.00171529504721
