2766.4485600000003
2761.8698875081773
2757.2055736696366
2752.456396607976
2747.6233532648525
2742.7075616010134
2737.710202627602
2732.6324862525357
2727.4756313539224
2722.240854330317
2716.9293626904023
2711.542351631979
2706.081002389869
2700.546481627682
2694.9399414437667
2689.2625197376797
2683.515340788393
2677.699515957932
2671.816144471459
2665.866314247118
2659.8511027624363
2653.7715779522746
2647.6287991384934
2641.423817994873
2635.157679553247
2628.8314232586945
2622.446084083342
2616.002693709989
2609.502281798583
2602.945877350613
2596.3345101888244
2589.6692125724667
2582.9510209715863
2576.1809780278304
2569.360134733972
2562.4895528700904
2555.5703077411686
2548.6034912691953
2541.5902155028284
2534.531616619748
2527.4288595113976
2520.2831430573397
2513.0957062175444
2505.8678350960927
2498.6008711596132
2491.296220828669
2483.955366700222
2476.579880703501
2469.171439537732
2461.7318427827727
2454.2630341027557
2446.767125958802
2439.246427826937
2431.7034799794956
2424.141088434601
2416.562364372846
2408.9707631983656
2401.3701187761953
2393.7646640381763
2386.159023455384
2378.5581554036285
2370.9672146489575
2363.3913014779414
2355.8350733621724
2348.302229748715
2340.794946897377
2333.3134189074185
2325.8556972059573
2318.417951019583
2310.9951013462223
2303.58161728176
2296.172222833668
2288.7623639890235
2281.348399509546
2273.927599052333
2266.498028770533
2259.058397427583
2251.6079054682623
2244.1461162974497
2236.67285469729
2229.188130341271
2221.692081936616
2214.1849372571105
2206.6669849303034
2199.138554702073
2191.6000037148187
2184.0517070076116
2176.4940509572316
2168.9274287591506
2161.3522373185865
2153.7688751142696
2146.1777407323034
2138.579230894854
2130.9737424241016
2123.3616694318866
2115.743403636743
2108.1193350698445
2100.4898494488784
2092.8553302676182
2085.2161581540618
2077.572711346243
2069.925364060804
2062.2744881465437
2054.6204525021003
2046.9636230815752
2039.3043629037281
2031.643032063939
2023.9799877481653
2016.3155842483536
2008.6501729789234
2000.9841024940495
1993.3177185055351
1985.651363901139
1977.9853787632358
1970.320100387735
1962.6558633031807
1954.9929992899852
1947.3318373997545
1939.6727039746602
1932.0159226668281
1924.3618144577167
1916.7106976774573
1909.0628880241275
1901.418698582946
1893.7784398453573
1886.142419727993
1878.510943591487
1870.8843142591345
1863.2628320353722
1855.6467947240656
1848.0364976465899
1840.4322336596938
1832.834293173126
1825.242964167022
1817.6585322090289
1810.081280471172
1802.5114897464343
1794.9494384650607
1787.3954027105588
1779.8496562354053
1772.3124704764389
1764.7841145699358
1757.2648553663703
1749.7549574448387
1742.2546831271563
1734.764292491618
1727.2840433864142
1719.8141914427065
1712.354990087355
1704.9066905552952
1697.469541901566
1690.043791012983
1682.6296826194616
1675.2274593049806
1667.8373615181952
1660.4596275826964
1653.094493706915
1645.742193993671
1638.4029604493774
1631.0770229928883
1623.7646094640043
1616.4659456316297
1609.1812552015858
1601.9107598240876
1594.6546791008814
1587.4132305920507
1580.1866298224877
1572.9750902880469
1565.7788234613674
1558.5980387973862
1551.4329437385331
1544.2837437196185
1537.1506421724189
1530.033840529962
1522.933534472207
1515.849925286338
