387214.0324416
300245.3695633265
300132.00070029194
300021.3156684773
299913.0784817076
299807.1581592535
299703.4415426337
299601.82290887873
299502.202674868
299404.48710210173
299308.588116754
299214.4231482075
299121.9149753534
299030.991579426
298941.586003072
298853.63621553394
298767.08498377196
298681.8797493896
298597.9725111774
298515.31971313653
298433.88213778444
298353.6248045854
298274.51687331265
298196.5315521625
298119.6460104324
298043.8412955691
297969.10225439153
297895.41745829216
297822.7791322086
297751.1830871672
297680.6286561837
297611.11863331404
297542.65921563393
297475.259947935
297408.93366990617
297343.6964655834
297279.56761483
297216.56954661466
297154.7277938527
297094.0709495594
297034.6306240802
296976.4414031302
296919.5408064012
296863.9692464652
296809.7699877099
296756.98910503584
296705.6754420427
296655.8805684098
296607.65873620566
296561.0668348139
296516.16434419097
296473.01328616193
296431.6781734277
296392.22595600673
296354.725964762
296319.24985173636
296285.8715269493
296254.6670913585
296225.71476564225
296199.0948145113
296174.88946619973
296153.1828268519
296134.0607894592
296117.6109370443
296103.9224398524
296093.0859460144
296085.1934659297
296080.3382493018
296078.6146553303
296080.11801531987
296084.94448768196
296093.1909050535
296104.9546133554
296120.3333026293
296139.4248295018
296162.3270311778
296189.13753088383
296219.95353471185
296254.8716198795
296293.9875144324
296337.39586847904
296385.1900170953
296437.4617350837
296494.3009838203
296555.7956504981
296622.0312801192
296693.09080065816
296769.0542418858
296849.99844841263
296935.9967875742
297027.11885286536
297123.4301636942
297224.9918623088
297331.860408821
297444.0872753358
297561.718640262
297684.7950839678
297813.3512870001
297947.415732184
298087.01041196694
298232.1505424471
298382.84428558726
298539.09248116805
298700.88839008927
298868.21745066164
299041.05704957875
299219.37630927213
299403.13589337445
299592.2878320238
299786.775368723
299986.5328304582
300191.48552274547
300401.5496512195
300616.6322713303
300836.63126760663
301061.4353638891
301290.92416578135
301524.983445294
301763.4444515586
302006.1751937943
302253.01991054317
302503.81445234263
302758.38653588545
303016.5560347751
303278.1353066958
303542.9295565488
303810.7372348618
304081.35047051986
304354.55553658935
304630.1333477608
304907.85998765525
305187.50726398977
305468.84328933083
305751.6330849429
306035.639204977
300283.7952229567
300068.8695499333
299704.7197375862
299214.26286794967
298616.26834004995
297926.2276801322
297157.0256887603
296319.4594122831
295422.64227151586
294474.32114603376
293481.1269675045
292448.77411005145
291382.2200399758
290285.7938893521
289163.30055623676
288018.105402641
286853.2034750156
285671.27630697767
284474.7387067251
283265.77742824383
282046.38323735696
280818.37758250156
279583.434844672
278343.10095597873
277098.8090298332
275851.89252942876
274603.59640801995
273355.0865799592
272107.45802103693
270861.7417483569
269618.9108904579
268435.26276665315
267326.2740945784
266225.6780199015
265134.11242616456
264052.1832046381
262980.489074984
261919.61284185314
260870.12565186352
259832.5928747327
258807.57901798503
257795.65328560243
256797.39597938737
255813.40598695292
254844.30966243378
253890.7714897996
252953.50703346665
252033.29883753715
251131.01615139077
250247.63966066303
249384.29282636757
248542.28203971588
247723.14867341332
246928.7373930831
246161.28700706287
245423.55304731344
244718.9758031211
244051.91473553525
243427.9819745256
242854.52742345366
242341.36253517104
241901.8724488169
241554.78513352748
241327.10502712236
241259.23153339647
