6.1491
12.690179351462115
12.780546759421162
12.872261541380864
12.965339195034064
13.059790198960012
13.155623597370647
13.252847423621539
13.35146866185284
13.451493143565646
13.552925438046643
13.655768745971029
13.760024797963105
13.865693758477166
13.97277413491118
14.081262691631581
14.191154368483495
14.302442203343452
14.415117258320974
14.529168549316134
14.644582978762255
14.761345271520081
14.879437914022462
14.998841096894779
15.11953266138587
15.241488050041001
15.364680262123251
15.489079814352637
15.614654707572544
15.741370400004655
15.869189787649006
15.998073192728512
16.127978360493177
16.258860465257552
16.390672126142512
16.523363433192678
16.656881984060917
16.79117293209911
16.926179045878115
17.061840780547545
17.198096361189265
17.33488187824714
17.472131395016696
17.609777067066933
17.747749273359705
17.885976758723697
18.02438678716705
18.162905305582548
18.301457116976252
18.439966062554877
18.578355211711216
18.71654705895607
18.85446372661021
18.99202717223234
19.12915939920669
19.26578267071453
19.40181972204219
19.537193974903104
19.671829748600164
19.805652468216962
19.938588868246885
20.07056719036222
20.201517374082297
20.331371239149256
20.460062658526592
20.587527720991627
20.713704882419965
20.838535104956083
20.961961983386537
21.083931858150986
21.20439391455421
21.323300267868426
21.440606034143027
21.55626938666392
21.670251598126367
21.782517068701683
21.89303334028873
22.00177109734309
22.10870415477029
22.21380943345402
22.31706692406394
22.418459639850838
22.517973559189684
22.615597558672572
22.711323337584982
22.80514533463552
22.897060637686824
22.98706888770763
23.0751721772103
23.161374140569123
23.245683888365345
23.328107761308093
23.408657397652853
23.487345503708234
23.564186565760764
23.639196734460512
23.712393709862553
23.783796627666373
23.853425947141517
23.92121048870377
23.987246639643182
24.05158799496923
24.11426167735485
24.17529554537658
24.234718093231496
24.292558356443596
24.348845822100444
24.403610343749527
24.456882060827414
24.508691322913627
24.55906861832776
24.60804450741509
24.65564956023397
24.701914298606976
24.746869142416962
24.790544360021705
24.832970022650436
24.87417596263517
24.91419173532385
24.953046584516677
24.990769411263116
25.027388745855475
25.062932722854054
25.09742905897904
25.130905033706448
25.163387472407074
25.194902731871057
25.225476688064372
25.255134725967896
25.283901731354476
25.311802084364338
25.338859654745786
25.365097798631453
25.390539356728944
25.41520665380818
25.43912149937489
25.46230518942531
25.484778509182433
25.50656173672074
25.52767464739075
25.548136518961215
25.567966137401186
25.587181803230045
25.60580133836765
25.62384209342212
25.641320955356875
25.658254355482832
25.674658277726255
25.69054826712567
25.705939438515845
25.7208464853597
25.735283688692714
25.749264926147028
25.762803681025517
25.77591305139906
25.788605759202348
25.800894159306097
25.81279024854586
25.82430567468961
25.835451745327948
25.84623943667279
25.85667940225242
25.86678198149097
25.876557208163646
25.8860148187186
25.89516426045881
25.904014699577345
25.912575029041488
25.920853876321036
25.92885961095771
25.936600351972903
25.944083975111997
25.951318119923805
25.958310196674525
25.965067393095953
25.971596680968034
25.97790482253665
25.98399837676748
25.98988370543724
25.995566979064087
26.00105418267889
26.00635112143952
26.01146342609038
26.01639655826991
26.02115581566819
26.02574633703782
26.03017310706056
26.03444096107284
26.038554589652975
26.042518543073147
26.04633723561931
26.050014949781847
26.053555840320403
26.056963938205566
26.060243154440933
26.06339728376846
26.066430008259847
26.06934490079764
26.07214542844838
26.074834955731202
