99.14477
16.79441316498197
16.730118069151963
16.664227876258188
16.59916545890187
16.53635660588639
16.476403004159202
16.419608112361868
16.36605881573056
16.315712238684075
16.268449883108012
16.224111603871467
16.182516929197526
16.143478423338827
16.1068099381134
16.07233161169019
16.039872718989294
16.00927319588125
15.98038424022373
15.953068390806699
15.927199236097184
15.902660912722634
15.879347490708206
15.857162309730754
15.836017288023083
15.815832236147576
15.79653420849513
15.778056874710265
15.760339946888571
15.743328626717455
15.726973117185555
15.711228148767235
15.696052568224298
15.681408945873136
15.667263232231374
15.653584439309565
15.640344341769726
15.62751721787074
15.615079612054068
15.603010125058999
15.59128920154788
15.579898967768266
15.568823059175477
15.558046484058988
15.5475554888445
15.537337434827537
15.52738069615547
15.51767455857242
15.508209129495002
15.498975266928271
15.489964494211677
15.48116894318785
15.472581291935757
15.464194711679749
15.456002819037717
15.447999630767267
15.440179525062229
15.432537199851046
15.425067651196581
15.417766134378384
15.410628141987303
15.40364937641829
15.396825730150475
15.39015326636376
15.383628198109363
15.377246875352089
15.371005768153505
15.364901455834632
15.358930608900959
15.35308999083855
15.347376432830535
15.341786835075837
15.33631815678289
15.330967404002259
15.325731631289267
15.320607937662114
15.315593440968005
15.310685306790464
15.305880707146326
15.301176848571439
15.296570951965792
15.29206024771491
15.287641984615975
15.283313417816577
15.279071811502893
15.274914433957592
15.270838562724883
15.266841472159483
15.26292044058721
15.259072745383534
15.255295665258078
15.251586474984565
15.247942450652506
15.244360862525616
15.240838978942438
15.237374063778388
15.233963378092364
15.230604177846907
15.227293714652964
15.224029235318444
15.220807982970062
15.217627196160791
15.21448410252911
15.21137593332183
15.208299909929996
15.20525325156687
15.202233170061294
15.199236874718363
15.196261569597455
15.193304453808086
15.190362722902425
15.187433568432247
15.184514176482809
15.181601732073144
15.178693412907453
15.175786395019223
15.172877854293708
15.169964958458626
15.167044875216224
15.16411476790714
15.161171798862856
15.158213125479442
15.15523590701213
15.152237297082808
15.149214448375742
15.146164514062269
15.143084642413973
15.139971984628506
15.136823688095616
15.1336368999525
15.130408766321397
15.1271364350098
15.12381705242652
13.057467490793705
13.084150455662872
13.110632350754438
13.13687278590872
13.162835751105632
13.188489027527643
13.213803724050969
13.238753913962293
13.26331634093886
13.28747016200044
13.311196739990162
13.334479446229244
13.357303504996327
13.379655829168604
13.401524891471304
13.422900600571193
13.443774184118345
13.464138089524226
13.483985881887566
13.503312159508745
13.522112471682671
13.540383239852607
13.558121689358948
13.575325784398668
13.591994166890613
13.608126101085551
13.62372141827926
13.638780474441099
13.653304099575148
13.66729355620334
13.680750507475882
13.693676971468738
13.706075295114148
13.717948119006484
13.729298352444738
13.740129143413819
13.750443855859963
13.760246047175091
13.76953944484485
13.778327930759382
13.786615517602327
13.794406337463203
13.801704624419223
13.808514701441512
13.814840964695687
13.820687872425987
13.826059936297236
13.830961706836616
13.835397764362156
13.839375308508979
13.84289379068411
13.845960401628272
13.848577097793234
13.850753783164889
13.8524924055132
13.853797523474443
13.85467365423648
13.85512526852297
13.85515677264117
13.854772496040034
13.853976665889578
13.852773383250623
13.851166578882381
13.849159955197152
13.846756894176158
13.843960313565882
13.840772417630658
