0.090945
0.052781965757206985
0.05320694048566606
0.05355428884895465
0.053873175720743564
0.05416193227477029
0.05442866242817061
0.054677956439928226
0.05491324955109211
0.055137143007441214
0.055351630559133204
0.05555825842046345
0.05575823950219454
0.0559525355270549
0.05614191689835379
0.05632700666183454
0.05650831336215573
0.056686255608564724
0.056861180877488496
0.057033379808480625
0.057203097327069435
0.05737054133753727
0.05753588952683846
0.05769929475870715
0.05786088936569756
0.05802078865829098
0.05817909367339845
0.058335893491579076
0.05849126705768477
0.05864528472631876
0.05879800952063251
0.058949498195707446
0.059099802087859726
0.05924896788386244
0.05939703819402971
0.05954405208308148
0.05969004554124485
0.059835051848176946
0.05997910187133582
0.06012222434610907
0.060264446141357945
0.06040579242320714
0.06054628688151647
0.06068595181994674
0.060824808344958445
0.06096287643181447
0.061100175070750204
0.06123672232728492
0.06137253542807363
0.06150763081482447
0.06164202423069024
0.061775730754739036
0.06190876484720747
0.06204114039521126
0.062172870755739455
0.06230396877807048
0.062434446820991814
0.06256431681828266
0.06269359025801485
0.06282227821873207
0.06295039140272043
0.06307794012646445
0.06320493435271979
0.06333138370728439
0.0634572974683786
0.06358268460301163
0.06370755376039225
0.0638319133000342
0.06395577127218191
0.06407913544040661
0.0642020132996074
0.06432441206942048
0.06444633868773121
0.06456779986751342
0.064688802040065
0.06480935136443458
0.06492945382089246
0.06504911507854758
0.06516834062830607
0.06528713568403798
0.06540550525469842
0.0655234541338969
0.06564098688559686
0.06575810784969457
0.0658748211655463
0.06599113077365809
0.06610704038252171
0.06622255351929673
0.06633767351130929
0.06645240348070595
0.06656674637395124
0.06668070492876689
0.06679428172580945
0.0669074791384449
0.0670202993718057
0.0671327444481376
0.06724481622642084
0.06735651638858675
0.06746784645036179
0.06757880776157191
0.06768940151920574
0.06779962874126173
0.06790949030661096
0.06801898694225247
0.06812811920586956
0.06823688752793312
0.06834529217108903
0.06845333327152724
0.068561010818605
0.06866832465813395
0.06877527450564357
0.06888185994351996
0.06898808041004334
0.06909393523670583
0.06919942359739067
0.06930454457739291
0.06940929709910372
0.06951367998964611
0.06961769195870297
0.06972133158585506
0.06982459734920697
0.06992748759250116
0.07003000058286867
0.07013213444809419
0.07023388721642289
0.07033525682848706
0.07043624109264504
0.07053683775051982
0.07063704442069135
0.07073685862874925
0.07083627780069715
0.0709352992855437
0.07103392032950154
0.07093716680217622
0.07105990815063153
0.07118036627511659
0.0712986559554723
0.07141488703820614
0.07152916289193825
0.07164157973934758
0.0717522266009332
0.07186118557698444
0.07196853220721618
0.07207433601643662
0.0721786609630204
0.0722815659472524
0.07238310527497205
0.0724833290608951
0.07258228363655471
0.07268001187124255
0.07277655352559885
0.07287194548414573
0.0729662220392825
0.07305941511351578
0.0731515544360925
0.07324266773847496
0.07333278091580155
0.07342191816574066
0.07351010212338684
0.07359735395240317
0.07368369349738882
0.07376913933367868
0.073853708854173
0.07393741840189978
0.07402028326321325
0.07410231779025037
0.07418353542636834
0.07426394879006709
0.07434356969717708
0.07442240922228002
0.07450047774340582
0.07457778496335855
0.0746543399578678
0.07473015124154599
0.07480522672682695
0.07487957381502205
0.07495319941344471
0.07502610994217232
0.07509831136659112
0.0751698092420022
0.07524060870283683
0.07531071448924147
0.07537948429750892
0.0754482117801664
0.0755162576842553
0.07558428349979335
0.0756509800254673
0.07571700428282202
0.07578235880606182
0.07584704583623399
0.07591106737601898
0.07597442515455098
0.07603712065911838
0.07609915509548203
0.07616052941430239
0.07622124425513525
0.07628129991278333
0.07634069625047439
0.0763994325819096
0.07645750741504603
