0.034431
0.025989537139435238
0.02632248379460192
0.026644542301101273
0.02695568464856003
0.027256432879866118
0.027547390985856537
0.02782914429812366
0.02810224003266884
0.028367185498310816
0.02862445011424103
0.028874468168840643
0.02911764161502125
0.029354342728599096
0.029584916584034743
0.029809683337721483
0.030028940321726847
0.030242963956543648
0.03045201149412284
0.03065632260366879
0.030856120812954784
0.031051614817671762
0.03124299967075771
0.03143045786288315
0.03161416030443048
0.03179426721847118
0.031970928953338015
0.032144286722664984
0.032314473279917946
0.03248161353382071
0.03264582511039078
0.0328072188667304
0.032965899361205406
0.03312196528415206
0.033275509852842604
0.033426621174047766
0.03357538257719952
0.033721872920857265
0.03386616687489148
0.034008335180579635
0.03414844489056833
0.03428655959047973
0.03442273959865529
0.03455704218125393
0.03468952167643023
0.034820229708509544
0.034949215313033244
0.03507652508203693
0.035202203294207896
0.035326292035918916
0.03544883131384344
0.03556985915983427
0.03568941172864845
0.03580752338906883
0.035924226808931085
0.03603955303450202
0.03615353156462977
0.03626619042005261
0.0363775562082045
0.03648765418385265
0.036596508305851205
0.036704141290288844
0.036810574660265424
0.036915828792551716
0.03701992296131223
0.037122875379114115
0.03722470323538118
0.037325422732470144
0.03742504911951628
0.03752359672419569
0.03762107898253177
0.03771750846686719
0.03781289691211836
0.03790725524041325
0.038000593584211276
0.03809292130800202
0.03818424702865013
0.0382745786344933
0.038363923303234175
0.03845228751872742
0.038539677086696394
0.03862609714946283
0.038711552199736765
0.038796046093513836
0.03887958206214547
0.03896216272360921
0.039043790093046184
0.039124465592583355
0.03920419006050317
0.039282963759779445
0.03936078638602771
0.03943765707489745
0.03951357440894319
0.03958853642399842
0.039662540615090815
0.03973558394192049
0.03980766283392968
0.03987877319499556
0.03994891040776043
0.04001806933763971
0.04008624433651699
0.0401534292461544
0.04021961740134698
0.04028480163283622
0.040348974270003814
0.040412127143374915
0.04047425158694283
0.04053533844034398
0.04059537805089756
0.040654360275533145
0.04071227448262722
0.04076910955376781
0.04082485388546506
0.04087949539083745
0.04093302150127348
0.040985419168115766
0.04103667486436449
0.04108677458643279
0.04113570385596879
0.04118344772176916
0.0412299907617967
0.04127531708533399
0.04131941033527614
0.041362253690602056
0.0414038298690279
0.041444121129874036
0.041483109277159466
0.04152077566294389
0.04155710119094224
0.041592066320422914
0.04162565107041875
0.041657835024261625
0.04168859733446248
0.04171791672795686
0.041745771511732886
0.041772139578855574
0.041796998414912356
0.041820325104885904
0.041842096340477995
0.04186228842789552
0.04188087729611219
0.04189783850561868
0.041913147257674255
0.041926778404069
0.04193870645740583
0.04194890560190862
0.04195734970476514
0.04196401232800852
0.041968866740938575
0.04197188593308244
0.04197304262769901
0.04197230929581794
0.04196965817081216
0.04196506126348846
0.04195849037770286
0.041949917126462996
0.0419393129485284
0.04192664912547304
0.04191189679919335
0.041895026989848295
0.041876010614186304
0.04185481850425252
0.04183142142642319
0.04180579010074828
0.0417778952205554
0.041747707472276865
0.04171519755545672
0.0416803362028922
0.04164309420085337
0.04160344240934161
0.04156135178231947
0.041516793387858714
0.04146973842815535
0.04142015825933324
0.04136802441098898
0.04131330860540207
0.041255982776344145
0.041196019087424256
0.04113338994989287
0.04106806803983797
0.04100002631469971
0.0409292380290346
0.040855676749451286
0.040779316368652646
0.04070013111850786
0.04061809558208539
0.040533184704579235
0.040445373803055795
0.040354638574960064
0.04026095510531062
0.040164299872526905
0.040064649752825345
0.039961982023126806
0.03985627435437579
0.03974750469889379
0.039635651944373504
0.0395206945771921
0.03940261198385601
0.039281383818712504
0.03915699010976729
