45.82993458365295
45.200920036927315
44.61311097331907
44.061628540873215
43.54353975970515
43.055512383363116
42.59459890737843
42.158132421394455
41.743721653301684
41.349234347101735
40.97277557124593
40.61266454746195
40.26741194404967
39.93569857454107
39.616355929892194
39.30834864765699
39.01075889484424
38.722772519462175
38.443666835750946
38.17279985637126
37.90960081939452
37.65356185866808
37.404230676398434
37.16120409258099
36.92412236518702
36.69266418910755
36.466542281895364
36.24549949126633
36.02930535229426
35.817753047298666
35.610656712531295
35.40784905760681
35.20917925260399
35.01451105808031
34.8237211627661
34.63669770834138
34.45333898274004
34.273552258091435
34.09725275714592
33.92436273330818
33.754810657670646
33.58853049166681
33.42546104470858
33.26554539933991
33.10873040271218
32.95496621423701
32.80420590392732
32.65640509582052
32.511521652190325
32.36951539138695
32.230347841136634
32.09398201805543
31.960382233236523
31.829513920586592
31.70134348546584
31.575838171427105
31.452965942621493
31.332695382640992
31.214995603107408
31.099836165842216
30.98718701471952
30.877018416583038
30.769300910272854
30.66400526284991
30.56110243218859
30.46056353526761
30.36235982147067
30.266462650355017
30.172843473709857
30.08147381947538
29.992325281283453
29.90536950886907
29.820578200916195
29.737923101615813
29.65737599667314
29.578908710775515
29.502493110725077
29.428101102737482
29.355704637917192
29.28527571255856
29.216786372514328
29.150208718058806
29.08551490745932
29.022677162157592
28.961667771942604
28.90245910064915
28.845023590656634
28.78933376944781
28.735362254886738
28.68308176079448
28.63246510248577
28.58348520219537
28.536115094417475
28.49032793107336
28.44609698654017
28.40339566249308
28.36219749256575
28.322476146800348
28.284205435891646
28.247359315213366
28.211911888628233
28.17783741182257
28.1451102963951
28.113705112251733
28.083596590753032
28.054759627408227
28.027169284330046
28.00080079249185
27.97562955376316
27.951631142740325
27.928781308380817
27.907055975441132
27.88643124572139
27.866883399141717
27.848388894623856
27.83092437101316
27.81446664706606
27.79899272244589
27.784479777791592
27.770905174839132
27.75824645642
27.746481346324714
27.73558774906602
27.725543749512735
27.716327612432252
27.707917781939933
27.700292880846472
27.693431709940725
27.68731324718133
27.681916646826924
27.677221238501897
27.673206526210897
27.669852187296254
27.699076261635565
27.729900289969468
27.762132432111354
27.795595893085267
27.830127760531763
27.865577931255253
27.901808120376735
27.938690946903517
27.97610908989546
28.01395450976169
28.052127729634705
28.090537172196598
28.129098547074353
28.16773428589284
28.206373020141598
28.244949099046462
28.283402144193154
28.321676638045265
28.35972154371181
28.397489953562168
28.434938764467706
28.472028377633748
28.508722421160297
28.54498749361347
28.580792927029645
28.61611056790249
28.650914574813182
28.685181231481078
28.71888877408883
28.752017231840348
28.78454827978863
28.816465103026427
28.847752271426213
28.878395624155175
28.90838216326237
28.93769995567643
28.96633804300849
28.994286358594653
29.02153565125242
29.04807741521272
29.073903826050074
29.09900768163224
29.12338234826614
29.147021711390735
29.169920130536372
29.192072398239095
29.213473702619037
29.234119593349163
29.254005950764604
29.27312896535997
29.291485089690156
29.309071038727662
29.325883755010555
29.34192041007662
29.35717836785493
29.37165517689284
29.385348557406722
29.398256389876646
29.410376705064255
29.421707675347264
29.432247607270586
29.441994935228
29.450948216195926
29.45910612545695
29.46646745326608
29.473031102437176
29.47879608686242
