5.949607282022365
5.946629230024047
5.943654282525656
5.940682442004435
5.937713710932636
5.934748091777234
5.931785586999662
5.928826199055548
5.925869930394455
5.922916783459616
5.919966760687671
5.917019864508399
5.914076097344456
5.9111354616111
5.908197959715928
5.9052635940586
5.902332367030567
5.899404281014798
5.896479338385497
5.893557541507831
5.890638892737644
5.887723394421174
5.884811048894768
5.881901858484593
5.878995825506341
5.876092952264944
5.873193241054268
5.870296694156819
5.8674033138434405
5.864513102373008
5.861626061992122
5.858742194934793
5.855861503422135
5.852983989662043
5.8501096558488745
5.847238504163128
5.844370536771114
5.84150575582463
5.838644163460623
5.835785761800859
5.832930552951581
5.830078539003169
5.827229722029795
5.824384104089076
5.821541687221722
5.818702473451184
5.815866464783297
5.813033663205919
5.810204070688573
5.807377689182078
5.804554520618187
5.8017345669092135
5.79891782994766
5.796104311605847
5.793294013735532
5.790486938167539
5.787683086711372
5.784882461154836
5.782085063263657
5.779290894781095
5.7764999574275615
5.773712252900232
5.770927782872662
5.7681465489944
5.7653685528906005
5.76259379616164
5.759822280382728
5.7570540071035285
5.754288977847769
5.751527194112863
5.74876865736953
5.746013369061413
5.74326133060471
5.740512543387795
5.7377670087708506
5.735024728085502
5.732285702634457
5.729549933691146
5.72681742249937
5.724088170272956
5.721362178195412
5.718639447419596
5.715919979067386
5.713203774229357
5.710490833964472
5.707781159299772
5.705074751230086
5.702371610717738
5.699671738692273
5.696975136050189
5.694281803654681
5.691591742335396
5.6889049528881985
5.686221436074953
5.683541192623312
5.680864223226525
5.678190528543254
5.6755201091974135
5.67285296577801
5.670189098839014
5.667528508899234
5.664871196442215
5.6622171619161525
5.659566405733817
5.656918928272506
5.654274729874007
5.651633810844579
5.648996171454959
5.646361811940375
5.643730732500593
5.6411029332999725
5.638478414467544
5.635857176097108
5.633239218247356
5.630624540942003
5.628013144169951
5.625405027885463
5.622800192008363
5.620198636424254
5.6176003609847545
5.615005365507758
5.61241364977771
5.609825213545901
5.607240056530786
5.604658178418318
5.602079578862297
5.5995042574847425
5.596932213876283
5.594363447596556
5.591797958174631
5.589235745109447
5.586676807870263
5.584121145897121
5.581568758601331
5.5790196453659595
5.57647381038778
5.573931252919694
5.571391972173669
5.56885596732297
5.566323237503959
5.563793781817647
5.561267599331082
5.5587446890786305
5.556225050063167
5.553708681257204
5.551195581603972
5.5486857500184605
5.546179185388421
5.543675886575334
5.541175852415354
5.5386790817202085
5.53618557327808
5.533695325854449
5.531208338192908
5.528724609015941
5.526244137025672
5.523766920904577
5.521292959316166
5.518822250905624
5.5163547943004225
5.513890588110887
5.511429630930735
5.508971921337571
5.506517457893348
5.504066239144784
5.501618263623744
5.499173529918375
5.49673203668914
5.494293782582258
5.491858766229928
5.489426986250499
5.486998441248626
5.484573129815373
5.482151050528267
5.479732201951311
5.477316582634939
5.4749041911159155
5.472495025917175
5.4700890855475865
5.467686368501644
5.465286873259066
5.46289059828429
5.460497542025856
5.458107702915642
5.455721079367942
5.453337669778345
5.450957472522378
5.448580485953861
5.4462067084029036
5.443836138173459
5.441468773540311
5.43910461274535
5.4367436539928935
5.434385895443786
5.432031335207817
5.42967997133386
5.427331801796769
5.424986824479627
5.422645037149004
5.420306437419331
