0.0002262845816874232
0.0002726832886897315
0.0002734487973194144
0.00027308381710917175
0.00027378918774136437
0.00027490666410283766
0.0002760857583236483
0.000277176542327777
0.0002781313759282015
0.0002789461852059673
0.0002796326759431677
0.0002802057792642362
0.00028067890012375925
0.0002810625683443275
0.0002813644573994723
0.00028158986073934867
0.00028174224736742236
0.0002818237583089155
0.0002818356078784437
0.00028177839140385773
0.00028165232909675
0.00028145742245832265
0.00028119360717366427
0.00028086084485422924
0.00028045920409999184
