4.36836
3.4450754663943512
3.5041237857199343
3.5592382637758266
3.6115267491507996
3.661345903522002
3.7088731627848577
3.7542398494167473
3.797561119499491
3.838942968438919
3.878484153008371
3.9162769783420353
3.9524078183820874
3.986957558505721
4.0200020003150945
4.051612236860967
4.081855000351908
4.110792983528445
4.13848513598906
4.164986936940152
4.190350645951555
4.214625533331216
4.237858091707913
4.260092230349806
4.2813694536638085
4.3017290252267015
4.321208118599617
4.339841956079008
4.357663936441126
4.3747057526456
4.390997500378109
4.406567778232936
4.421443780262423
4.435651381553868
4.4492152174327995
4.462158756836027
4.4745043703476926
4.48627339334535
4.4974861846623115
4.508162181134741
4.5183199483685215
4.5279772280303545
4.537150981940067
4.545857433216284
4.554112104705323
4.561929854902541
4.569324911557595
4.576310903138027
4.582900888310794
4.589107383587907
4.5949423892696615
4.600417413808278
4.605543496704125
4.610331230037968
4.6147907787339415
4.618931899640519
4.622763959509864
4.626295951949388
4.629536513413914
4.632493938301256
4.635176193209484
4.637590930409502
4.639745500582784
4.641646964870246
4.64330210627491
4.644717440458007
4.645899225965067
4.646853473916302
4.647585957192823
4.648102219148265
4.648407581873177
4.64850715403787
4.6484058383374265
4.648108338561162
4.647619166307328
4.646942647362438
4.646082927763282
4.6450439795587055
4.64382960628695
4.642443448183543
4.640888987133548
4.639169551381491
4.637288320011104
4.63524832720646
4.63305246630556
4.630703493656463
4.628204032285612
4.625556575387645
4.6227634896451475
4.619827018386576
4.616749284590001
4.613532293740059
4.610177936544952
4.606687991520229
4.603064127445429
4.599307905699756
4.595420782482355
4.59140411092276
4.5872591430865866
4.58298703188178
4.578588832869895
4.574065505987331
4.569417917180976
4.56464683996259
4.559752956886172
4.554736860952502
4.549599056944897
4.544339962700085
4.53895991031821
4.533459147315723
4.527837837724979
4.522096063144372
4.5162338237427715
4.510251039221948
4.504147549740827
4.497923116805329
4.491577424127694
4.485110078458952
4.478520610398744
4.471808475186188
4.464973053476066
4.458013652104286
4.450929504847035
4.44371977317777
4.436383547026663
4.4289198455469725
4.421327617893104
4.41360574401518
4.405753035475203
4.397768236289817
4.389650023805235
4.381397009609697
4.373007740489096
4.364480699431952
4.355814306689443
4.3470069208971145
4.338056840264534
4.328962303839832
4.31972149285576
4.310332532164703
4.300793491769814
4.291102388459856
4.281257187555662
4.271255804775955
4.261096108230987
4.250775920552079
4.240293021165925
4.229645148722001
4.218830003682299
4.207845251082072
4.196688523470898
4.185357424043042
4.173849529966507
4.162162395919848
4.150293557846066
4.138240536932646
4.126000843826763
4.113571983094644
4.1009514579334985
4.088136775144543
4.075125450375141
4.061915013637436
4.048503015110814
4.0348870312344385
4.021064671095853
4.007033583120561
3.9927914620667866
3.978336056328504
3.9636651755489964
3.9487766985455046
3.9336685815446812
3.9183388667268013
3.9027856910751586
3.887007295525325
3.8710020344071174
3.854768385169953
3.838304958380425
3.8216105079781926
3.8046839417742904
3.7875243321730894
3.7701309270965777
3.7525031610867616
3.7346406665591845
3.7165432851773006
3.698211079314631
3.6796443435681048
3.6608436162831492
3.6418096910474875
3.6225436281074885
3.603046765657775
3.583320730951346
3.5633674511746443
3.543189249968879
3.52278851646433
3.502168126583229
3.4813315004699286
3.460282120215357
3.439023920492554
3.4175611999027593
3.3958986278561265
