0.0716283721852899
0.07168421008063683
0.0717737215214862
0.07189436702899027
0.07204386384709817
0.07222013764490014
0.07242129029686767
0.07264557630833814
0.07289138439947415
0.07315722250604124
0.07344170524897635
0.07374354330315988
0.07406153428844948
0.07439455491244966
0.07474155415881115
0.07510154735722406
0.0754736110012894
0.07585687820294706
0.07625053468970099
0.0766538152650082
0.07706600066381755
0.07748641474495938
0.07791442197032127
0.07834942512779504
0.07879086326106532
0.07923820977459696
0.07969097068679168
0.08014868300829585
0.08061091322584703
0.08107725587629014
0.08154733219545911
0.08202078883190998
0.08249729661600555
0.08297654937698076
0.08345826280216694
0.08394217333387889
0.0844280371005906
0.08491562887996652
0.08540474109209152
0.08589518282187313
0.08638677887008916
0.08687936883293905
0.08737280621024116
0.08786695754261496
0.08836170157810837
0.08885692846878901
0.08935253899782365
0.08984844383753204
0.09034456283883024
0.09084082435237988
0.09133716458164431
0.0918335269679219
0.09232986160729116
0.092826124699263
0.09332227802679784
0.09381828846721321
0.09431412753338202
0.09480977094450606
0.09530519822564522
0.09580039233509034
0.09629533931858796
0.09679002798935928
0.09728444963280157
0.09777859773472035
0.09827246773191149
0.09876605678389604
0.09925936356460442
0.09975238807281007
0.10024513146012558
0.10073759587539514
0.10122978432434378
0.1017217005433784
0.10221334888647315
0.10270473422411444
0.10319586185332638
0.10368673741784522
0.10417736683756158
0.10466775624639887
0.10515791193784749
0.10564784031742548
0.10613754786138564
0.10662704108103853
0.10711632649210791
0.10760541058858172
0.1080942998205647
0.10858300057568204
0.10907151916362184
0.10955986180344289
0.11004803461330855
0.11053604360234147
0.11102389466432333
0.11151159357299341
0.1119991459787251
0.11248655740638355
0.112973833254191
0.11346097879344405
0.11394799916894814
0.11443489940004864
0.11492168438215453
0.11540835888866348
0.11589492757320856
0.1163813949721592
0.11686776550731633
0.11735404349176959
0.11784023312022628
0.11832633849184901
0.11881236359938274
0.1192983123358857
0.11978418849776515
0.12026999578778509
0.12075573781803056
0.12124141811281715
0.12172704011153716
0.12221260717143555
0.12269812257031076
0.12318358950913694
0.12366901111460502
0.1241543904415819
0.1246397304754869
0.12512503413458595
0.12561030427220432
0.1260955436788591
0.1265807550843134
0.1270659411595534
0.12755110451869148
0.12803624772079658
0.12852137327165472
0.1290064836254619
0.12949158118645201
0.12997666831046167
0.1304617473064349
0.1309468204378696
0.1314318899242085
0.13191695794217653
0.13240202662706677
0.1328870980739772
0.13337217433900045
0.13385725744036805
0.13434234935955155
0.13482745204232174
0.1353125673997685
0.1357976973092818
0.1362828436154967
0.13676800813120285
0.13725319263822044
0.13773839888824363
0.13822362860365328
0.13870888347829974
0.13919416517825717
0.1396794753425503
0.14016481558385482
0.14065018748917296
0.14113559262048417
0.14162103251537272
0.142106508687633
0.14259202262785292
0.14307757580397676
0.14356316966184826
0.14404880562573422
0.14453448509882955
0.145020209463745
0.14550598008297758
0.14599179829936412
0.1464776654365198
0.14696358279926056
0.1474495516740115
0.1479355733292006
0.1484216490156392
0.1489077799668891
0.14939396739961708
0.14988021251393718
0.15036651649374114
0.15085288050701778
0.1513393057061612
0.15182579322826828
0.15231234419542644
0.15279895971499124
0.153285640879855
0.15377238876870533
0.1542592044462762
0.15474608896358927
0.15523304335818786
0.15572006865436266
0.15620716586337005
0.15669433598364257
0.15718158000099317
0.15766889888881155
0.15815629360825495
0.15864376510843156
0.15913131432657887
0.1596189421882348
0.16010664960740437
0.16059443748671998
0.16108230671759688
0.16157025818038287
0.16205829274450384
0.16254641126860384
0.16303461460068083
0.16352290357821797
0.16401127902831056
