25032.96
26972.03461721817
27140.91806499112
27307.591861910103
27471.922941169803
27634.07105614315
27794.241299700083
27952.63269841922
28109.42891612483
28264.797848524617
28418.892944194027
28571.854723160446
28723.81218398199
28874.88405246798
29025.179879696447
29174.801006525915
29323.84141178346
29472.38845946127
29620.52355823541
29768.322744786918
29915.857200802064
30063.19371215094
30210.395077561447
30357.520473094137
30504.625777859597
30651.763865682704
30798.984866783587
30946.336403008943
31093.863799679217
31241.610276724125
31389.617121434618
31537.92384486611
31686.56832367491
31835.586928949808
31985.014643411992
32134.885168191675
32285.23102024718
32436.083621368478
32587.473379597683
32739.429763806278
32891.98137208402
33045.15599452345
33198.98066006317
33353.481743871496
33508.684907556264
33664.61525291078
33821.29730906088
33978.75508166843
34137.012088312935
34296.09139117447
34456.015627232264
34616.807036176346
34778.487486206024
34941.078497875285
35104.60126612797
35269.07668065258
35434.525344674395
35600.96759229031
35768.42350444364
35936.912923625605
36106.45546738236
36277.07054070019
36448.77734733233
36621.594900128206
36795.54203041684
36970.637396494196
37146.89949125744
37324.34664902644
37502.99705158783
37682.86873349501
37863.97958665288
38046.34736421347
38229.9896838072
38414.92403013027
38601.16775690821
38788.73808825236
38977.65211942416
39167.92681702256
39359.5790186046
39552.6254317519
39747.08263259089
39942.967063776414
40140.295031945454
40339.08270464738
40539.34610675657
40741.10111637169
40944.36346020718
41149.148708478715
41355.472269287915
41563.34938250752
41772.79511317099
41983.82434436784
42196.45176964816
42410.691884937434
42626.5589799651
42844.06712920885
43063.23018235698
43284.061754293354
43506.57521460622
43730.783676627274
43956.699986003674
44184.33670880898
44413.706119199225
44644.82018662077
44877.690562577576
45112.32856696729
45348.74517399601
45586.95099768332
45826.95627697014
46068.77086044385
46312.404190696696
46557.865288335124
46805.16273565922
47054.30466003485
47305.29871697983
47558.15207299272
47812.87138815026
48069.462798504646
48327.93189831376
48588.28372214035
48850.52272685807
49114.65277360662
49380.677109739285
49648.598350811946
49918.41846266285
50190.13874363794
50463.75980701893
50739.281563714976
51016.703205282065
51296.023187338
51577.23921344479
51860.348219532854
52145.34635894596
52432.22898818886
52720.99065346404
53011.6250780856
53304.12515086432
53598.48291555857
53894.68956149105
54192.73541543352
54492.609934864144
54794.30170270521
55097.7984236517
55403.08692220272
55710.15314250941
56018.982150155076
56329.55813598414
56641.864422097045
56955.88347012839
57271.59689192469
57588.98546273918
57908.029137057674
58228.70706716806
58550.99762458324
58874.87842442637
59200.32635287687
59527.31759777983
59855.827682507486
60185.83150315988
60517.303369184745
60850.21704748389
61184.54581007254
61520.26248533906
61857.339512950326
62195.749002430595
62535.462795432424
62876.45253170422
63218.68971874559
63562.1458051249
63906.7922574223
64252.600640739256
64599.54270270341
64947.59046088027
65296.71629347953
65646.89303323287
65998.09406429555
66350.29342200627
66703.46589532238
67057.58713172365
67412.63374436209
67768.58342121217
68125.4150359596
68483.10876034273
68841.64617764777
69201.01039703406
69561.18616835211
69922.15999709918
70283.9202591381
70646.45731479305
71009.76362191871
71373.83384752797
71738.66497755024
72104.25642428115
72470.62070321561
72837.7406805783
73205.62533067899
73574.30429250123
73943.78056839826
74314.07020019792
74685.19230409706
