0.004386924680575593
0.00443113330454809
0.004439142639886426
0.004440240591922399
0.004439883401336578
0.004439240901122836
0.004438564756732896
0.004437907521325241
0.004437278652248065
0.004436678411827335
0.00443610522612896
0.0044355572701197075
0.0044350327972133416
0.004434530196911989
0.00443404799478427
0.004433584841334689
0.004433139499753103
0.004432710834566642
0.004432297801493721
0.004431899438440189
0.00443151485751463
0.004431143237940178
0.004430783819752602
0.004430435898188121
0.00443009881867675
0.0044297719723680766
0.004429454792125772
0.004429146748935434
0.00442884734867755
0.004428556129223433
0.004428272657817389
0.004427996528712983
0.004427727361035221
0.0044274647968439535
0.004427208499376823
0.004426958151452637
0.004426713454018332
0.004426474124824714
0.004426239897217786
0.004426010519034064
0.004425785751589554
0.004425565368753209
0.0044253491560967174
0.004425136910113383
0.004424928437499524
0.004424723554492691
0.004424522086261436
0.004424323866342023
0.00442412873611787
0.004423936544337996
0.00442374714667106
0.00442356040529197
0.004423376188498301
0.004423194370354028
0.004423014830358342
0.0044228374531374934
0.004422662128157817
0.00442248874945828
0.004422317215401006
0.004422147428438376
0.004421979294895481
0.004421812724766721
0.004421647631525556
0.004421483931946375
0.004421321545937665
0.004421160396385631
0.004421000409007557
0.004420841512214198
0.00442068363698061
0.004420526716724814
0.004420370687193807
0.004420215486356388
0.004420061054302379
0.004419907333147841
0.004419754266945856
0.004419601801602579
0.0044194498847982015
0.004419298465912526
0.004419147495954884
0.004418996927498136
0.00441884671461652
0.004418696812827102
0.004418547179034656
0.004418397771479752
0.0044182485496898965
0.004418099474433552
0.004417950507676863
0.004417801612542973
0.004417652753273794
0.004417503895194067
0.0044173550046776545
0.004417206049115905
0.004417056996888009
0.004416907817333267
0.004416758480725134
0.004416608958247003
0.0044164592219696226
0.004416309244830075
0.004416159000612258
0.004416008463928794
0.004415857610204299
0.004415706415659969
0.004415554857299413
0.00441540291289568
0.0044152505609794486
0.004415097780828299
0.004414944552457056
0.0044147908566091335
0.00441463667474885
0.004414481989054673
0.004414326782413359
0.004414171038414933
0.004414014741348504
0.004413857876198845
0.004413700428643729
0.00441354238505198
0.004413383732482196
0.004413224458682148
0.004413064552088758
0.004412904001828699
0.004412742797719539
0.004412580930271407
0.004412418390689164
0.00441225517087504
0.004412091263431704
0.00441192666166574
0.004411761359591505
0.0044115953519353315
0.004411428634140049
0.004411261202369781
0.004411093053515022
0.0044109241851979075
0.004410754595777706
0.004410584284356456
0.004410413250784749
0.004410241495667595
0.004410069020370372
0.004409895827024792
0.0044097219185348915
0.00440954729858297
0.004409371971635477
0.0044091959429488
0.004409019218574917
0.004408841805366885
0.004408663710984135
0.004408484943897526
0.004408305513394144
0.004408125429581789
0.004407944703393128
0.0044077633465894935
0.004407581371764258
0.004407398792345799
0.0044072156225999715
0.0044070318776320986
0.0044068475733884185
0.0044066627266569755
0.00440647735506791
0.004406291477093128
0.00440610511204531
0.004405918280076253
0.0044057310021744815
0.0044055433001621395
0.004405355196691112
0.00440516671523836
0.004404977880100453
0.004404788716387271
0.0044045992500148425
0.0044044095076973275
0.004404219516938107
0.004404029306019966
0.004403838903994365
0.004403648340669766
0.004403457646599039
0.004403266853065881
0.004403075992070304
0.00440288509631313
0.0044026941991795205
0.004402503334721524
0.004402312537639631
0.0044021218432633465
0.00440193128753078
0.00440174090696723
0.0044015507386628
0.0044013608202490085
0.004401171189874432
0.004400981886179352
0.0044007929482694375
0.004400604415688443
0.0044004163283899314
0.004400228726708054
0.00440004165132735
0.004399855143251585
0.004399669251654316
0.004399483995479438
0.004399299429178388
0.004399115612022243
0.0043989325655550025
0.004398750336320173
0.0043985689673614655
0.00439838850114614
