240647.19494400002
247793.64013126315
248321.03125945933
248845.981566441
249368.1196060804
249887.5880246919
250404.58140109785
250919.29457938354
251431.91712927126
251942.632921458
252451.6202685538
252959.0521271684
253465.0963050056
253969.91566653218
254473.66833629058
254976.50789960433
255478.5836004754
255980.04053655904
256481.01985109664
256981.65892171956
257482.09154607131
257982.4481241879
258482.85583762123
258983.43882528253
259484.31835601243
259985.61299787718
260487.43878421836
260989.90937647602
261493.13622381585
261997.22871959666
262502.2943547182
263008.43886787636
263515.7663927845
264024.3796023802
264534.3798500614
265045.86730798625
265558.94110245816
266073.6994464297
266590.2397691273
267108.6588428211
267629.0529067355
268151.51778809115
268676.1490202697
269203.04195806716
269732.29189000657
270263.99414765235
270798.2442118757
271335.1378159898
271874.7710456694
272417.2404355566
272962.64306243375
273511.0766348382
274062.6395789646
274617.43112070975
275175.55136366305
275737.1013628638
276302.1831941178
276870.9000186354
277443.35614275996
278019.6570725304
278599.90956279216
279184.22166058415
279772.70274248964
280365.4635456169
280962.6161919317
281564.274205469
282170.5525223113
282781.5674926204
283397.4368746718
284018.2798203035
284644.2168514633
285275.3698274438
285911.8619023965
286553.81747273833
287201.36211404164
287854.6225070193
288513.7263522137
289178.80227301567
289849.9797066562
290527.38878280914
291211.1601895017
291901.42502601334
292598.31464249943
293301.96046609344
294012.49381329305
294730.0456884496
295454.74656826234
296186.7261721849
296926.11321875243
297673.0351678496
298427.61794903746
299189.9856761051
299960.2603480909
300738.56153709313
301525.0060632557
302319.7076574276
303122.7766120406
303934.31942087883
304754.4384084665
305583.2313499337
306420.79108228075
307267.20510807674
308122.55519272597
308986.91695652006
309860.3594628054
310742.9448036777
311634.72768470837
312535.75501031807
313446.06547144917
314365.6891373383
315294.6470531891
316232.95084567554
317180.602338228
318137.59317811707
319103.90447739937
320079.5064697972
321064.35818563745
322058.4241412216
323061.6061507597
324073.84481015557
325095.0515200535
326125.12519656133
327163.95209818956
328211.4056849688
329267.346511544
330331.6221558841
331404.06718514144
332484.5031600253
333572.7386789174
334668.5694627597
335771.77848157665
336882.1361232807
337999.4004051996
339123.3172285443
340253.6206757941
345844.24856374314
350647.5553262313
355197.9098041664
359533.64606077195
363686.07864931365
367681.04206977616
371539.97945494024
375280.7777808873
378918.4211162735
382465.5070679697
385932.6588216145
389328.8566716135
392661.7068853673
395937.6613635053
399162.19834656775
402339.97204216634
405474.9372716922
408570.45389805635
411629.37477958313
414654.1202167452
417646.7412577692
420608.9737624806
423542.2847586997
426447.9123383557
429326.90011314215
432180.1270688226
435008.3335127728
437812.1436934976
440592.08557748975
443348.6081936094
446082.096894306
448811.8874212549
451542.519985722
454250.5069461866
456936.0489090806
459599.342512019
462240.58448086504
464859.9866869433
467457.7768959362
470034.2074709705
472589.56214743305
475124.1629328994
477638.377344042
480132.6262251646
482607.3924388706
485063.23078214756
487500.7795669716
489920.77442168485
492324.0650300662
494711.6357472283
497084.63134093274
499444.38954400155
501792.48272750154
504130.77190971444
506461.47765016335
508787.2743817341
511111.417804992
513437.9197858975
515771.792953007
518119.40004902787
520488.9651470373
522891.34318435664
525341.2177445042
527859.041961514
530474.3429467248
