274546.39464
695307.6959586251
698201.0886281236
701016.0709272599
703759.0078936007
706430.1372617602
709030.0347188092
711559.7356144063
714020.6855255692
716414.6844855198
718743.8210887682
721010.4576795609
723217.1174519355
725366.4765316771
727461.3095256174
729504.4481507102
731498.74627507
733447.0487015533
735352.1646619199
737216.8456237565
739043.7671219122
740835.5142791744
742594.5706548638
744323.3100504187
746023.9909053695
747698.7529305015
749349.6156456515
750978.478515202
752587.1224013267
754177.2120845921
755750.2996298309
757307.8284032478
758851.1375723847
760381.46694583
761899.9620305978
763407.6792059478
764905.5909295803
766394.5909080323
767875.4991768841
769349.0670472729
770815.9818865492
772276.8717082422
773732.3095543946
775182.817658978
776628.8713862493
778070.9029415223
779509.304855602
780944.4332462008
782376.6108620489
783806.1299166718
785233.2547199781
786658.2241168702
788081.2537420728
789502.5381013543
790922.2524887313
792340.5547496353
793757.5869002448
795173.4766115545
796588.3385685156
798002.2757121731
799415.3803739481
800827.7353095841
802239.4146411462
803650.48471319
805061.0048712355
806471.0281675352
807880.6020012915
809289.768698113
810698.5660338536
812107.0277084317
813515.18377291
814923.0610149667
816330.6833058317
817738.0719125208
819145.2457787308
820552.2217765974
821959.0149330777
823365.6386325798
824772.1047984522
826178.424055453
827584.605874653
828990.658703367
830396.5900805566
831802.4067399175
833208.1147016779
834613.7193543303
836019.2255271709
837424.6375547317
838829.9593341254
840235.194375679
841640.3458479897
843045.4166176437
851590.5653954517
852925.7156825444
854263.8478721539
855604.142599894
856946.0224883631
858289.080372806
859633.0289349329
860977.6652932371
862322.8460816751
863668.4698970513
865014.4649301746
866360.7802460729
867707.379635596
869054.2372790821
870401.3346876167
871748.6585453486
873096.1991873678
874443.9495256887
875791.9042915456
877140.0595008121
878488.4120768888
879836.9595844105
881185.7000415127
882534.6317874553
883883.7533888638
885233.0635740405
886582.5611861801
887932.2451506801
889282.114451875
890632.1681166732
891982.4052030774
893332.8247920019
894683.4259814629
896034.2078826391
897385.1696168943
898736.3103138602
900087.6291098257
901439.1251469891
902790.7975724695
904142.6455380245
905494.6681995523
906846.8647168629
908199.2342535924
909551.7759768529
910904.4890573886
912257.3726694059
913610.4259904225
914963.6482013983
916317.0384865417
917670.5960335706
919024.3200332678
920378.2096798334
921732.2641706943
923086.4827065688
924440.8644913571
925795.4087322819
927150.1146397815
928504.9814274624
929860.0083122369
931215.1945141489
932570.5392565272
933926.0417657299
935281.7012714995
936637.517006678
937993.4882072442
939349.6141123854
940705.8939644225
942062.3270088461
943418.9124942604
944775.6496724075
946132.5377982565
947489.5761297109
948846.7639279343
950204.1004570734
951561.58498454
952919.2167806667
954276.9951189652
955634.9192759518
956992.9885312679
958351.202167531
959709.5594705126
961068.0597289655
962426.7022346382
963785.4862823873
965144.4111700245
966503.4761984055
967862.680671312
969222.023895577
970581.5051810656
971941.1238405205
973300.8791896957
974660.7705472914
976020.7972349781
977380.9585773922
978741.2539019863
980101.682539241
981462.2438226049
982822.9370882728
984183.7616754223
985544.7169262008
986905.8021854872
988267.0168011381
989628.3601238986
990989.831507209
992351.4303075647
993713.1558841532
995075.0075990922
996436.984817255
