0.00499265930417
0.004842003728684815
0.0047084147532362826
0.004590597716549068
0.0044873659861523986
0.004397586472537473
0.004320173187271679
0.004254088531813114
0.004198345978601605
0.00415201279920836
0.004114212329153374
0.004084125495549199
0.004060991473748495
0.004044107446441794
0.0040328275186878575
0.004026560895796951
0.004024769460767552
0.0040269648984572245
0.00403270550987255
0.004041592846813115
0.004053268278628208
0.004067409582319327
0.0040837276268412635
0.004101963203709874
0.004121884039654629
0.004143282013430837
0.004165970587932788
0.004189782460313575
0.004214567426487817
0.004240190451920684
0.004266529938395787
0.004293476171615906
0.004320929939630348
0.004348801304706128
0.004377008516346106
0.004405477051916702
0.004434138772937578
0.004462931183615648
0.004491796782811298
0.004520682498445794
0.004549539195612462
0.004578321250222759
0.004606986180843726
0.004635494332072066
0.00466380860349036
0.004691894218755506
0.004719718530498567
0.004747250855059669
0.004774462335803423
0.004801325829066691
0.004827815810794848
0.004853908300132377
0.00487958079912474
0.004904812243487915
0.004929582952066955
0.004953874646686883
0.004977670355859273
0.005000954445290775
0.00502371259201717
0.005045931773032656
0.005067600255406397
0.005088707586924363
0.005109244586439309
0.005129203333213411
0.005148577154667016
0.005167360612047553
0.005185549483635821
0.005203140745195881
0.005220132547475671
0.005236524190628284
0.005252316095517007
0.005267509771917082
0.005282107783700307
0.00529611371113428
0.005309532110479631
0.005322368471098835
0.0053346291703330285
0.0053463214264226925
0.00535745324976615
0.005368033392826829
0.005378071299006183
0.005387577050800594
0.005396561317559611
0.0054050353031542715
0.005413010693856281
0.005420499606711512
0.0054275145386778805
0.005434068316785519
0.005440174049526229
0.005445845069499271
0.005451094928658215
0.005455937293710159
0.005460385944592966
0.005464454724951107
0.005468157504488909
0.005471508143621061
0.005474520460406461
0.005477208199792096
0.005479585005178689
0.005481398298958329
0.005482596828872386
0.005483204939952408
0.0054832463185879214
0.005482744033442397
0.005481720556523429
0.005480197777632996
0.005478197015844925
0.0054757390304560226
0.005472844021776776
0.005469531647282221
0.00546582102069196
0.0054617307185143614
0.005457278784767817
0.0054524827356550246
0.005447359564350576
0.005441925746018181
0.005436197243153392
0.005430189511306963
0.005423917505230882
0.005417395685470743
0.005410638025407979
0.005403658018746903
0.005396468687432453
0.005389082589973368
0.005381511830146064
0.005373768066042939
0.005365862519432315
0.005357805985391575
0.005349608842176941
0.005341281061291363
0.005332832217710006
0.005324271500233729
0.005315607721927031
0.005306849330613208
0.005298004419391604
0.005289080737147465
0.005280085699027697
0.005271026396854378
0.005261909609456132
0.005252741812892411
0.005243529190552886
0.005234277643113466
0.005224992798334748
0.005215680020688164
0.00520634442079845
0.0051969908646923866
0.005187623982843146
0.005178248179006831
0.0051688676388416495
0.005159486338307196
0.0051501080518388375
0.005140736360296651
0.005131374658687195
0.005122026163655027
0.005112693920747757
0.005103380811453788
0.005094089560014088
0.005084822740010926
0.005075582780736779
0.005066371973344927
0.005057192476785924
0.005048046323535949
0.005038935425117134
0.0050298615774179494
0.005020826465815633
0.005011831670108153
0.005002878669256859
0.004993968845948749
0.004985103490980505
0.004976283807471004
0.004967510914906485
0.0049587858530242045
0.004950109585538617
0.004941483003716546
0.0049329069298056985
0.004924382120320795
0.004915909269193151
0.0049074890107878985
0.004899121922794198
0.004890808528992058
0.004882549301901727
0.004874344665318451
0.004866194996737261
0.004858100629673603
0.004850061855881106
0.004842078927473313
0.00483415205895081
0.0048262814291388624
0.004818467183038758
0.004810709433596132
0.004803008263390254
0.004795363726246623
0.004787775848777431
0.004780244631850877
0.004772770051993863
0.0047653520627310994
0.004757990595861486
0.004750685562676869
0.004743436855123369
0.00473624434690902
