0.0002914466865158437
0.00029166745481272265
0.0002918864361878457
0.00029210363076081575
0.0002923208374761815
0.00029253812704522206
0.0002927555204332833
0.00029297303353973677
0.0002931906790920972
0.0002934084672803714
0.0002936264076931357
0.00029384450380935765
0.0002940627622775429
0.0002942811870959071
0.0002944997813567497
0.0002947185474116461
0.00029493748700752393
0.0002951566013985322
0.00029537589143868915
0.00029559535765880714
0.0002958150003305154
0.00029603481951960504
0.0002962548151304866
0.0002964749869432004
0.0002966953346441604
0.00029691585785160255
0.00029713655613656636
0.0002973574290400719
0.00029757847608709233
0.00029779969679780767
0.00029802109069656027
0.0002982426573188818
0.0002984643962168974
0.0002986863069633785
0.0002989083891546759
0.0002991306424127179
0.00029935306638625574
0.0002995756607514934
0.00029979842521221976
0.0003000213594995471
0.00030024446337135384
0.000300467736611481
0.0003006911790287622
0.0003009147904559318
0.00030113857074844346
0.000301362519783245
0.0003015866374575271
0.00030181092368747466
0.0003020353784070275
0.000302260001566676
0.00030248479313229026
0.00030270975308399763
0.00030293488141511053
0.00030316017813111074
0.00030338564324868233
0.0003036112767948116
0.0003038370788059355
0.00030406304932714765
0.0003042891884114652
0.0003045154961191376
0.0003047419725170137
0.00030496861767795574
0.0003051954316802926
0.0003054224146073281
0.0003056495665468766
0.0003058768875908477
0.00030610437783486005
0.00030633203737788863
0.0003065598663219451
0.0003067878647717862
0.0003070160328346463
0.00030724437061999826
0.0003074728782393311
0.0003077015558059527
0.00030793040343480893
0.00030815942124232316
0.0003083886093462479
0.00030861796786553144
0.00030884749692020107
0.0003090771966312528
0.00030930706712055725
0.00030953710851077136
0.00030976732092526235
0.00030999770448803633
0.0003102282593236779
0.00031045898555729273
0.0003106898833144587
0.0003109209527211811
0.0003111521939038562
0.00031138360698923
0.00031161519210437327
0.00031184694937665136
0.0003120856807078267
0.000312315776721825
0.0003125466465741917
0.00031277811188895306
0.0003130100473750375
0.00031324236499299463
0.0003134750028691324
0.0003137079175195803
0.00031394107839056746
0.0003141744640223113
0.00031440805935234277
0.00031464185381916825
0.00031487584002839694
0.0003151100128143487
0.0003153443685797959
0.0003155789048313561
0.000315813619852548
0.00031604851247370446
0.00031628358191003843
0.000316518827647686
0.0003167542493634905
0.00031698984686855575
0.00031722562006850964
0.00031746156893554283
0.00031769769348872145
0.00031793399378013886
0.00031817046988515905
0.00031840712189555923
0.0003186439499146933
0.0003188809540540985
0.00031911813443109214
0.00031935549116709957
0.0003195930243864578
0.000319830734215586
0.00032006862078239956
0.0003203066842158921
0.0003205449246458464
0.00032078334220263135
0.0003210219370170565
0.00032126070922026907
0.00032149965894368477
0.0003217387863189375
0.00032197809147784044
0.0003222175745523682
0.0003224572356746318
0.0003226970749768715
0.00032293709259144566
0.0003231772886508262
0.00032341766328759244
0.00032365821663443055
0.00032389894882412927
0.0003241398599895807
0.0003243809502637768
0.0003246222197798117
0.000324863668670877
0.00032510529707026656
0.0003253471051113727
0.0003255890929276863
0.0003258312606528002
0.0003260736084204048
0.00032631613636428846
0.0003265588446183424
0.0003268017333165543
0.00032704480259301285
0.00032728805258190656
0.0003275314834175226
0.00032777509523424794
0.0003280188881665697
0.00032826286234907546
0.0003285070179164509
0.00032875135500348327
0.00032899587374506036
0.00032924057427616683
0.00032948545673189137
0.00032973052124742123
0.0003299757679580437
0.0003302211969991468
0.0003304668085062199
0.0003307126026148515
0.0003309585794607312
0.00033120473917965003
0.0003314510819074991
0.0003316976077802706
0.00033194431693405824
0.0003321912095050546
0.00033243828562955604
0.0003326855454439583
0.0003329329890847595
0.00033318061668855914
0.00033342842839205597
0.00033367642433205304
0.00033392460464545245
0.0003341729694692596
0.0003344215189405812
0.000334670253196626
0.0003349191723747037
0.0003351682766122264
0.00033541756604670757
0.000335667040815764
0.000335916701057114
0.00033616654690857815
0.0003364165785080782
0.0003366667959936404
0.00033691719950339145
0.00033716778917556206
0.0003374185651484841
0.0003376695275605951
0.00033792067655043006
