-8.498622231982896
-7.760152279054232
-7.569866925288028
-7.387408317567637
-7.212147229690466
-7.0435874360277335
-6.881283638037471
-6.7248286203495855
-6.573850323329519
-6.428010189392257
-6.2870014848172735
-6.150547398120083
-6.018398909055308
-5.8903324735570015
-5.766147589811911
-5.645664316374196
-5.528720810575372
-5.415170947156411
-5.3048820656603635
-5.197732882867561
-5.093611594498291
-4.99241417970899
-4.8940429128000185
-4.798405079339625
-4.7054118883884195
-4.614977568674934
-4.527018633952916
-4.441453301402651
-4.358201046262894
-4.277182269983358
-4.198318103272588
-4.121530233422126
-4.046740868903269
-3.9738727370304407
-3.902849134717292
-3.8335939997768964
-3.7660320584858993
-3.700088944350901
-3.6356913566533184
-3.5727672219256377
-3.5112458583956054
-3.4510581390615815
-3.392136649884031
-3.3344158401482904
-3.2778321627283473
-3.222324199381166
-3.1678327880765176
-3.1143011053342167
-3.0616747645017446
-3.0099018835978315
-2.958933142941943
-2.9087218158553854
-2.859223808782234
-2.8103976620409843
-2.762204612547428
-2.714608319888116
-2.6675752306303724
-2.6210742706476156
-2.5750768614683266
-2.529556858651488
-2.4844904810867328
-2.4398562321555737
-2.3956348137725474
-2.351809034101435
-2.3083637101864936
-2.2652855661852627
-2.222563128272139
-2.18018661706622
-2.138147838495607
-2.0964400739001827
-2.055057970178756
-2.0139974307358393
-1.9732555079112886
-1.9328302975513012
-1.8927208362913523
-1.8529270020906639
-1.81344941847743
-1.7742893629228063
-1.7354486796798994
-1.6969296973831787
-1.65873515164284
-1.6208681128010693
-1.5833319189854853
-1.5461301145239887
-1.5092663937599167
-1.4727445502801906
-1.4365684312857094
-1.40074189766634
-1.3652687886615333
-1.3301528890543068
-1.2953979087812342
-1.2610074710697077
-1.2269850693461528
-1.19333407794505
-1.1600577382530919
-1.1271591548639055
-1.0946412954948144
-1.0625069944301369
-1.0307589593048045
-1.0246470167209476
-1.0256368397035796
-1.02657771052572
-1.0274708712813279
-1.0283176200450328
-1.029119156242189
-1.029876699455694
-1.030591455948292
-1.0312646105797074
-1.0318973560589482
-1.0324908405832425
-1.0330462107303957
-1.0335645915507565
-1.0340470894420057
-1.0344947915032696
-1.0349087649635222
-1.0352900566845071
-1.0356396927378664
-1.0359586780513745
-1.0362479961239166
-1.0365086088069382
-1.0367414561472021
-1.0369474562882093
-1.0371275054274476
-1.037282477824567
-1.0374132258586681
-1.0375205801286878
-1.037605349595275
-1.0376683217599283
-1.0377102628780033
-1.0377319182027123
-1.037734012254679
-1.0377172491197755
-1.0376823127645143
-1.0376298673729696
-1.0375605576995675
-1.0374750094349598
-1.0373738295850856
-1.03725760685836
-1.0371269120627447
-1.036982298506987
-1.0368243024069832
-1.036653443294987
-1.0364702244304753
-1.0362751332108282
-1.0360686415817286
-1.0358512064455079
-1.0356232700656531
-1.0353852604699414
-1.035137591846833
-1.0348806649381785
-1.0346148674255657
-1.0343405743117677
-1.0340581482946556
-1.0337679401340167
-1.0334702890124283
-1.0331655228874614
-1.032853958836947
-1.0325359033959514
-1.0322116528865763
-1.031881493738821
-1.0315457028034742
-1.0312045476582494
-1.0308582869040386
-1.0305071704539337
-1.0301514398142342
-1.0297913283579379
-1.0294270615890122
-1.0290588574003372
-1.0286869263233445
-1.0283114717701365
-1.0279326902680983
-1.0275507716879935
-1.0271658994634363
-1.026778250805223
-1.026387996907596
-1.02599530314831
-1.0256003292819948
-1.0252032296276987
-1.0248041532494119
-1.024403244131459
-1.0240006413481109
-1.023596479226695
-1.0231908875050695
-1.0227839914858907
-1.022375912182767
-1.0219667664637953
-1.0215566671887994
-1.0211457233424908
-1.0207340401626508
-1.020321719264535
-1.019908858760582
-1.0194955533755574
-1.0190818945593374
-1.0186679705933859
-1.0182538666955254
-1.017839665120695
-1.0174254452570641
-1.0170112837209637
-1.0165972544460118
-1.0161834287710165
-8.498622231982896
-7.760152279054232
-7.569866925288028
-7.387408317567637
-7.212147229690466
-7.0435874360277335
-6.881283638037471
-6.7248286203495855
-6.573850323329519
-6.428010189392257
-6.2870014848172735
-6.150547398120083
-6.018398909055308
-5.8903324735570015
-5.766147589811911
-5.645664316374196
-5.528720810575372
-5.415170947156411
-5.3048820656603635
-5.197732882867561
-5.093611594498291
-4.99241417970899
-4.8940429128000185
-4.798405079339625
-4.7054118883884195
-4.614977568674934
-4.527018633952916
-4.441453301402651
-4.358201046262894
-4.277182269983358
-4.198318103272588
-4.121530233422126
-4.046740868903269
-3.9738727370304407
-3.902849134717292
-3.8335939997768964
-3.7660320584858993
-3.700088944350901
-3.6356913566533184
-3.5727672219256377
-3.5112458583956054
-3.4510581390615815
-3.392136649884031
-3.3344158401482904
-3.2778321627283473
-3.222324199381166
-3.1678327880765176
-3.1143011053342167
-3.0616747645017446
-3.0099018835978315
-2.958933142941943
-2.9087218158553854
-2.859223808782234
-2.8103976620409843
-2.762204612547428
-2.714608319888116
-2.6675752306303724
-2.6210742706476156
-2.5750768614683266
-2.529556858651488
-2.4844904810867328
-2.4398562321555737
-2.3956348137725474
-2.351809034101435
-2.3083637101864936
-2.2652855661852627
-2.222563128272139
-2.18018661706622
-2.138147838495607
-2.0964400739001827
-2.055057970178756
-2.0139974307358393
-1.9732555079112886
-1.9328302975513012
-1.8927208362913523
-1.8529270020906639
-1.81344941847743
-1.7742893629228063
-1.7354486796798994
-1.6969296973831787
-1.65873515164284
-1.6208681128010693
-1.5833319189854853
-1.5461301145239887
-1.5092663937599167
-1.4727445502801906
-1.4365684312857094
-1.40074189766634
-1.3652687886615333
-1.3301528890543068
-1.2953979087812342
-1.2610074710697077
-1.2269850693461528
-1.19333407794505
-1.1600577382530919
-1.1271591548639055
-1.0946412954948144
-1.0625069944301369
-1.0307589593048045
-1.0246470167209476
-1.0256368397035796
-1.02657771052572
-1.0274708712813279
-1.0283176200450328
-1.029119156242189
-1.029876699455694
-1.030591455948292
-1.0312646105797074
-1.0318973560589482
-1.0324908405832425
-1.0330462107303957
-1.0335645915507565
-1.0340470894420057
-1.0344947915032696
-1.0349087649635222
-1.0352900566845071
-1.0356396927378664
-1.0359586780513745
-1.0362479961239166
-1.0365086088069382
-1.0367414561472021
-1.0369474562882093
-1.0371275054274476
-1.037282477824567
-1.0374132258586681
-1.0375205801286878
-1.037605349595275
-1.0376683217599283
-1.0377102628780033
-1.0377319182027123
-1.037734012254679
-1.0377172491197755
-1.0376823127645143
-1.0376298673729696
-1.0375605576995675
-1.0374750094349598
-1.0373738295850856
-1.03725760685836
-1.0371269120627447
-1.036982298506987
-1.0368243024069832
-1.036653443294987
-1.0364702244304753
-1.0362751332108282
-1.0360686415817286
-1.0358512064455079
-1.0356232700656531
-1.0353852604699414
-1.035137591846833
-1.0348806649381785
-1.0346148674255657
-1.0343405743117677
-1.0340581482946556
-1.0337679401340167
-1.0334702890124283
-1.0331655228874614
-1.032853958836947
-1.0325359033959514
-1.0322116528865763
-1.031881493738821
-1.0315457028034742
-1.0312045476582494
-1.0308582869040386
-1.0305071704539337
-1.0301514398142342
-1.0297913283579379
-1.0294270615890122
-1.0290588574003372
-1.0286869263233445
-1.0283114717701365
-1.0279326902680983
-1.0275507716879935
-1.0271658994634363
-1.026778250805223
-1.026387996907596
-1.02599530314831
-1.0256003292819948
-1.0252032296276987
-1.0248041532494119
-1.024403244131459
-1.0240006413481109
-1.023596479226695
-1.0231908875050695
-1.0227839914858907
-1.022375912182767
-1.0219667664637953
-1.0215566671887994
-1.0211457233424908
-1.0207340401626508
-1.020321719264535
-1.019908858760582
-1.0194955533755574
-1.0190818945593374
-1.0186679705933859
-1.0182538666955254
-1.017839665120695
-1.0174254452570641
-1.0170112837209637
-1.0165972544460118
-1.0161834287710165
