0.02940521825568679
0.02892495457138818
0.02844027473555482
0.02795632893476705
0.027474643353524016
0.026996098369026073
0.026521434100539143
0.02605133512787027
0.025586442826557157
0.0251273557033493
0.024674628168635956
0.024228769528794224
0.023790243478750212
0.02335946810784842
0.02293681637947113
0.022522617031210432
0.02211715583757753
0.02172067717585222
0.021333385836525658
0.02095544902233553
0.020586998483719966
0.02022813274323967
0.019878919366794062
0.019539397244986313
0.01920957885353231
0.018889452466964135
0.018578984304910454
0.01827812059484727
0.017986789539344288
0.017704903179460784
0.017432359149067343
0.01716904231750538
0.01691482632017593
0.01666957497840975
0.016433143611358933
0.016205380243709336
0.015986126713788955
0.01577521968718203
0.01557249158129323
0.015377771406475267
0.015190885529369544
0.015011658364042243
0.014839912996348853
0.014675471746753299
0.014518156676577252
0.014367790042376595
0.014224194702848789
0.014087194482372115
0.013956614494977959
0.013832281432261603
0.01371402381845286
0.013601672235596407
0.01349505952153556
0.013394020943154556
0.013298394347111626
0.013208020290091453
0.013122742150417166
0.01304240622206369
0.012966861793547543
0.012895961219266712
0.012829559961083693
0.012767516635657322
0.01270969304320518
0.01265595418749033
0.012606168287116122
0.012560206778771062
0.012517944313125246
0.012479258744039844
0.012444031111701125
0.01241214562024454
0.012383489610391504
0.012357953527584113
0.012335430886067242
0.012315818224790614
0.01229901508077004
0.012284923922564873
0.012273450113332062
0.012264501858432966
0.012257990152965652
0.012253828727710218
0.012251933993678481
0.012252224985486178
0.012254623303796671
0.012259053056999713
0.012265440802345432
0.012273715486695242
0.012283808387053029
0.0122956530510245
0.012309185237340627
0.01232434285656727
0.012341065912116153
0.012359296441656951
0.012378978459023462
0.01240005789669583
0.01242248254893275
0.01244620201561814
0.012471167646879947
0.012497332488530521
0.012524651228371333
0.01255308014339862
0.012582577047940073
0.01261310124274757
0.012644613465065482
0.01267707583968954
0.012710451831027206
0.012744706196165826
0.012779804938951946
0.012815715265081868
0.012852405538200159
0.012889845237000746
0.012928004913322792
0.012966856151231299
0.01300637152707104
0.013046524570480665
0.01308728972635257
0.013128642317723224
0.01317055850957767
0.01321301527355128
0.01325599036667226
0.013299462254399617
0.013343410128372826
0.013387813851665053
0.013432653929946522
0.013477911481548756
0.01352356769154397
0.013569605691253235
0.01361600796134654
0.013662757736530163
0.013709838764156225
0.013757235244070342
0.013804931798471379
0.013852913446678338
0.01390116558116485
0.01394967394432896
0.013998425150679063
0.01404740464970544
0.01409659942057191
0.014145996435958506
0.014195582869032481
0.01424534611049082
0.014295273754966467
0.014345353583483017
0.014395573545842267
0.014445921743504342
0.014496386413040208
0.014546955910167298
0.014597618694369659
0.014648363314102667
0.014699178392583327
0.01475005261416687
0.014800974711310916
0.014851933452129196
0.014902917628535867
0.014953916044982918
0.015004917507792169
0.01505591081508391
0.01510688474730349
0.015157828058347814
0.015208729467292778
0.015259577650722216
0.015310361235659129
0.015361068793099073
0.015411688832144858
0.015462209794741383
0.015512620051008832
0.015562907895171143
0.015613061542076695
0.01566306912430658
0.01571291868986544
0.015762598200448615
0.01581209553027901
0.015861398465505078
0.015910494704151592
0.015959371856613006
0.0160080174466788
0.016056418913078747
0.01610456361153552
0.016152438817314093
0.016200031728234945
0.01624732946818319
0.016294358295336913
0.01634102454151949
0.016387358060128022
0.016433344487262604
0.01647897045450798
0.01652422270996354
0.016569087987916734
0.016613552994890615
0.016657604413413178
0.01670122890867225
0.016744413135813967
0.016787143747529237
0.01682940740185664
0.01687119077017198
0.01691248054534158
0.016953263450017082
0.016993526245050343
0.017033255738006563
0.01707243879175456
0.01711106233311327
