-15.495908019308638
-10.978814804683521
-10.921820349891346
-10.86476980201629
-10.807646944013223
-10.75044816818034
-10.693171342834976
-10.63581457245497
-10.578376059321274
-10.520854086881338
-10.463247016661223
-10.405553286793923
-10.347771410848209
-10.289899976811311
-10.231937646208856
-10.173883153358215
-10.1157353047542
-10.057492978585373
-9.999155124379794
-9.940720762778557
-9.882188985436027
-9.823558955044994
-9.76482990548569
-9.70600114209705
-9.647072042068775
-9.588042054952826
-9.528910703292846
-9.469677583369819
-9.410342366062718
-9.350904797822198
-9.291364701755857
-9.231721978823172
-9.171976609138335
-9.112128653378994
-9.052178254298859
-8.992125638341932
-8.931971117356074
-8.871715090403324
-8.811358045664434
-8.750900562434525
-8.690343313207075
-8.629687065842639
-8.568932685818977
-8.508081138558587
-8.447133491829751
-8.386090918216473
-8.324954697652736
-8.263726220015982
-8.202406987774355
-8.140998618681913
-8.079502848515764
-8.017921533848254
-7.956256654847406
-7.894510318097983
-7.832684759435407
-7.77078234678387
-7.7088055829899425
-7.646757108642159
-7.584639704866806
-7.522456296089182
-7.460209952749832
-7.397903893963809
-7.335541490111299
-7.273126265347035
-7.21066190001505
-7.148152232956427
-7.085601263693684
-7.023013154480447
-6.960392232198528
-6.89774299008872
-6.83507008929896
-6.772378360233652
-6.709672803687865
-6.646958591749433
-6.58424106845206
-6.521525750162185
-6.458818325682365
-6.39612465605375
-6.333450774040366
-6.27080288327796
-6.208187357070317
-6.145610736816258
-6.083079730050984
-6.020601208085606
-5.958182203229609
-5.895829905581383
-5.8335516593729215
-5.771354958855455
-5.709247443714065
-5.647236894000228
-5.58533122457255
-5.523538479037275
-5.4618668231817695
-5.4003245378955835
-5.338920011575579
-5.277661732013353
-5.216558277765164
-5.155618309006719
-5.094850557877124
-5.0342638183189345
-4.973866935423128
-4.913668794290755
-4.853678308425186
-4.793904407671603
-4.734356025723031
-4.675042087214905
-4.615971494432692
-4.557153113660121
-4.498595761197979
-4.44030818908639
-4.382299070565924
-4.324576985315679
-4.267150404508876
-4.2100276757291315
-4.1532170077924695
-4.096726455522965
-4.040563904531274
-3.9847370808952487
-3.929253437884966
-3.8741202865416855
-3.8193446852982897
-3.7649334491629913
-3.710893135644137
-3.6572300310631367
-3.6039501373130847
-3.551059159120046
-3.4985624918632166
-3.4464652100090807
-3.394772056213138
-3.343487431141084
-3.292615384058811
-3.242159604238198
-3.1921234132224785
-3.1425097579916614
-3.093321205064705
-3.1983519270365828
-3.2037488703352923
-3.20637364492388
-3.206525480006245
-3.2044513858424337
-3.2003581092902653
-3.194420425702381
-3.1867873204504447
-3.177586704765847
-3.166929070095125
-3.154910359251258
-3.141614251229459
-3.1271140012603977
-3.1114739393383557
-3.094750703471228
-3.076994264633146
-3.0582487864693486
-3.0385533526116135
-3.0179425869213494
-2.996447186342156
-2.9740943817907506
-2.9509083392762414
-2.926910510952443
-2.902119943883735
-2.876553552805876
-2.850226361986203
-2.823151720358667
-2.7953414933683236
-2.7668062343701223
-2.737555337947254
-2.7075971771293905
-2.6763907933985167
-2.643815477394566
-2.610552427684347
-2.5766103262352487
-2.541997332064747
-2.5067208646582104
-2.470787872557466
-2.434204832265411
-2.396977784868368
-2.3591123680117714
-2.320613839378391
-2.2814870913411154
-2.241736656224691
-2.2013667013113065
-2.1603810123477865
-2.1187829638170674
-2.0765754735842425
-2.0337609386469726
-1.9903411475173904
-1.946317163097312
-1.9016891675584873
-1.8564562573867671
-1.8106161718657139
-1.7641649310567793
-1.7170963484325235
-1.6694013665203757
-1.6210671373937615
-1.5720757268521435
-1.5224022493028517
-1.4720121161624236
-1.4208568571499014
-1.3688675527199983
-1.3159440770744915
-1.261936564739252
-15.495908019308638
-10.978814804683521
-10.921820349891346
-10.86476980201629
-10.807646944013223
-10.75044816818034
-10.693171342834976
-10.63581457245497
-10.578376059321274
-10.520854086881338
-10.463247016661223
-10.405553286793923
-10.347771410848209
-10.289899976811311
-10.231937646208856
-10.173883153358215
-10.1157353047542
-10.057492978585373
-9.999155124379794
-9.940720762778557
-9.882188985436027
-9.823558955044994
-9.76482990548569
-9.70600114209705
-9.647072042068775
-9.588042054952826
-9.528910703292846
-9.469677583369819
-9.410342366062718
-9.350904797822198
-9.291364701755857
-9.231721978823172
-9.171976609138335
-9.112128653378994
-9.052178254298859
-8.992125638341932
-8.931971117356074
-8.871715090403324
-8.811358045664434
-8.750900562434525
-8.690343313207075
-8.629687065842639
-8.568932685818977
-8.508081138558587
-8.447133491829751
-8.386090918216473
-8.324954697652736
-8.263726220015982
-8.202406987774355
-8.140998618681913
-8.079502848515764
-8.017921533848254
-7.956256654847406
-7.894510318097983
-7.832684759435407
-7.77078234678387
-7.7088055829899425
-7.646757108642159
-7.584639704866806
-7.522456296089182
-7.460209952749832
-7.397903893963809
-7.335541490111299
-7.273126265347035
-7.21066190001505
-7.148152232956427
-7.085601263693684
-7.023013154480447
-6.960392232198528
-6.89774299008872
-6.83507008929896
-6.772378360233652
-6.709672803687865
-6.646958591749433
-6.58424106845206
-6.521525750162185
-6.458818325682365
-6.39612465605375
-6.333450774040366
-6.27080288327796
-6.208187357070317
-6.145610736816258
-6.083079730050984
-6.020601208085606
-5.958182203229609
-5.895829905581383
-5.8335516593729215
-5.771354958855455
-5.709247443714065
-5.647236894000228
-5.58533122457255
-5.523538479037275
-5.4618668231817695
-5.4003245378955835
-5.338920011575579
-5.277661732013353
-5.216558277765164
-5.155618309006719
-5.094850557877124
-5.0342638183189345
-4.973866935423128
-4.913668794290755
-4.853678308425186
-4.793904407671603
-4.734356025723031
-4.675042087214905
-4.615971494432692
-4.557153113660121
-4.498595761197979
-4.44030818908639
-4.382299070565924
-4.324576985315679
-4.267150404508876
-4.2100276757291315
-4.1532170077924695
-4.096726455522965
-4.040563904531274
-3.9847370808952487
-3.929253437884966
-3.8741202865416855
-3.8193446852982897
-3.7649334491629913
-3.710893135644137
-3.6572300310631367
-3.6039501373130847
-3.551059159120046
-3.4985624918632166
-3.4464652100090807
-3.394772056213138
-3.343487431141084
-3.292615384058811
-3.242159604238198
-3.1921234132224785
-3.1425097579916614
-3.093321205064705
-3.1983519270365828
-3.2037488703352923
-3.20637364492388
-3.206525480006245
-3.2044513858424337
-3.2003581092902653
-3.194420425702381
-3.1867873204504447
-3.177586704765847
-3.166929070095125
-3.154910359251258
-3.141614251229459
-3.1271140012603977
-3.1114739393383557
-3.094750703471228
-3.076994264633146
-3.0582487864693486
-3.0385533526116135
-3.0179425869213494
-2.996447186342156
-2.9740943817907506
-2.9509083392762414
-2.926910510952443
-2.902119943883735
-2.876553552805876
-2.850226361986203
-2.823151720358667
-2.7953414933683236
-2.7668062343701223
-2.737555337947254
-2.7075971771293905
-2.6763907933985167
-2.643815477394566
-2.610552427684347
-2.5766103262352487
-2.541997332064747
-2.5067208646582104
-2.470787872557466
-2.434204832265411
-2.396977784868368
-2.3591123680117714
-2.320613839378391
-2.2814870913411154
-2.241736656224691
-2.2013667013113065
-2.1603810123477865
-2.1187829638170674
-2.0765754735842425
-2.0337609386469726
-1.9903411475173904
-1.946317163097312
-1.9016891675584873
-1.8564562573867671
-1.8106161718657139
-1.7641649310567793
-1.7170963484325235
-1.6694013665203757
-1.6210671373937615
-1.5720757268521435
-1.5224022493028517
-1.4720121161624236
-1.4208568571499014
-1.3688675527199983
-1.3159440770744915
-1.261936564739252
