9.73847
8.617034749471037
8.616921748632402
8.616877189823942
8.616907428667314
8.617011698970968
8.617188540883747
8.617436511743692
8.617754262856957
8.61814054586942
8.618594211363039
8.619114206632778
8.619699573416462
8.620349445665683
8.621063047367656
8.621839690420439
8.622678772561569
8.623579775350422
8.624542262203454
8.62556587648208
8.626650339631636
8.627795449370481
8.62900107792725
8.63026717032464
8.631593742707443
8.632980880712585
8.634428737878558
8.635937534091605
8.637507554065575
8.639139145852528
8.640832719380745
8.642588745016742
8.64440775214775
8.64629032778097
8.648237115155723
8.650248812364612
8.652326170979542
8.654469994678385
8.65668113786806
8.658960504299428
8.66130904566965
8.663727760207172
8.66621769123472
8.668779925705415
8.671415592706998
8.674125861929273
8.676911942089657
8.679775079311401
8.682716555449733
8.685737686360131
8.688839820103658
8.69202433508401
8.695292638110619
8.698646162382772
8.702086365388872
8.705614726715954
8.709232745763632
8.71294193935761
8.71674383925707
8.720639989551353
8.724631943940414
8.728721262894657
8.73290951068922
8.737198252308387
8.741589050216138
8.746083460988038
8.75068303180316
8.75538929678941
8.760203773222958
8.765127957577139
8.770163321420165
8.775311307159955
8.780573323635725
8.785950741556272
8.791444888785856
8.797057045479177
8.802788439068088
8.80864023910314
8.814613551954576
8.820709415378058
8.826928792951518
8.83327256839098
8.839741539754144
8.84633641354185
8.853057798709017
8.859906200597976
8.866882014808436
8.873985521020025
8.881216876784718
8.888576111308033
8.896063119239582
8.90367765449493
8.91141932413257
8.919287582311105
8.927281724353668
8.935400880947746
8.94364401251044
8.952009903750147
8.960497158457567
8.96910419455964
8.977829239471427
8.98667032578184
8.99562528730993
9.004691755569144
9.01386715667724
9.02314870874989
9.032533419815948
9.042018086291856
9.051599292052433
9.061273408133822
9.071036593103692
9.080884794131823
9.090813748792309
9.100818987626493
9.110895837492679
9.121039425725927
9.131244685127413
9.14150650806893
9.151819160966747
9.162177178825303
9.172574783257724
9.183006039131332
9.193464864704717
9.203945042603662
9.214440231614903
9.224943979270527
9.23544973518954
9.24595086513687
9.256440665753294
9.266912379903903
9.27735921258622
9.287774347333286
9.298150963041213
9.308482251145776
9.318761433067184
9.151974438277113
9.162621673620519
9.168336869339786
9.169783780433443
9.167509945632286
9.16197024322812
9.153546015997708
9.142559831837778
9.129286903832176
9.113963998840982
9.096796445326655
9.077963689165687
9.057623730048483
9.035916687399048
9.012967683905316
8.988889190076923
8.963782940141314
8.937741504827645
8.910849587915248
8.883185099219464
8.85482004580087
8.82582127477743
8.796251094576226
8.766167796340007
8.735626093163129
8.70467749162961
8.673370607568156
8.641751435896063
8.609863582770773
8.57774846694739
8.54544549616189
8.514511407329316
8.485386925658164
8.456267878307077
8.427183470075388
8.39816160515959
8.369229556901665
8.340413758601796
8.311739937730767
8.283233293114774
8.254918648115808
8.226820622543173
8.198963829054492
8.171373101119782
8.144073761428471
8.11709194205378
8.090454971020172
8.064191844462757
8.03833380983944
8.012915094382635
7.9879738252420625
7.963553205259126
7.9397030335451415
7.916481697067099
7.893958814654129
7.872218798781988
7.851365730769038
7.8315301520125535
7.812878711561314
7.795628177819103
7.780066309090528
7.766583863232528
7.75572541027678
7.748273387446494
7.745394342480041
