1147.844494963419
1082.7967329878577
1063.4364057552582
1044.139476637555
1024.9194800392331
1005.7915497811798
986.7705496264527
967.8708480014295
949.1063184169244
930.4903618872969
912.035920022848
893.755473036175
875.6610219323502
857.7640561283545
840.0755089742961
822.6057044153642
805.364298381715
788.3602184993907
771.6016054592915
755.0957589470097
738.8490905063599
722.8670851414731
707.1542729062951
691.7142112144041
676.5494781463467
661.6616766430076
647.0514491563654
632.7185020776897
618.6616390779152
604.8788018092947
591.3671202265763
578.122962982123
565.1419979680609
552.4192539130914
539.9491846987697
527.7257335580041
515.7424018903066
503.992313355826
492.4682791941415
481.16286138215264
470.06843354483567
459.1772391571903
448.48144666146425
437.97320120469743
427.6446727754264
417.48810035000247
407.49583338357445
397.6603670146272
387.9743757949137
378.4307424017946
369.0225829766273
359.74326798161235
350.586441317736
341.5460342697128
332.61628312275883
323.7917135577432
315.0671830578638
306.437859045003
297.89922582172227
289.44708294490414
281.07754156183347
272.78701890446143
264.5722311345144
256.4301847283481
248.3581665851448
240.35373303675203
232.41469793066588
224.53911995068597
216.72528933204146
208.9717141196309
201.27710610938718
193.64036660379097
186.0605721032948
178.5369600459131
171.06891469757926
163.65595328613495
156.29771246209057
148.99393515962336
141.74445792176775
134.54919874446
127.40814548507171
120.32134487242453
113.28889214700578
106.31092135232005
99.38759629100397
92.5191021527324
85.70563781415242
78.94740880451953
72.24462093546853
65.59747648165383
59.00615772137683
52.47084866741874
45.991701375485924
39.56884921855
33.20240035647985
26.892435380541247
20.639005423626475
14.442130704755803
8.301799477431937
7.003577329961773
7.056734656283499
7.1091731238520985
7.1609074095324114
7.211951887227506
7.262320635144078
7.312027421278741
7.361085704086154
7.409508609328364
7.4573090171012915
7.504499428230456
7.551092061062454
7.597098824936166
7.64253132530587
7.687400867382171
7.731718460320839
7.7754948218865385
7.818740383526242
7.8614652957895395
7.9036794340401695
7.9453924044070465
7.986613549926676
8.027351956834691
8.067616460967216
8.107415654236554
8.146757891150278
8.185651295344503
8.224103766106882
8.262122984866501
8.299716421631313
8.336891341355646
8.373654810222655
8.410013701829605
8.445974703263678
8.481544321060316
8.516728887035343
8.551534563984983
8.585967351248746
8.620033090130969
8.653737469178601
8.687086029312571
8.720084168812301
8.752737148152177
8.785050094691032
8.817028007214603
8.848675760332751
8.879998108732748
8.910999691290687
8.941685035043918
8.972058559026227
9.00212457796911
9.031887305872086
9.061350859445126
9.090519261426673
9.119396443779776
9.147986250771003
9.176292441934645
9.204318694925815
9.232068608266097
9.259545703985413
9.286753430162687
9.313695163369509
9.340374211020295
9.366793813630816
9.392957146990353
9.418867324248767
9.444527397923231
9.469940361825769
9.495109152916633
9.520036653084652
9.544725690858327
9.569179043049832
9.593399436334986
9.617389548771179
9.641152011256331
9.664689408931
9.688004282525315
9.711099129654013
9.733976406060927
9.756638526815422
9.779087867462287
9.80132676512754
9.823357519581512
9.845182394260926
9.86680361725258
9.888223382238742
9.909443849407317
9.930467146327098
9.951295368790275
9.971930581623422
9.992374819467964
10.012630087531985
10.032698362313909
10.052581592299967
10.072281698635608
10.0918005757729
10.111140092094715
10.130302090515809
10.149288389063262
10.168100781435559
10.186741037542495
1147.844494963419
1082.7967329878577
1063.4364057552582
1044.139476637555
1024.9194800392331
1005.7915497811798
986.7705496264527
967.8708480014295
949.1063184169244
930.4903618872969
912.035920022848
893.755473036175
875.6610219323502
857.7640561283545
840.0755089742961
822.6057044153642
805.364298381715
788.3602184993907
771.6016054592915
755.0957589470097
738.8490905063599
722.8670851414731
707.1542729062951
691.7142112144041
676.5494781463467
661.6616766430076
647.0514491563654
632.7185020776897
618.6616390779152
604.8788018092947
591.3671202265763
578.122962982123
565.1419979680609
552.4192539130914
539.9491846987697
527.7257335580041
515.7424018903066
503.992313355826
492.4682791941415
481.16286138215264
470.06843354483567
459.1772391571903
448.48144666146425
437.97320120469743
427.6446727754264
417.48810035000247
407.49583338357445
397.6603670146272
387.9743757949137
378.4307424017946
369.0225829766273
359.74326798161235
350.586441317736
341.5460342697128
332.61628312275883
323.7917135577432
315.0671830578638
306.437859045003
297.89922582172227
289.44708294490414
281.07754156183347
272.78701890446143
264.5722311345144
256.4301847283481
248.3581665851448
240.35373303675203
232.41469793066588
224.53911995068597
216.72528933204146
208.9717141196309
201.27710610938718
193.64036660379097
186.0605721032948
178.5369600459131
171.06891469757926
163.65595328613495
156.29771246209057
148.99393515962336
141.74445792176775
134.54919874446
127.40814548507171
120.32134487242453
113.28889214700578
106.31092135232005
99.38759629100397
92.5191021527324
85.70563781415242
78.94740880451953
72.24462093546853
65.59747648165383
59.00615772137683
52.47084866741874
45.991701375485924
39.56884921855
33.20240035647985
26.892435380541247
20.639005423626475
14.442130704755803
8.301799477431937
7.003577329961773
7.056734656283499
7.1091731238520985
7.1609074095324114
7.211951887227506
7.262320635144078
7.312027421278741
7.361085704086154
7.409508609328364
7.4573090171012915
7.504499428230456
7.551092061062454
7.597098824936166
7.64253132530587
7.687400867382171
7.731718460320839
7.7754948218865385
7.818740383526242
7.8614652957895395
7.9036794340401695
7.9453924044070465
7.986613549926676
8.027351956834691
8.067616460967216
8.107415654236554
8.146757891150278
8.185651295344503
8.224103766106882
8.262122984866501
8.299716421631313
8.336891341355646
8.373654810222655
8.410013701829605
8.445974703263678
8.481544321060316
8.516728887035343
8.551534563984983
8.585967351248746
8.620033090130969
8.653737469178601
8.687086029312571
8.720084168812301
8.752737148152177
8.785050094691032
8.817028007214603
8.848675760332751
8.879998108732748
8.910999691290687
8.941685035043918
8.972058559026227
9.00212457796911
9.031887305872086
9.061350859445126
9.090519261426673
9.119396443779776
9.147986250771003
9.176292441934645
9.204318694925815
9.232068608266097
9.259545703985413
9.286753430162687
9.313695163369509
9.340374211020295
9.366793813630816
9.392957146990353
9.418867324248767
9.444527397923231
9.469940361825769
9.495109152916633
9.520036653084652
9.544725690858327
9.569179043049832
9.593399436334986
9.617389548771179
9.641152011256331
9.664689408931
9.688004282525315
9.711099129654013
9.733976406060927
9.756638526815422
9.779087867462287
9.80132676512754
9.823357519581512
9.845182394260926
9.86680361725258
9.888223382238742
9.909443849407317
9.930467146327098
9.951295368790275
9.971930581623422
9.992374819467964
10.012630087531985
10.032698362313909
10.052581592299967
10.072281698635608
10.0918005757729
10.111140092094715
10.130302090515809
10.149288389063262
10.168100781435559
10.186741037542495
