0.0070610771895362676
0.007064074270934532
0.0070812328415299055
0.007100869549511387
0.0071226339570255905
0.0071460899304241834
0.007170855378434177
0.0071965851574225465
0.007222971139351357
0.007249740506097088
0.007276653287977999
0.007303499634752307
0.0073300970745693
0.007356287884688023
0.00738193663566433
0.007406927929190931
0.007431164335606638
0.007454564519521863
0.0074770615444448435
0.007498601338339606
0.007519141306968559
0.007538649080948773
0.007557101382529502
0.007574483000092944
0.0075907858597158
0.007606008185515581
0.007620153738236385
0.007633231126545818
0.007645253182488387
0.007656236396640931
0.007666200406739453
0.007675167535919212
0.007683162375023478
0.007690211406592515
0.007696342665284257
0.007701585432653445
0.007705969963878432
0.007709527242749286
0.007712288762407444
0.007714286329969646
0.007715551893832107
0.007716117389957673
0.007716014607430791
0.007715275069437183
0.007713929930333575
0.0077120098857990675
0.007709545096062022
0.007706565120116799
0.0077030988603715165
0.007699174516208594
0.007694819546567537
0.007690060639622612
0.007684923689283855
0.00767943377782237
0.00767361516398582
0.007667491275830766
0.007661084707677016
0.007654417221470114
0.007647509750701813
0.007640382407643737
0.007633054493215608
0.007625544508790944
0.0076178701700693454
0.007610048422581832
0.007602095458331296
0.007594026733801372
0.007585856988715994
0.007577600265698019
0.007569269930272926
0.007560878691249641
0.007552438621740511
0.00754396118002146
0.007535457230352588
0.00752693706435138
0.007518410421467682
0.007509886509312565
0.007501374024900999
0.00749288117365731
0.007484415690055118
0.007475984856137617
0.007467595520701513
0.007459254117814931
0.007450966684534759
0.007442738878292536
0.007434575993868563
0.007426482979859645
0.007418464454221161
0.007410524719826946
0.0074026677791880794
0.007394897348627197
0.007387216872085668
0.007379629534184945
0.007372138273060043
0.0073647457923650935
0.007357454572993184
0.007350266884203401
0.007343184794358009
0.007336210181098739
0.007329344741110805
0.0073225899994293076
0.007315947318363935
0.007309417905829698
0.007303002823587471
0.007296702994813359
0.007290519211329472
0.007284452140621873
0.007278502332303895
0.007272670224418781
0.007266956149307677
0.0072613603391717164
0.007255882931376028
0.007250523973440747
0.007245283427701788
0.007240161175843227
0.007235157022966658
0.007230270701700727
0.007225501875675822
0.007220850143193447
0.007216315040471091
0.007211896044664224
0.0072075925767863015
0.0072034040043290545
0.007199329643887282
0.007195368763407035
0.00719152058439964
0.007187784284030896
0.0071841589969278
0.007180643817037606
0.007177237799187472
0.007173939960605864
0.007170749282305767
0.007167664710412837
0.00716468515731646
0.007169511692732271
0.007174627074536186
0.007179982207346998
0.007185533733945047
0.007191243204600746
0.007197076439718717
0.007203003022563115
0.007208995882459992
0.007215030943095115
0.007221086819130056
0.007227144550381309
0.007233187365796066
0.007239200471990093
0.007245170862755634
0.007251087146360334
0.0072569393886600326
0.0072627189701372375
0.00726841845555228
0.007274031474822075
0.007279552614237217
0.007284977317035185
0.007290301792488662
0.007295522932857292
0.007300638237524758
0.007305645743722666
0.007310543963322741
0.007315331825163303
0.0073200086225667215
0.007324573965502726
0.007329027737091494
0.007333370054162174
0.007337601231378583
0.007341721748810737
0.007345732222565686
0.007349633378302408
0.007353426027335176
0.007357111045160105
0.007360689352192973
0.0073641618965182044
0.0073675296384980256
0.007370793537169963
0.007373954538062473
0.007377013562554827
0.0073799714985247735
0.0073828291921824146
0.00738558744101082
0.007388246987725119
0.0073908085151271384
0.007393272641803381
0.0073956399498566515
0.0073979108869154505
0.0074000858604719106
0.007402165176612059
0.007404149121315112
0.007406037876064734
0.007407831546049598
0.0074095301603653825
0.007411133672595074
0.007412641961701175
0.007414054833226299
0.007415372020754576
0.007416593187633487
0.007417717928916221
0.007418745773521197
0.007419676186593085
0.007420508572066008
0.0074212422754276535
