4.7534e-05
4.781268038291074e-05
4.804843017930629e-05
4.831119024785764e-05
4.8590362008859305e-05
4.8879299500735265e-05
4.917401311538393e-05
4.947210610355326e-05
4.977213590280374e-05
5.007323142668694e-05
5.0374863710988665e-05
5.067670846256364e-05
5.097856369067772e-05
5.128030035469128e-05
5.158183280220746e-05
5.1883101070028355e-05
5.2184060296027056e-05
5.248467439370253e-05
5.278491228230859e-05
5.308474564948251e-05
5.33841476333258e-05
5.3683092056667106e-05
5.398155299357074e-05
5.427950453647684e-05
5.457692068531274e-05
5.4873775311695387e-05
5.517004217041036e-05
5.5465694941836585e-05
5.576070729591035e-05
5.605505297244011e-05
5.634870587518673e-05
5.664164017876495e-05
5.693383044852863e-05
5.722525177437592e-05
5.751587992004568e-05
5.780569149003059e-05
5.8094664116800585e-05
5.838277667162523e-05
5.867000950298687e-05
5.895634470736579e-05
5.9241766438142875e-05
5.952626125949235e-05
5.980981855348755e-05
6.0092430990241956e-05
6.0374095072778624e-05
6.065481177048904e-05
6.0934587257447386e-05
6.121343377459568e-05
6.149137063708003e-05
6.17684254106714e-05
6.20446352817742e-05
6.232004864404975e-05
6.259472696450847e-05
6.286874670220878e-05
6.314220172507791e-05
6.341520557970299e-05
6.368789380718655e-05
6.396042580494415e-05
6.42329856499319e-05
6.450578091371015e-05
6.477903804922909e-05
6.505299250817402e-05
6.532787166796264e-05
6.560386948725813e-05
6.588111427116015e-05
6.615963518175175e-05
6.643933765909442e-05
6.671999908076617e-05
6.700129039251631e-05
6.728281852344322e-05
6.756417535387864e-05
6.784497786384687e-05
6.812489430785574e-05
6.840364990487871e-05
6.868102546448053e-05
6.895684876598388e-05
6.923098467660211e-05
6.950332600529344e-05
6.977378601621317e-05
7.004229271583579e-05
7.030878464856028e-05
7.057320787596383e-05
7.08355138535542e-05
7.109565795801118e-05
7.13535984711655e-05
7.160929588202846e-05
7.186271240817193e-05
7.211381166807999e-05
7.236255845680762e-05
7.260891859248915e-05
7.285285881129747e-05
7.309434669552021e-05
7.333336931875772e-05
7.356987016377517e-05
7.380382183468108e-05
7.403519662259125e-05
7.426394776475962e-05
7.449007409081963e-05
7.471354589711825e-05
7.49343350891362e-05
7.515241818943173e-05
7.536776488970642e-05
7.558035082163378e-05
7.579015224258119e-05
7.599714604326687e-05
7.620130976225465e-05
7.640262159340092e-05
7.66010603889773e-05
7.679660566015964e-05
7.698923757589342e-05
7.717893696075544e-05
7.736568529217467e-05
7.754946469724692e-05
7.773025794928215e-05
7.790804846417535e-05
7.808282029666191e-05
7.8254558136498e-05
7.842324730459047e-05
7.858887374910765e-05
7.875142404157836e-05
7.891088537300098e-05
7.906724554996893e-05
7.922049299082613e-05
7.937061672186078e-05
7.95176063735433e-05
7.966145217681781e-05
7.98021449594496e-05
7.993967614243458e-05
8.007403773647663e-05
8.020522233853168e-05
8.033322312842439e-05
8.045803386553193e-05
8.057964888554863e-05
8.069806309731544e-05
8.081327197972574e-05
8.092527157869747e-05
8.103405850421605e-05
8.11396299274389e-05
8.124198357786549e-05
8.134111774056233e-05
8.14370312534429e-05
8.152972350459608e-05
8.161919442965951e-05
8.170544450923045e-05
8.178847476630969e-05
8.186828676377357e-05
8.194488260186463e-05
8.201826491569898e-05
8.20884368727785e-05
8.215540217050816e-05
8.221916503370408e-05
8.227973021209193e-05
8.23371029777832e-05
8.239128912272899e-05
8.244229495613778e-05
8.249012730185586e-05
8.25347934957007e-05
8.257630138274212e-05
8.261465931452331e-05
8.264987614621932e-05
8.268196123372069e-05
8.27109244306435e-05
8.273677608525501e-05
8.275952703731196e-05
8.277918861480497e-05
8.279577263060694e-05
8.28092913790159e-05
8.281975763219569e-05
8.282718463650148e-05
8.283158610869193e-05
8.283297623202765e-05
8.283136965224183e-05
8.282678147339325e-05
8.281922725359017e-05
8.280872329718226e-05
8.279528580128118e-05
