10.582533194465801
10.822908943421025
11.060968341161365
11.29692190394845
11.530986813197154
11.763401986061186
11.994425277927606
12.224327900076315
12.453388534525457
12.68188773106818
12.910102839841823
13.138303624943049
13.36674863164237
13.595682319837818
13.825332929479137
14.05591101074701
14.28760853200054
14.52059846997873
14.755034786907476
14.991052705351617
15.228769201552161
15.468283649661963
15.709678561363974
15.953020376853916
16.198360273549966
16.44573496784866
16.695167492745036
16.946667940187254
17.200234161833183
17.45585242540231
17.71349802713463
17.97313586130952
18.234720951211283
18.498198945065006
18.763506581889942
19.030572131273384
19.299315813410022
19.569650202396808
19.84148061801108
20.114705509753275
20.389216836744563
20.664900446651142
20.941636456344273
21.219299636575325
21.497759802478786
21.77688221122449
22.056527968126428
22.336554441031456
22.6168156838838
22.897162868873757
23.17744472674074
23.457507994061015
23.737197866948225
24.016358459111167
24.294833263137217
24.572465612064494
24.849099141103203
25.12457824562067
25.39874853390632
25.671457272304558
25.942553820383612
26.211890053838648
26.47932077286733
26.744704093848615
27.007901822258336
27.268779804899168
27.527208259685228
27.78306208141054
28.036221122127284
28.28657044498839
28.534000550627635
28.778407575396045
29.01969346100534
29.257766095371846
29.492539424685596
29.72393353696154
29.951874717540637
30.17629547721581
30.397134553847287
30.61433688850119
30.827853577298974
31.037641800299554
31.243664728847598
31.445891412915426
31.644296650035844
31.83886083747613
32.02956980934089
32.21641466027896
32.39939155752011
32.57850160000033
32.7537503830485
32.92514812924867
33.092709240374056
33.2564521325428
33.41639901162572
33.572575647493856
33.72501114835665
33.873737736314574
34.018790525153044
34.16040265601695
34.29866984988104
34.433636087674294
34.56534744457785
34.69385184547205
34.8191988427778
34.94143940796891
35.06062573449779
35.17681105189044
35.290049451078616
35.40039572001168
35.50790518986765
35.612633591289324
35.714636920352426
35.81397131394027
35.910692934179856
36.0048578615928
36.09652199660071
36.1857409690308
36.272570055259
36.35706410262809
36.43927746078336
36.51926391956919
36.5970766531342
36.67276816990129
36.74639026806153
36.8179939962646
36.887629619182796
36.95534658763849
37.0211935129932
37.08521814550889
37.14746735640519
37.2079871233404
37.266822519067276
37.324017703015436
37.37961591557122
37.43365947483506
37.48618977564698
37.537247290685684
37.58687157345225
37.635101262966636
37.681974090011366
37.72752688476917
37.7717955857095
37.814815249590055
37.856620062447384
37.89724335145948
37.93671759757333
37.97507444879396
38.01234473404445
38.048558477509346
38.08374491338348
38.11793250095143
38.15114893993129
38.18342118602294
38.21477546660237
38.24523729651192
38.274831493900535
38.303582196071
38.33151287529566
38.358646354567696
38.38500482325632
38.410609852636604
38.43548241127274
38.45964288022962
38.483111068095845
38.505906225798824
38.52804706120051
38.54955175345773
38.57043796713859
38.590722866084704
38.61042312701221
38.62955495284489
38.648134085775396
38.666175820049794
38.68369501447313
38.70070610463515
38.71722311485448
38.733259669841686
38.74882900608171
38.76394398293736
38.77861709347499
38.79286047501595
38.80668591941633
38.82010488307689
38.833128496689234
38.84576757471953
38.85803262463598
38.86993385588335
38.88148118860939
38.89268426214791
38.903552443263095
38.9140948341605
38.92432028026871
38.93423737779838
38.94385448108248
38.953179709702624
38.96222095540817
38.97098588883112
38.97948196600398
38.987716434684316
