-306.4316985594363
-365.4477089990424
-364.2706834143985
-363.2137226667261
-362.2225202504114
-361.2658731128051
-360.32545099476357
-359.39056832427724
-358.4550767623848
-357.51551786202856
-356.570025815345
-355.6176761944144
-354.658099691873
-353.6912532570949
-352.71728469979183
-351.7364527988906
-350.74908038159134
-349.7555269998942
-348.75617327228815
-347.7514121885178
-346.74164459361856
-345.72727720671475
-344.70872220762277
-343.686397827658
-342.66072962223757
-341.6321522479319
-340.6011116551812
-339.56806766336354
-338.53349692124647
-337.49789628162205
-336.46178663921285
-335.4257172989424
-334.3902709596273
-333.35606941747454
-332.3237801156335
-331.2941236916936
-330.2678827052834
-329.2459117638174
-328.2291493074035
-327.2186313645092
-326.2155076496697
-325.2210604435454
-324.23672677395217
-323.2641245023393
-322.30508300861635
-321.36167924816607
-320.4362800108742
-319.5315912001287
-318.6507148261395
-317.7972140405147
-316.97518577392515
-316.18936555395265
-315.4451062719399
-314.74859416451073
-314.106802670354
-313.52750712695
-313.01917457952413
-312.59067488095326
-312.2507006655652
-312.0067456338524
-311.8634724523397
-311.8203536429338
-311.86867732345763
-311.98846751103116
-312.146553922827
-312.29758189722617
-312.38940443412383
-312.3724157840682
-312.209678925876
-311.8834440462626
-311.3954736231948
-310.76210945938936
-310.0073716701692
-309.1567962283147
-308.2336867317939
-307.2573727381788
-306.2429334176067
-305.2016574859496
-304.14176219113455
-303.06911498060157
-301.9878502094221
-300.9008542396052
-299.81012900127337
-298.71705638034774
-297.6225867678134
-296.5273717967093
-295.4318569902912
-294.3363460531286
-293.2410453116189
-292.1460943518749
-291.0515871040309
-289.9575863340077
-288.86420478327256
-287.7713523961953
-286.67908189138734
-285.5873375787044
-284.49624599253696
-283.4057772235655
-282.3159299018325
-281.22670304597335
-280.13811584124136
-279.0501324792518
-277.9627663392196
-276.8760182385368
-275.7898889841711
-274.70437951782367
-273.6194910028299
-272.5352248748672
-271.4515828698297
-270.36856703729546
-269.2861797448738
-268.20442367682193
-267.12330182908323
-266.0428175021347
-264.96297429252644
-263.88377608372735
-262.8052270366112
-261.7273315798638
-260.6500944004738
-259.57352043437425
-258.4976148573611
-257.42238307630436
-256.3478307206183
-255.27396363417267
-254.20078786742042
-253.1283096700326
-252.05653548363443
-250.9854719351705
-249.91512583037942
-248.84550414770374
-247.77661403250434
-246.70846279155865
-245.64105788790377
-244.57440693595007
-243.50851769688785
-242.44339807437152
-241.37905611046637
-240.315499981867
-239.25273799635195
-238.19077858948103
-237.12963032153618
-236.06930187466546
-235.00980205025624
-233.95113976651044
-232.89332405620922
-231.83636406467738
-230.7802690479184
-229.7250483709296
-228.67071150617875
-227.6172680322396
-226.5647276325776
-225.51310009447948
-224.46239530811636
-223.4126232657442
-222.36379406101648
-221.3159178884259
-220.2690050428457
-219.22306591918334
-218.17811101213255
-217.13415091601215
-216.0911963247002
-215.04925803164573
-214.00834692995963
-212.9684740125753
-211.9296503724751
-210.89188720298424
-209.85519579811307
-208.8195875529575
-207.78507396414452
-206.75166663031519
-205.71937725266184
-204.68821763547663
-203.65819968674498
-202.62933462313455
-201.6016357021734
-200.57511475730934
-306.4316985594363
-365.4477089990424
-364.2706834143985
-363.2137226667261
-362.2225202504114
-361.2658731128051
-360.32545099476357
-359.39056832427724
-358.4550767623848
-357.51551786202856
-356.570025815345
-355.6176761944144
-354.658099691873
-353.6912532570949
-352.71728469979183
-351.7364527988906
-350.74908038159134
-349.7555269998942
-348.75617327228815
-347.7514121885178
-346.74164459361856
-345.72727720671475
-344.70872220762277
-343.686397827658
-342.66072962223757
-341.6321522479319
-340.6011116551812
-339.56806766336354
-338.53349692124647
-337.49789628162205
-336.46178663921285
-335.4257172989424
-334.3902709596273
-333.35606941747454
-332.3237801156335
-331.2941236916936
-330.2678827052834
-329.2459117638174
-328.2291493074035
-327.2186313645092
-326.2155076496697
-325.2210604435454
-324.23672677395217
-323.2641245023393
-322.30508300861635
-321.36167924816607
-320.4362800108742
-319.5315912001287
-318.6507148261395
-317.7972140405147
-316.97518577392515
-316.18936555395265
-315.4451062719399
-314.74859416451073
-314.106802670354
-313.52750712695
-313.01917457952413
-312.59067488095326
-312.2507006655652
-312.0067456338524
-311.8634724523397
-311.8203536429338
-311.86867732345763
-311.98846751103116
-312.146553922827
-312.29758189722617
-312.38940443412383
-312.3724157840682
-312.209678925876
-311.8834440462626
-311.3954736231948
-310.76210945938936
-310.0073716701692
-309.1567962283147
-308.2336867317939
-307.2573727381788
-306.2429334176067
-305.2016574859496
-304.14176219113455
-303.06911498060157
-301.9878502094221
-300.9008542396052
-299.81012900127337
-298.71705638034774
-297.6225867678134
-296.5273717967093
-295.4318569902912
-294.3363460531286
-293.2410453116189
-292.1460943518749
-291.0515871040309
-289.9575863340077
-288.86420478327256
-287.7713523961953
-286.67908189138734
-285.5873375787044
-284.49624599253696
-283.4057772235655
-282.3159299018325
-281.22670304597335
-280.13811584124136
-279.0501324792518
-277.9627663392196
-276.8760182385368
-275.7898889841711
-274.70437951782367
-273.6194910028299
-272.5352248748672
-271.4515828698297
-270.36856703729546
-269.2861797448738
-268.20442367682193
-267.12330182908323
-266.0428175021347
-264.96297429252644
-263.88377608372735
-262.8052270366112
-261.7273315798638
-260.6500944004738
-259.57352043437425
-258.4976148573611
-257.42238307630436
-256.3478307206183
-255.27396363417267
-254.20078786742042
-253.1283096700326
-252.05653548363443
-250.9854719351705
-249.91512583037942
-248.84550414770374
-247.77661403250434
-246.70846279155865
-245.64105788790377
-244.57440693595007
-243.50851769688785
-242.44339807437152
-241.37905611046637
-240.315499981867
-239.25273799635195
-238.19077858948103
-237.12963032153618
-236.06930187466546
-235.00980205025624
-233.95113976651044
-232.89332405620922
-231.83636406467738
-230.7802690479184
-229.7250483709296
-228.67071150617875
-227.6172680322396
-226.5647276325776
-225.51310009447948
-224.46239530811636
-223.4126232657442
-222.36379406101648
-221.3159178884259
-220.2690050428457
-219.22306591918334
-218.17811101213255
-217.13415091601215
-216.0911963247002
-215.04925803164573
-214.00834692995963
-212.9684740125753
-211.9296503724751
-210.89188720298424
-209.85519579811307
-208.8195875529575
-207.78507396414452
-206.75166663031519
-205.71937725266184
-204.68821763547663
-203.65819968674498
-202.62933462313455
-201.6016357021734
-200.57511475730934
