266.68667620536934
148.49474365840103
145.6092263540381
142.77346417472486
139.99447874167694
137.27867618382837
134.6316882880262
132.05830512599573
129.56244226560645
127.147131403806
124.81453123885626
122.56595635799017
120.4019216770135
118.32219965358702
116.32588731661049
114.41148013643382
112.5769498879671
110.81982390171574
109.13726342300838
107.52613917416414
105.98310260827604
104.5046517315829
103.08719073486311
101.72708299941716
100.42069732201003
99.16444743223208
97.95482505538276
96.78842690720485
95.66197609838895
94.57233848248336
93.5165345068631
92.49174712875815
91.49532634260831
90.52479083622896
89.57782725562733
88.65228751539135
87.74618454612366
86.85768682460903
85.98511198784972
85.12691978989702
84.2817046212994
83.44818777533364
82.62520961323648
81.81172175235237
81.00677937636571
80.20953374538182
79.41922496529702
78.63517506036598
77.85678137985045
77.08351035881442
76.31489164424849
75.5505125904903
74.7900131221366
74.03308095808963
73.27944718685151
72.52888218053582
71.78119183311307
71.03620333348931
70.29380617665993
69.55388145053398
68.81634542562304
68.0811353812658
67.34820743023714
66.61753455866804
65.8891048565836
65.1629199236907
64.43899343579623
63.717349857936824
62.99802329108455
62.28105643986183
61.56649968985803
60.854410283342105
60.144851583360996
59.43788092754072
58.73359332329096
58.032056977943526
57.33335382966663
56.63756927482681
55.94479178659467
55.25511256911633
54.56862524265879
53.88542555177394
53.20561110225834
52.52928110655981
51.85653615102218
51.18747797203106
50.522209241911916
49.86083335999604
49.20345426056864
48.55017619552198
47.90110355822492
47.25634067983453
46.615991637977885
45.98016006370451
45.34894894830449
44.722460449826364
44.100795699291346
43.484054606738475
42.87233566735493
42.265735768058505
41.66434999498834
41.068271442433996
40.47759102379546
39.892397285223105
39.312776222609635
38.73881110264277
38.17058228863492
37.60816707185386
37.051639509061786
36.50107026697468
35.956526474309804
35.41807158207765
34.885765232727955
34.359663138719405
33.83981697104157
33.32627425816188
32.81907829581716
32.31826806801557
31.823878170549747
31.335938777716898
30.854475587403343
30.37950977959984
29.911058004694087
29.449132375621847
28.99374006306538
28.544885177062596
28.102565584639347
27.666775459199755
27.2375045391229
26.814738222132082
26.398457642549385
25.988639754762204
25.58525742584344
25.18827953732599
24.79767154136483
24.413393585236445
24.035404010843152
23.663656899645325
23.298103010319576
22.938689895201456
22.585362046918473
22.238061053217745
21.896725756283672
21.56129241549789
21.231694872953423
20.907864721114723
20.58973147201506
20.27722272741159
19.970264349318605
19.668780630366133
19.37269446344404
19.08192751010849
18.796400367258013
18.516032731598443
18.24074356144122
17.97045123541189
17.70507370765677
17.4445286591752
17.18873364491784
16.93760623632889
16.69106415903042
16.449025425371588
16.211408461603682
15.978132229452278
15.749116341899741
15.524281173005216
15.303547961628666
15.08683890893515
14.874077269596759
14.665187436623176
14.460095019783244
14.258726917597167
14.061011382910419
13.866878082072846
13.676258147777913
13.489084225630343
13.305290514532134
13.124812805397758
12.947588487515596
12.77355661521507
12.602570015278713
12.434774051105492
12.269975120549962
12.108140930632912
11.949218964516179
11.793158312566781
11.639909703543585
11.48942549439978
11.341659650698519
11.196567722532778
11.054106816886414
10.914235566801215
10.776914097620613
10.642103990579642
10.509768243998293
10.379871232338058
10.25237866337633
10.127257533751864
10.004476083122375
9.884003747179667
