0.00439838850114614
0.004396913597109601
0.004396650375369606
0.004396587169344317
0.004396548539268806
0.004396503980846846
0.004396448419760383
0.0043963812855585165
0.004396302851606709
0.0043962135913299194
0.0043961140589420964
0.0043960048607400975
0.004395886641902016
0.004395760076051971
0.004395625855607837
0.004395484682745375
0.004395337261084366
0.00439518428820903
0.0043950264490981075
0.0043948644104998035
0.00439469881625078
0.004394530283508805
0.004394359399845658
0.004394186721130499
0.00439401277012326
0.004393838035692268
0.004393662972569058
0.004393488001555501
0.004393313510102945
0.004393139853189411
0.004392967354428169
0.004392796307348944
0.004392626976800828
0.004392459600433706
0.004392294390222176
0.004392131534002562
0.004391971196999482
0.004391813523323655
0.004391658637427076
0.0043915066455054615
0.004391357636841038
0.0043912116850813145
0.004391068849451546
0.004390929175900215
0.004390792698178126
0.004390659438852593
0.004390529410258932
0.004390402615391811
0.004390279048739411
0.004390158697063353
0.004390041540127493
0.004389927551378578
0.004389816698581678
0.004389708944413151
0.0043896042470137845
0.004389502560504547
0.00438940383601592
0.004389308021435904
0.004389215059393256
0.004389124893454188
0.00438903746438972
0.004388952711229604
0.004388870571696704
0.004388790982510839
0.004388713879654894
0.004388639198617789
0.004388566874617297
0.0043884968428040735
0.004388429038447913
0.004388363397107214
0.0043882998547825815
0.004388238348055452
0.004388178814160377
0.004388121191393112
0.004388065418552051
0.0043880114357285884
0.004387959184030999
0.004387908605704509
0.0043878596441941
0.004387812244193273
0.004387766351683027
0.004387721913964252
0.004387678879682398
0.00438763719884602
0.004387596822839442
0.004387557704430107
0.004387519797771078
0.004387483058399153
0.0043874474432290585
0.004387412910544085
0.0043873794199835794
0.004387346932527643
0.004387315410479356
0.00438728481744486
0.004387255118311557
0.004387226279224718
0.004387198267562714
0.004387171051911128
0.004387144602035914
0.004387118888855822
0.004387093884414242
0.004387069561850616
0.0043870458953715755
0.004387022860221913
0.004387000432655502
0.004386978589906268
0.004386957310159302
0.004386936572522183
0.004386916356996588
0.004386896644450245
0.004386877416589281
0.004386858655931003
0.004386840345777156
0.004386822470187695
0.004386805013955063
0.004386787962579056
0.004386771299538107
0.004386755016675917
0.004386739099514466
0.004386723535847873
0.004386708314313442
0.004386693424153011
0.004386679112521954
0.00438666489440782
0.004386650945456171
0.004386637285399482
0.004386623910082799
0.004386610812319961
0.004386597984862069
0.0043865854208052025
0.004386573113634181
0.004386561057214925
0.004386549245779907
0.00438653741029905
0.004386526032347667
0.00438651491834677
0.004386504034559685
0.00438649337261407
0.004386482928031169
0.004386472697118756
0.004386462676514793
0.004386452863111576
0.0043864432540347675
0.004386433846630579
0.0043864246384543995
0.004386415627259869
0.004386406810988288
0.004386398187758295
0.004386389755855826
0.004386381513724331
0.004386373459955247
0.004386365593278721
0.0043863579125545706
0.0043863504167634786
0.0043863431049984206
0.004386335976456299
0.004386329030429831
0.0043863222662996
0.004386315683526368
0.0043863092816435545
0.004386303060249952
0.004386297019002615
0.0043862911576099785
0.0043862854758251425
0.004386279973439385
0.004386274650275855
0.004386269506183464
0.0043862645410309735
0.0043862597547012884
0.004386255147085931
0.004386250718079721
0.004386246467575659
0.004386242395459992
0.004386238501607495
0.0043862347858769375
0.004386231248106757
0.004386227888110914
0.004386224705675094
0.004386221700552724
0.004386218872461712
0.0043862162210810025
0.0043862137460474945
0.004386211446953122
0.004386209323342149
0.004386207374708666
0.0043862056004942765
0.004386204000086
0.004386202572814359
0.004386201317951669
0.004386200234710522
0.0043861993222424666
0.004386198579636866
0.004386198005919955
0.00438619760005407
0.004386197360937072
0.0043861972874019274
0.0043861973782164726
0.004386197632083343
0.004386198047640059
0.00438619862345928
