56.0684033489326
44.55323794271493
44.55759924861888
44.5618371049205
44.56636788428334
44.57146812237362
44.5773367958208
44.5841188552369
44.59191886031203
44.60081039693662
44.61084308703743
44.622047959451194
44.63444161476107
44.64802947526296
44.66280833173431
44.678768345673724
44.6958946275778
44.714168483591074
44.73356840167578
44.754070832403286
44.775650807254195
44.798282427956714
44.82193925318821
44.846594603394365
44.87222180014759
44.89879435308526
44.92628610481746
44.95467134210654
44.983924879971575
45.01402212406323
45.0449391156135
45.07665256243324
45.10913985876583
45.14237909627014
45.17634906797554
45.21102926670493
45.24639987917957
45.28244177679277
45.31913650385313
45.35646626394812
45.39441390495633
45.43296290313467
45.47209738675428
45.51180191867218
45.55206188075165
45.592863055801395
45.63419181171485
45.676035045181564
45.71838016597747
45.76121508177195
45.8045281835025
45.84830833135668
45.892544841389075
45.93722747279352
45.98234641584316
46.027892280505725
46.07385608573694
46.120229249452855
46.16700357917666
46.21417126335706
46.26172486335164
46.30965730606816
46.35796187725699
46.40663221544717
46.455662306518455
46.505046478902536
46.55477939940635
46.60485606965136
46.655271823123584
46.706022322829426
46.75710355955316
46.80851185071321
46.86024383981551
46.91229649650185
46.96466711719384
47.01735332633334
47.070353078220435
47.12366465945356
47.17728669197364
47.23121813671967
47.28545829790018
47.340006827889
47.39486373275336
47.45002937842408
47.505504497518444
47.5612901968279
47.61738796548338
47.67379968381271
47.73052763290508
47.78757450489988
47.84494341401703
47.90263790834833
47.9606619824297
48.01902009061661
48.07771716128416
48.13675861187771
48.196150364837884
48.25589886442819
48.31601109449191
48.37649459716926
48.437357492604605
48.498608499677246
48.560256957788575
48.62231284974177
48.68478682575023
48.74769022861416
48.81103512010426
48.87483430859458
48.93910137798834
49.00385071797993
49.06909755570238
49.13485798880552
49.2011490200173
49.267988593238876
49.33539563122693
49.403390074919855
49.471992924463116
49.54122628199436
49.611113396249046
49.68167870904806
49.75294790373386
49.8249479556205
49.89770718452585
49.9712553094572
50.04562350552152
50.12084446313517
50.19695244960789
50.273983373179675
50.351974849589574
50.43096627125636
50.510998879155856
50.59211583747676
50.674362311142275
50.75778554628316
50.842434953751464
50.92836219576261
51.015621275757695
51.10426863157427
51.19436323201896
51.28596667693111
51.37914330082988
51.47396028023456
51.570487744748135
51.66879889199247
51.76897010648136
51.87108108251645
51.97521495118725
52.08145841155186
52.18990186607468
52.30063956038581
52.41376972742859
52.529394736045575
52.64762124405493
52.76856035584963
52.89232778455022
53.019044018721495
53.14883449365447
53.28182976719654
53.41816570009519
53.55798364079931
53.7014306146403
53.84865951728701
53.99982931234328
54.1551052329189
54.31465898697513
54.47866896619927
54.64732045812381
54.82080586115146
54.99932490209546
55.18308485578326
55.37230076620303
55.56719566860148
55.76800081185743
55.97495588036835
56.18830921458724
56.40831802924181
56.63524862814794
56.86937661440302
57.11098709460384
57.360374875579964
57.617844651969406
57.88371118278221
58.15829945490131
58.44194483126087
58.734993181213035
59.03780099034705
59.35073544676519
59.67417450053109
60.00850689270703
60.35413215007413
60.71146054128236
61.08091298981738
61.46292093878423
61.857925433809754
62.266381573838196
62.6887456302629
63.12549250298949
63.577101063569785
64.04405959881488
64.52686411006881
