57.614633214725764
57.55039200801048
57.48634966193694
57.422504354675745
57.35885278728254
57.295391352000344
57.23211635497053
57.16902407828366
57.10611086042494
57.04337306939768
56.980807164394314
56.91840970487346
56.856177364495444
56.79410694134766
56.73219536506427
56.67043970135532
56.60883715438105
56.54738506734491
56.48608092162466
56.42492233471669
56.36390705722988
56.30303296913207
56.24229807542312
56.181700501382956
56.121238487520785
56.06091038433178
56.00071464695032
55.940649829773676
55.88071458111679
55.82090763794736
55.76122782074024
55.701674028481975
55.642245233848534
55.58294047857336
55.52375886963135
55.46469957258392
55.40576181118134
55.34694486120144
55.288248047442366
55.22967074035257
55.171212352861104
55.11287233740454
55.054650183143345
54.99654541336012
54.93855758303129
54.88068627656403
54.82293110568959
54.765291707504666
54.707767742652415
54.6503588936347
54.593064863247776
54.53588537313362
54.47882016243943
54.42186898657846
54.365031616085204
54.308307835558665
54.251697442687835
54.19520024735346
54.138816070800864
54.08254474487889
54.026386111340166
53.970340021198474
53.91440633413878
53.85858491797659
53.802875648162775
53.747278407330626
53.69179308488214
53.6364195766107
53.58115778435742
53.52600761569896
53.47096898366428
53.41604180647848
53.36122600733183
53.30652151417201
53.25192825951823
53.19744618029557
53.14307521768829
53.08881531701072
53.034666427594765
52.98062850269294
52.92670149939595
52.87288537856398
52.819180104758935
52.76558564623681
52.71210197488033
52.65872906618806
52.60546689927019
52.552315456842784
52.499274725239474
52.44634469443097
52.393525358056074
52.34081671345247
52.28821876172831
52.23573150776245
52.18335496032031
52.131089132110205
52.07893403986491
52.02688970443225
51.97495615087446
51.92313340857695
51.87142151136631
51.819820497638
51.76833041049413
51.71695129789148
51.66568321280047
51.61452621337541
51.56348036313675
51.51254573116576
51.4617223923127
51.41101042741893
51.36040992355409
51.30992097426938
51.25954367986784
51.20927814769314
51.15912449243798
51.10908283647391
51.05915331020403
51.0093360524405
50.95963121080921
50.910038942183434
50.860559413149566
50.811192800507605
50.761939291809654
50.71279908594005
50.66377239374136
50.614859438690594
50.56606045763118
50.51737570156612
50.46880543651946
50.42034994447322
50.37200952438881
50.3237844933223
50.27567518764551
50.227681964385354
50.17980520269689
50.13204530548738
50.0844027012118
50.03687784586363
49.98947122518874
49.94218335715575
49.895014794721746
49.847966128940406
49.801037992468565
49.75423106353934
49.70754607048409
49.66098379690442
49.61454508761926
49.56823085554207
49.52204208968358
49.47597986452748
49.43004535109681
49.3842398301227
49.33856470785741
49.29302153525362
49.24761203148892
49.20233811318546
49.15720193122575
49.112205917901875
49.067352848446184
49.02264592311355
48.97808887956223
48.93368615159804
48.889443102156655
48.84536640005075
48.80146456402429
48.757749054453186
48.71423638063744
48.67095331274689
48.62795548639871
48.5821863925693
48.536505475779194
48.49091252673896
48.44540735507718
48.39998977374301
48.354659596974635
48.30941663992346
48.26426071852459
48.219191649410924
48.17420924984169
48.129313337639715
48.08450373113648
48.039780249123844
47.99514271081173
47.95059093579136
47.90612474400312
47.86174395570883
47.81744839146781
47.7732378721165
47.72911221875098
47.6850712527123
47.64111479557434
47.597242669133614
47.55345469540121
47.509750696596306
47.46613049514127
47.422593913658076
47.37914077496594
47.33577090207989
47.29248411821044
47.249280246763945
