0.31332
0.7177881105813028
0.7247095301565116
0.7316448568113488
0.7385925335472943
0.74555200320745
0.7525228103206812
0.7595044993749013
0.7664966030420356
0.7734986404926667
0.7805101168389825
0.7875305227018397
0.7945593337899556
0.8015960104791136
0.8086399973905476
0.8156907229689021
0.8227475990603709
0.8298100204916606
0.8368773646504607
0.8439489910681498
0.8510242410055113
0.8581024370422666
0.865182882671298
0.8722648618984593
0.8793476388489418
0.8864304573812004
0.8935125407095134
0.9005930910362786
0.9076712891952393
0.9147462943068526
0.9218172434471119
0.9288832513311438
0.9359434100130217
0.9429967886032377
0.9500424330053844
0.9570793656736238
0.9641065853926095
0.9711230670815603
0.9781277616242817
0.9851195957269425
0.9920974718055153
0.9990602679048183
1.0060068376511588
1.0129360102406222
1.019846590465112
1.0267373587782784
1.033607071403503
1.040454460486166
1.04727823429243
1.05407707745681
1.0608496512808052
1.0675945940848783
1.0743105216160855
1.0809960275136064
1.0876496838344856
1.0942700416417686
1.1008556316572466
1.1074049649809585
1.113916533879529
1.120388812645315
1.126820258528318
1.1332093127425977
1.1395544015489367
1.1458539374152796
1.1521063202561757
1.158309938753024
1.1644631717548541
1.1705643897623332
1.1766119564937938
1.1826042305347353
1.1885395670704426
1.1944163197016051
1.2002328423424433
1.2059874912004533
1.2116786268366584
1.2173046163047696
1.2228638353673889
1.2283546707869362
1.2337755226885603
1.239124806991938
1.2444009579083457
1.2496024304989948
1.2547277032901465
1.2597752809400464
1.264743696952256
1.2696315164294796
1.2744373388615005
1.279159800940375
1.2837975793955434
1.2883493938410773
1.292814009626806
1.2971902406846292
1.3014769523609175
1.3056730642254752
1.3097775528471987
1.313789454526174
1.317707867971688
1.3215319569153205
1.3252609526480632
1.3288941564702228
1.332430942042713
1.335870757628259
1.3392131282110258
1.3424576574831615
1.3456040296868836
1.3486520113008982
1.3516014525601128
1.3544522887979753
1.3572045416011025
1.359858319766318
1.3624138200507638
1.364871327706333
1.3672312167903564
1.3694939502452732
1.3716600797407754
1.3737302452729145
1.3757051745155753
1.3775856872576737
1.3793726733577436
1.3810671219840154
1.382670099983438
1.3841827548405445
1.3856063125102045
1.3869420750032229
1.3881914177301249
1.389355786609816
1.3904366949510796
1.391435720116332
1.3923544999783228
1.3931947291818076
1.3939581552234759
1.3946465743646026
1.395261827392018
1.3958057952440672
1.3962803945191353
1.446782345610435
1.4671766033179
1.4870923847211095
1.506596428484539
1.5257436965039592
1.5445803858059475
1.5631457905159336
1.5814736584776685
1.5995932163570776
1.617529957045576
1.6353062523150086
1.6529418350946672
1.6704541832545607
1.6878588281321885
1.7051696049507914
1.7223988579288625
1.7395576097347336
1.7566557026372955
1.773701916997832
1.7907040714712996
1.8076691083196992
1.824603166502155
1.8415116446376647
1.8583992554930249
1.8752700732999297
1.8921275749277362
1.9089746757156456
1.9258137605849208
1.9426467109014356
1.9594749274287473
1.9762993496009609
1.9927988414397093
2.008871202363388
2.0248991327041024
2.040881786806654
2.056817961135478
2.0727059085605384
2.088543452758632
2.104327937588793
2.1200561958443362
2.135724511679027
2.1513285724374613
2.166863407694021
2.182323312699242
2.197701752638565
2.212991243065859
2.2281832004826683
2.2432677551661686
2.258233515808814
2.2730672720430167
2.2877536160751286
2.302274457818655
2.3166083981643917
2.3307299108778388
2.3446082627681197
2.3582060704671974
2.371477344198383
2.3843647937444583
2.3967960509681494
2.408678263221397
2.4198901698001696
2.4302701652891403
2.4395977223634744
2.44756332655594
2.453717424572485
