1066172.4106415112
2673843.7845960497
2677879.773070196
2681582.2045254637
2684978.8132786322
2688072.9369054073
2690869.156171597
2693373.7587318853
2695594.5292057255
2697540.518011185
2699221.775396093
2700649.2824894832
2701834.513891683
2702789.4014669973
2703526.124268698
2704056.950642057
2704394.1066044644
2704549.6601927364
2704535.425053044
2704362.881466619
2704043.1134390836
2703586.760335321
2703003.9814762026
2702304.4321100703
2701497.2492191023
2700591.045700334
2699593.9115652204
2698513.4209214947
2697356.6436232557
2696130.1606040704
2694840.0820291475
2693492.06752056
2692091.3478161
2690642.747325271
2689150.70713136
2687619.308071734
2686052.2935963874
2684453.0921670194
2682824.839012194
2681170.397096098
2679492.3772009583
2677793.1570509863
2676074.8994345623
2674339.5693020346
2672588.949834851
2670824.6574944262
2669048.156071925
2667260.7697671684
2665463.695332325
2663658.0133198886
2661844.698477671
2660024.629336392
2658198.5970345205
2656367.3134275875
2654531.4185262914
2652691.487308148
2650848.0359474733
2649001.527502112
2647152.377100431
2645300.9566634437
2643447.5992001486
2641592.6027081218
2639736.23371377
2637878.73047828
2636020.3059017607
2634161.1501468467
2632301.433009942
2630441.3060598727
2628580.9045646414
2626720.349227897
2624859.7477490124
2622999.1962262164
2621138.7804153124
2619278.57685871
2617418.6538977358
2615559.072577115
2613699.8874555463
2611841.1473289914
2609982.89587646
2608125.1722362847
2606268.0115186563
2604411.4452635776
2602555.5018466255
2600700.2068402655
2598845.5833346755
2596991.65222257
2595138.432451361
2593285.941246483
2591434.1943096337
2589583.205993423
2587732.9894563374
2585883.556799081
2606001.1674350956
2603885.933842401
2601782.296584775
2599687.6174536776
2597600.039287648
2595518.253042473
2593441.3347139587
2591368.630954871
2589299.6787612555
2587234.149039076
2585171.8069309886
2583112.483913621
2581056.058169524
2579002.440776508
2576951.5659888783
2574903.384397683
2572857.858116875
2570814.9573944993
2568774.658227404
2566736.9406820848
2564701.7877127933
2562669.18432874
2560639.117008166
2558611.5732859513
2556586.54146212
2554564.0103977798
2552543.9693700797
2550526.4079708452
2548511.3160344614
2546498.6835870952
2544488.500810986
2542480.758018854
2540475.4456356606
2538472.5541860317
2536472.074284691
2534473.996630062
2532478.31199891
2530485.0112434565
2528494.0852879276
2526505.525127126
2524519.3218244216
2522535.46651053
2520553.9503827333
2518574.764703317
2516597.900799505
2514623.350062442
2512651.103946265
2510681.1539679454
2508713.491706276
2506748.108802058
2504784.9969564006
2502824.147931199
2500865.553548135
2498909.205688359
2496955.0962917483
2495003.217356779
2493053.5609398033
2491106.119154445
2489160.884171521
2487217.8482181136
2485277.0035775523
2483338.3425882584
2481401.8576442734
2479467.5411940613
2477535.385740169
2475605.3838389916
2473677.5281001693
2471751.811186227
2469828.2258120403
2467906.764744478
2465987.420802222
2464070.1868546004
2462155.0558220544
2460242.020674989
2458331.0744341337
2456422.210169254
2454515.4209994315
2452610.7000922305
2450708.040663646
2448807.4359773183
2446908.8793446305
2445012.3641239004
2443117.8837200464
2441225.4315845105
2439335.0012145247
2437446.5861529624
2435560.179987694
2433675.776351558
2431793.368921961
2429912.9514201637
2428034.5176112456
2426158.061303632
2424283.576348811
2422411.056640992
2420540.4961164077
2418671.888753509
2416805.2285725204
2414940.509634531
2413077.726041797
2411216.8719373853
2409357.9415042684
2407500.92896565
2405645.8285844093
2403792.634662341
2401941.3415407403
2400091.9435992194
2398244.435255976
2396398.810967121
