0.07689662147604112
0.07689613709083173
0.0768956519006231
0.0768951657200986
0.07689467837642819
0.07689418970770308
0.07689369956221608
0.0768932077978381
0.07689271428145701
0.07689221888846225
0.07689172150226666
0.07689122201385949
0.07689072032138779
0.07689021632976235
0.07688970995028707
0.07688920110030871
0.0768886897028859
0.0768881756864758
0.07688765898463652
0.07688713953574469
0.07688661728272653
0.07688609217280146
0.0768855641572379
0.07688503319111975
0.07688449923312306
0.076883962245303
0.07688342219288946
0.07688287904409194
0.07688233276991258
0.07688178334396756
0.07688123074231627
0.07688067494329803
0.07688011592737658
0.07687955367699137
0.0768789881764163
0.07687841941162525
0.07687784737016444
0.07687727204103131
0.07687669341455998
0.07687611148231295
0.07687552623697912
0.07687493767227753
0.07687434578286717
0.07687375056426236
0.07687315201275356
0.07687255012533337
0.07687194489962777
0.07687133633383207
0.07687072442665169
0.07687010917724714
0.07686949058518344
0.07686886865038348
0.07686824337308516
0.07686761475380222
0.0768669827932884
0.07686634749250469
0.07686570885258981
0.0768650668748332
0.07686442156065079
0.07686377291156307
0.07686312092917554
0.07686246561516101
0.07686180697124406
0.076861144999187
0.0768604797007776
0.0768598110778182
0.07685913913211626
0.07685846386547594
0.07685778527969102
0.07685710337653859
0.07685641815777372
0.07685572962512502
0.07685503778029072
0.07685434262493562
0.07685364416068857
0.07685294238914005
0.07685223731184085
0.07685152893030076
0.07685081724598754
0.07685010226032644
0.07684938397469974
0.07684866239044671
0.07684793750886361
0.07684720933120397
0.07684647785867883
0.07684574309245737
0.07684500503366735
0.07684426368339585
0.07684351904268988
0.07684277111255722
0.07684201989396712
0.07684126538785123
0.07684050759510438
0.07683974651658536
0.07683898215311788
0.07683821450549132
0.07683744357446169
0.07683666936075238
0.07683589186505496
0.07683511108803016
0.07683432703030839
0.07683353969249077
0.07683274907514973
0.07683195517882967
0.07683115800404829
0.0768303575512963
0.07682955382103884
0.07682874681371582
0.07682793652974264
0.07682712296951084
0.07682630613338862
0.07682548602172148
0.07682466263483273
0.07682383597302406
0.07682300603657603
0.07682217282574862
0.07682133634078166
0.0768204965818953
0.07681965354929053
0.07681880724314957
0.07681795766363632
0.07681710481089671
0.07681624868505917
0.07681538928623495
0.07681452661451856
0.07681366066998806
0.07681279145270548
0.07681191896271702
0.07681104320005358
0.07681016416473088
0.07680928185674989
0.07680839627609706
0.07680750742274463
0.07680661529665089
0.0768057198977605
0.0768048212260047
0.07680391928130155
0.07680301406355625
0.07680210557266128
0.07680119380849666
0.0768002787709303
0.07679936045981803
0.07679843887500387
0.07679751401632035
0.07679658588358854
0.07679565447661835
0.07679471979520867
0.07679378183914763
0.07679284060821269
0.07679189610217085
0.07679094832077882
0.07678999726378316
0.07678904293092052
0.0767880853219177
0.07678712443649185
0.07678616027435065
0.07678519283519236
0.07678422211870604
0.07678324812457174
0.07678227085246042
0.07678129030203434
0.07678030647294708
0.07677931936484356
0.0767783289773604
0.07677733531012577
0.07677633836275978
0.07677533813487432
0.07677433462607339
0.07677332783595314
0.07677231776410193
0.0767713044101005
0.07677028777352202
0.07676926785393225
0.07676824465088962
0.0767672181639453
0.07676618839264326
0.07676515533652051
0.07676411899510704
0.07676307936792602
0.07676203645449378
0.07676099025432001
0.07675994076690773
0.07675888799175351
0.07675783192834745
0.07675677257617329
0.07675570993470848
0.0767546440034243
0.07675357478178592
0.07675250226925243
0.07675142646527701
0.07675034736930686
0.07674926498078342
0.0767481792991424
0.07674709032381385
0.07674599805422218
0.07674490248978623
0.07674380362991945
0.07674270147402984
0.07674159602152009
0.07674048727178767
