375.7249001666819
379.97172216486575
384.05740890632273
387.9851062452753
391.75784434700586
395.379453658888
398.8544712039505
402.18802086162134
405.38569641899386
408.45345046348723
411.39749096018556
414.22418680767976
416.93998316039585
419.55132689856936
422.0646022558512
424.4860763322175
426.82185399974884
429.0778415511229
431.25971833740726
433.37291558452057
435.4226015581027
437.4136722564493
439.35074684324456
441.2381670796299
443.0800000732481
444.8800437258216
446.64183432705465
448.36865580849366
450.06355023447543
451.72932916707197
453.3685855971538
454.98370618384143
456.57688358953976
458.15012873747946
459.7052828534445
461.24402918341326
462.7679043046042
464.278308969234
465.7765184386441
467.2636922806666
468.74088361562724
470.2090478065391
471.6690505971727
473.12167570809834
474.5676319057287
476.007559563102
477.4420367338359
478.8715847625093
480.2966734558808
481.71772583993044
483.1351225278393
484.54920572379666
485.96028288701314
487.3686300796117
488.77449502117787
490.1780998717806
491.57964376420216
492.97930510501385
494.3772436630063
495.7736024623554
497.1685094967855
498.56207927990545
499.95441424583214
501.3456060132039
502.7357365247086
504.12487907333286
505.5130992256605
506.90045565172505
508.287000870148
509.6727819165697
511.0578409426993
512.4422157526918
513.8259402829614
515.2090450310101
516.591557438348
517.9735022321138
519.3549017295904
520.7357761094087
522.1161436528807
523.4960209585755
524.875423132945
526.2543639595405
527.6328560491041
529.0109109725953
530.3885393790033
531.7657510996122
533.1425552402064
534.5189602625621
535.8949740564167
537.2706040029941
538.6458570310407
540.0207396662294
540.0345078324777
540.0588537074651
540.093225851785
540.1372183403265
540.1905275676511
540.2529219518881
540.3242206647943
540.4042786895988
540.4929763194312
540.5902117741988
540.6958960085145
540.8099490596371
540.932297478104
541.0628725196747
541.2016088726796
541.3484437619334
541.5033163175121
541.6661671298491
541.8369379358899
542.0155713974502
542.2020109444416
542.39620066373
542.5980852201108
542.8076097998727
543.0247200702693
543.249362150179
543.4814825886488
543.7210283489832
543.967946796748
544.2221856905271
544.4836931746262
544.75241777315
545.0283083850518
545.3113142798738
545.6013850939775
545.8984708271245
546.2025218393125
546.5134888477903
546.8313229242111
547.1559754918828
547.4873983230951
547.8255435365062
548.1703635945735
548.5218113010251
548.879839798361
549.2444025653837
549.6154534147524
549.9929464905595
550.3768362659282
550.7670775406316
551.1636254387269
551.5664354062116
551.9754632086953
552.3906649290893
552.8119969653142
553.2394160280238
553.6728791383438
554.1123436256316
554.5577671252473
555.0091075763438
555.466323219673
555.9293725954057
556.3982145409705
556.8728081889053
557.3531129647268
557.8390885848129
558.3306950543036
558.8278926650131
559.3306419933618
559.8389038983186
560.3526395193609
560.8718102744488
561.3963778580139
561.9263042389623
562.4615516586922
563.0020826291259
563.5478599307562
564.0988466107075
564.655005980809
565.2163016156836
565.7826973508509
566.3541572808415
566.9306457573283
567.5121273872688
568.0985670310619
568.6899298007164
569.2861810580373
569.8872864128188
570.4932117210551
571.1039230831639
571.7193868422194
572.3395695822006
572.9644381262542
573.5939595349645
574.2281011046421
574.8668303656202
575.5101150805654
576.1579232428012
576.8102230746421
577.4669830257401
578.1281717714447
578.7937582111731
579.4637114667918
580.1380008810131
580.8165960157985
581.4994666507777
582.186582781677
582.8779146187595
