21.122031470228304
17.481599493758228
17.522163058369195
17.560804248786415
17.597263277487958
17.63158666661931
17.663930307397443
17.694478525978933
17.723412191155763
17.750897361008594
17.77708236669894
17.80209821740116
17.826060181952926
17.84906966353556
17.87121601909121
17.89257820046333
17.91322618711127
17.933222217627687
17.952621840175663
17.971474805230212
17.989825823161578
18.007715206968435
18.025179417923315
18.042251529351518
18.058961621094824
18.075337116255863
18.091403068807804
18.107182556117653
18.122696300335683
18.137963750168716
18.15300263189673
18.167829242404476
18.182458570663975
18.196904404733168
18.21117942700252
18.22529529926242
18.239262739043163
18.253091589187843
18.266790880875273
18.28036889188218
18.29383320012374
18.307190733460697
18.3204478160586
18.33361021191172
18.3466831654049
18.359671439790812
18.372579353223763
18.385410812731227
18.398169346203588
18.410858132758754
18.42348003101174
18.436037605904712
18.448533153786997
18.460968725965728
18.473346150722843
18.48566705380623
18.497932877624933
18.51014489908466
18.522304245906636
18.53441191190389
18.546468771121116
18.5584755904956
18.570433041854642
18.582341712625325
18.594202115584398
18.606014697986023
18.617779849358207
18.629497909059488
18.64116917263236
18.65279389786397
18.664372309854336
18.675904605909118
18.68739095950928
18.698831524124756
18.710226436429856
18.72157581907869
18.732879783342568
18.744138431088135
18.75535185681763
18.76652014924411
18.77764339262229
18.78872166799016
18.799755054156314
18.810743628555418
18.82168746791853
18.83258664883645
18.843441248343865
18.854251344077152
18.86501701483038
18.875738340562428
18.88641540269326
18.89704828413192
18.907637069450008
18.9181818448026
18.92868269800698
18.939139718568043
18.94955299748131
18.959922627366932
18.970248702273036
18.980531317642637
18.99077057025934
19.000966558086205
19.01111938024612
19.021229043289672
19.031295929055286
19.041319858813452
19.051301028820312
19.061239542399765
19.071135503505165
19.080989016596067
19.090800186485758
19.100569118404646
19.1102959177267
19.119980690111344
19.129623541293842
19.139224577050157
19.148783903179666
19.158301625406594
19.16777784935539
19.177212680473843
19.186606223987567
19.19595858491411
19.205269867925306
19.21454017743878
19.223769617429305
19.232958291540665
19.242106303001336
19.251213754600407
19.260280748609052
19.269307386873503
19.278293770769334
19.287240001087998
19.29614617810805
19.305012401597647
19.313838770749317
19.322625384242244
19.33137234015235
19.34007973600373
19.348747668738138
19.35737623475476
19.36596552985478
19.37451564929736
19.383026687760985
19.39149873933227
19.399931897593618
19.408326255531527
19.41668190561182
19.424998939717607
19.43327744922639
19.44151752500439
19.44971925738806
19.457882736180796
19.46600805073138
19.474095289904106
19.482144542035268
19.49015589506826
19.498129436470137
19.506065253230677
19.513963431997944
19.52182405894202
19.529647219863545
19.537433000166896
19.545181484928463
19.552892758802248
19.56056690615603
19.568204011018764
19.575804157080537
19.583367427802948
19.59089390628394
19.598383675368176
19.605836817742084
19.61325341571916
19.620633551470547
19.62797730694548
19.63528476389883
19.642556003878838
19.649791108322486
19.65699015843464
19.664153235404328
19.671280420149714
19.67837179360041
19.68542743652362
19.692447429630977
19.69943185355213
19.70638078890076
19.713294316167758
19.720172515907088
19.727015468561696
19.733823254662116
19.740595954652168
19.747333649073607
19.754036418457886
19.76070434336421
19.767337504469623
19.773935982434548
19.78049985800526
19.787029212064535
19.793524125534866
19.799984679481387
19.806410955054428
