5.43
5.485680943325908
5.503514254496857
5.521349474823739
5.539186150467662
5.5570242414536075
5.5748637117403685
5.592704519321765
5.610546616873389
5.628389952695451
5.646234471390284
5.664080115820877
5.681926826342432
5.699774542662552
5.717623204254326
5.735472750962475
5.753323123524235
5.771174264008014
5.789026116173665
5.806878625760067
5.8247317407064205
5.842585411314171
5.860439590356619
5.878294233143085
5.896149297544229
5.914004743984723
5.931860535408886
5.949716637224423
5.967573017228809
5.98542964552231
6.003286494411114
6.021143538303544
6.039000753601899
6.056858118591982
6.0747156133321285
6.09257321954309
6.1104309204999705
6.1282887009270635
6.146146546896276
6.164004445729704
6.181862385906608
6.199720356975122
6.217578349468749
6.235436354827739
6.253294365325266
6.2711523739983885
6.289010374583599
6.306868361456897
6.324726329578114
6.342584274439379
6.360442192017454
6.3783000787297865
6.396157931394016
6.4140157471907635
6.431873523629477
6.449731258517113
6.467588949929505
6.485446596185178
6.5033041958214675
6.521161747572744
6.539019250350592
6.556876703225812
6.574734105412043
6.592591456250949
6.610448755198753
6.628306001814108
6.646163195747078
6.664020336729225
6.681877424564665
6.6997344591219905
6.717591440327019
6.735448368156271
6.753305242631105
6.771162063812466
6.789018831796167
6.806875546708679
6.82473220870335
6.842588817957044
6.86044537466713
6.878301879048793
6.896158331332664
6.914014731762679
6.9318710805942025
6.949727378092348
6.967583624530496
6.985439820188979
7.003295965353916
7.021152060316192
7.03900810537054
7.05686410081476
7.0747200469490075
7.092575944075171
7.11033058086708
7.128189230820907
7.146047675095426
7.163905955611723
7.181764101984411
7.199622135181668
7.217480070090644
7.235337917318886
7.253195684460553
7.271053376987096
7.2889109988740595
7.306768553042377
7.324626041669127
7.3424834664064
7.360340828535485
7.378198129075498
7.396055368859897
7.413912548590437
7.431769668875152
7.449626730255159
7.467483733223535
7.48534067823862
7.503197565733412
7.5210543961221985
7.538911169805221
7.556767887171973
7.57462454860355
7.592481154474291
7.610337705152952
7.628194201003548
7.646050642385931
7.663907029656237
7.681763363167179
7.699619643268283
7.717475870306039
7.735332044624038
7.7531881665630635
7.7710442364611545
7.788900254653682
7.806756221473378
7.824612137250395
7.842468002312319
7.860323816984226
7.8781795815886975
7.896035296445836
7.913890961873319
7.931746578186393
7.949602145697918
7.967457664718385
7.985313135555923
8.003168558516348
8.021023933903157
8.038879262017572
8.056734543158544
8.07458977762278
8.092444965704761
8.110300107696762
8.128155203888882
8.146010254569042
8.163865260023023
8.181720220534473
8.199575136384944
8.217430007853883
8.23528483521867
8.253139618754634
8.270994358735065
8.288849055431237
8.306703709112425
8.324558320045917
8.342412888497032
8.360267414729153
8.37812189900372
8.395976341580264
8.41383074271642
8.431685102667931
8.44953942168868
8.467393700030701
8.485247937944202
8.503102135677553
8.520956293477342
8.538810411588356
8.556664490253619
8.574518529714396
8.592372530210204
8.610226491978848
8.628080415256404
8.645934300277263
8.663788147274126
8.681641956478028
8.699495728118343
8.717349462422813
8.735203159617553
8.753056819927057
8.770910443574223
8.788764030780358
8.80661758176521
8.824471096746944
8.8423245759422
8.860178019566078
8.878031427832145
8.895884800952473
8.913738139137633
8.931591442596709
8.949444711537321
8.967297946165624
8.985151146686325
9.003004313302698
9.020857446216596
