4.1839
3.8167354644673734
3.800601451607356
3.7847504993199355
3.7691828137081362
3.7538977006020486
3.7388934608590416
3.724167421188033
3.709716003249828
3.6955348098197907
3.6816187210067874
3.6679619962694665
3.654558378660347
3.6414011981457124
3.628483471302085
3.615797995197489
3.603337433799041
3.5910943957709898
3.579061503012067
3.567231449706516
3.555597052018435
3.5441512888388513
3.5328873342014626
3.521798582121701
3.5108786646932857
3.5001214643068397
3.4895211208465935
3.479072034683534
3.468768866225262
3.4586065327118427
3.448580202869313
3.438685289952759
3.4289174436330394
3.419272541107272
3.4097466777454244
3.4003361575240474
3.3910374834444084
3.381847348085455
3.3727626244023936
3.363780356848425
3.3548977528699027
3.346112174803101
3.3374211321837106
3.328822274466603
3.3203133841439
3.3118923702421688
3.3035572621752864
3.2953062039265975
3.2871374485333167
3.2790493528458575
3.271040372536101
3.2631090573301624
3.2552540464433557
3.247474064197493
3.2397679158030757
3.232134483291611
3.2245727201495646
3.2170816613425295
3.2096603788760323
3.202308031904687
3.1950238300564693
3.187807037979687
3.180656972093111
3.17357299743893
3.166554524638651
3.1596010069523577
3.15271193744196
3.145886846239209
3.1391252979194806
3.1324268889818776
3.1257912454364347
3.1192180204986477
3.1127068903309314
3.10625755991227
3.0998697495272896
3.0935432003010783
3.087277670636065
3.081072934539248
3.074928780049061
3.0688450077606166
3.0628214294436624
3.0568578667550956
3.05095415003798
3.045110117206525
3.039325612712453
3.0336004865892465
3.0279345935704343
3.0223277922780976
3.016779944477717
3.011290914395481
3.005860568094249
3.000488772904307
2.9951753969052444
2.9899203084552766
2.984723375764493
2.979584466508558
2.9745034474796004
2.9694801842710685
2.9645145409935396
2.959606380018572
2.9547555617478274
2.9499619444048806
2.9452253838472333
2.940545733396226
2.9359228436826768
2.9313565625062274
2.926846734706505
2.9223932020443724
2.9179958030916398
2.913654373127771
2.9093687440422595
2.9051387442413956
2.900964198558391
2.8968449281658213
2.892780750489526
2.888771479123226
2.8848169147002385
2.8809168809449908
2.877071170433458
2.8732795805686258
2.8695419044857284
2.8658579309597396
2.8622274242479437
2.858650204580256
2.855126026576379
2.851654660696031
2.8482358724771846
2.8448694224947175
2.841555066264938
2.838292554141465
2.835081631209495
2.8319220371797904
2.8288135062830233
2.8257557870964116
2.8227485624074435
2.819791569725926
2.8168845202499995
2.81402711926387
2.811219065986964
2.8084600534784467
2.805749768554526
2.8030878917128
2.8004740970634683
2.7979080522679496
2.79538941848558
2.792917850329055
2.7904929958292533
2.7881144964101026
2.785781986874039
2.783495095398692
2.7812534435452556
2.779056646279104
2.776904312003041
2.774796042603636
2.7727314335109177
2.770710073771804
2.7687315461374085
2.7667954271644537
2.7649012873308707
2.763048691165602
2.7612371973926346
2.759466359089097
2.7577357238573135
2.7560448340105332
2.754393226772086
2.75278043448753
2.7512059848494244
2.749669401134185
2.7481702024505013
2.74670790399866
2.7452820173401604
2.7438920506768643
2.7425375091389443
2.741217895080809
2.739932708384187
2.7386814467674876
2.7374636061013606
2.7362786807238693
2.7351261637713273
2.734005547495611
2.732916323595203
2.731857983542152
2.730830018909607
2.729831921698242
2.7288631846606224
2.7279233016226843
2.7270117678014283
2.7261280801180363
2.7252717375055946
2.724442241210696
2.723639095088218
2.7228618058885625
2.7221098835368167
2.7213828414031784
2.7206801965641865
2.7200014700543313
2.7193461871073445
2.7187138773873647
2.7181040752089833
2.717516319746406
