-19.279827225306754
-23.651326452886295
-23.49004645593596
-23.34491836389241
-23.20730404631398
-23.07359745520143
-22.942307553182015
-22.81282774344503
-22.684918074649474
-22.558488065338658
-22.433506118011454
-22.30996212727397
-22.18785236114484
-22.06717360791847
-21.947921130303254
-21.83008814620026
-21.713665890369374
-21.598643870512007
-21.485010164231763
-21.372751699555582
-21.26185450077822
-21.152303896718333
-21.044084694117444
-20.9371813205567
-20.831577941319658
-20.727258554543916
-20.624207068083997
-20.522407385571157
-20.42184336184539
-20.322498977866797
-20.22435828406326
-20.127405444836036
-20.031624756553036
-19.937000660914467
-19.8435177547114
-19.75116079661225
-19.6599147115199
-19.569764593199558
-19.480695705304537
-19.392693481412056
-19.305743524116547
-19.21983160351362
-19.134943655191066
-19.05106577793494
-18.968184231112833
-18.886285432036967
-18.8053559531811
-18.725382519383324
-18.646352005054915
-18.568251431519208
-18.491067964307465
-18.414788910632467
-18.339401716919088
-18.26489396646336
-18.191253377198162
-18.11846779955171
-18.046525214473416
-17.97541373156826
-17.905121587280046
-17.835637143254868
-17.766948884839646
-17.6990454195613
-17.631915475854722
-17.565547901793586
-17.499931663904505
-17.43505584617606
-17.370909648963515
-17.30748238816825
-17.244763494311147
-17.18274251180979
-17.121409098175384
-17.060753023406676
-17.000764169282736
-16.941432528814794
-16.882748205673927
-16.824701413630386
-16.76728247610395
-16.710481825604024
-16.654290003321112
-16.59869765865841
-16.543695548759153
-16.489274538090566
-16.435425598000087
-16.382139806286084
-16.329408346750387
-16.277222508745105
-16.22557368677502
-16.17445337995356
-16.1238531916416
-16.073764828886684
-16.024180101986612
-15.975090923957001
-15.926489310059571
-15.878367377229313
-15.830717343564281
-15.783531527790034
-15.736802348628403
-15.69052232428875
-15.644684071821455
-15.599280306523964
-15.554303841327005
-15.509747586130546
-15.4656045471792
-15.42186771947418
-15.378530620395649
-15.335586220963974
-15.29302801262555
-15.250849473089335
-15.209044172257373
-15.167605771483682
-15.12652802280371
-15.085804768251139
-15.045429939014692
-15.005397554767665
-14.965701722837588
-14.92633663744073
-14.887296578919287
-14.848575912934306
-14.810169089688754
-14.77207064311535
-14.734275190078478
-14.696777429595192
-14.659572141985864
-14.622654188120404
-14.586018508542072
-14.549660122714545
-14.513574128187004
-14.477755699779605
-14.442200088744425
-14.4069026220016
-14.37185870131404
-14.337063802431468
-14.302513474315319
-14.268203338336392
-14.23412908743967
-14.200286485371342
-14.166671365835738
-14.133279631719464
-14.100107254278294
-14.067150272362989
-14.034404791598346
-14.001866983622172
-13.969533085277698
-13.937399397825871
-13.905462286207026
-13.87371817822059
-13.842163563788638
-13.810794994157988
-13.779609081170058
-13.748602496501318
-13.717771970898143
-13.687114293421791
-13.656626310743684
-13.626304926385568
-13.596147099965481
-13.566149846529239
-13.53631023578499
-13.506625391380965
-13.47709249025726
-13.447708761866917
-13.418471487525727
-13.389377999699258
-13.360425681342976
-13.331611965166934
-13.302934333022892
-13.27439031519743
-13.245977489745398
-13.217693481876813
-13.189535963233329
-13.161502651285462
-13.13359130873633
-13.105799742771552
-13.078125804538908
-13.050567388477875
-13.023122431710899
-12.995788913419155
-12.968564854276963
-12.941448315787648
-12.914437399789238
-12.887530247734228
-12.86072504024347
-12.834019996432435
-12.80741337339432
-12.780903465611193
-12.754488604426651
-12.728167157428201
-12.701937527992621
-12.67579815464742
-12.6497475106316
-12.623784103269845
-12.59790647353779
-12.57211319548121
-12.546402875716865
-12.520774152966794
-12.495225697478567
-12.469756210579368
-12.444364424202144
-12.419049100348394
-12.393809030651816
-12.36864303587246
