-202.34481257760902
-157.35653057910392
-155.4151909826387
-153.60408535829413
-151.92012382303042
-150.35332454728768
-148.89333628635404
-147.5306783105616
-146.25687639781341
-145.0643828373441
-143.9464664182878
-142.89710956579066
-141.91091845845892
-140.98304559865903
-140.10912322735388
-139.2852059833245
-138.50772141071724
-137.77342713252517
-137.0793736955524
-136.4228722512421
-135.80146636961476
-135.2129073943413
-134.6551328393569
-134.12624740447794
-133.62450625185232
-133.14830023893822
-132.69614284883843
-132.2666585967397
-131.8585727231109
-131.47070201123532
-131.1019465894082
-130.75128259741683
-130.4177556132997
-130.10047475032624
-129.79860734603963
-129.51137417537993
-129.23804512863092
-128.97793530242623
-128.73040145850823
-128.49483881049545
-128.270678103734
-128.05738295748094
-127.85444744961929
-127.66139386810457
-127.47777076486285
-127.30315102922583
-127.13713023078799
-126.97932505528478
-126.82937187457935
-126.68692543106538
-126.55165762588986
-126.42325640150655
-126.30142471005011
-126.18587955988555
-126.07635113345886
-125.97258197025617
-125.87432620928777
-125.7813488860552
-125.69342527943704
-125.61034030437403
-125.53188794660394
-125.45787073605665
-125.38809925582207
-125.3223916838873
-125.26057336508738
-125.202476410942
-125.14793932525295
-125.09680665352364
-125.04892865442407
-125.00416099168032
-124.96236444489729
-124.92340463795733
-124.88715178373667
-124.85348044399483
-124.82226930337801
-124.79340095656742
-124.76676170767246
-124.74224138105093
-124.71973314278969
-124.69913333214805
-124.68034130231484
-124.66325926987973
-124.64779217246837
-124.63384753402399
-124.62133533726823
-124.61016790289754
-124.6002597751094
-124.59152761308353
-124.58389008806665
-124.57726778573645
-124.57158311354523
-124.56676021276218
-124.56272487495684
-124.55940446268008
-124.55672783412264
-124.55462527153792
-124.55302841324226
-124.55187018900772
-124.55108475868288
-124.5506074538886
-124.55037472264071
-124.55032407676921
-124.55039404200915
-124.55052411064754
-124.55065469662054
-124.5507270929613
-124.55068343150721
-124.55046664478108
-124.55002042996833
-124.54928921491896
-124.54821812610385
-124.54675295846883
-124.54484014712368
-124.54242674081988
-124.53946037716484
-124.53588925953001
-124.53166213561283
-124.52672827761687
-124.52103746401295
-124.51453996285537
-124.50718651662099
-124.49892832854971
-124.48971705046166
-124.47950477202913
-124.46824401148757
-124.45588770776637
-124.44238921402429
-124.42770229257677
-124.41178111120063
-124.39458024080642
-124.37605465446572
-124.35615972778476
-124.33485124061367
-124.31208538008268
-124.287818744957
-124.26200835129869
-124.23461163942963
-124.20558648218415
-124.17489119444089
-124.1424845439242
-124.1083257632629
-124.07237456329337
-124.03459114759401
-123.99493622823326
-123.9533710427181
-123.90985737211949
-123.86435756035827
-123.81683453462551
-123.76725182691327
-123.7155735966282
-123.66176465425677
-123.60579048604818
-123.54761727968143
-123.48721195087154
-123.4245421708779
-123.35957639486287
-123.29228389105381
-123.22263477065194
-123.15060001843094
-123.07615152396261
-122.99926211340194
-122.91990558176184
-122.83805672560013
-122.7536913760399
-122.66678643203589
-122.57731989380015
-122.485270896289
-122.39061974265314
-122.29334793754606
-122.19343822018018
-122.09087459701763
-121.98564237397437
-121.87772818801415
-121.76712003800307
-121.65380731469021
-121.53778082967565
-121.41903284322387
-121.29755709077357
-121.17334880799372
-121.04640475423022
-120.91672323418477
-120.78430411766286
-120.64914885722827
-120.51126050359427
-120.37064371858423
-120.22730478549039
-120.08125161665967
-119.93249375813255
-119.78104239116709
-119.62691033047427
-119.4701120189975
-119.31066351907067
-119.14858249979169
-118.983885137797
-118.81659817782065
-118.64674485727585
-118.4743419094864
-118.29941816737289
-118.12200044114788
-117.94211694388983
