45765.36
115768.36529818692
116021.81093768872
116261.2288761456
116487.76558569822
116701.55222624939
116902.77505523954
117091.69407332856
117268.6337419974
117433.97289203176
117588.13321726525
117731.57619665722
117864.78440332673
117988.25989801562
118102.51526694291
118208.06689484461
118305.42937500123
118395.11060722976
118477.6077211212
118553.40374417248
118622.96495382406
118686.73884703165
118745.152658732
118798.6123608307
118847.50207580833
118892.18384265629
118932.99767753655
118970.2618767195
119004.27351481837
119035.30909672912
119063.62532695848
119089.4599649345
119113.03273966115
119134.54630104701
119154.18718927776
119172.12680668401
119188.52237977802
119203.51790147046
119217.24504582451
119229.8240494892
119241.36455560673
119251.96641732623
119261.72045904912
119270.70919459387
119279.00750204976
119286.68325576957
119293.79791636464
119300.40707994411
119306.56098803683
119312.30499994749
119317.6800293216
119322.7229467512
119327.46695046955
119331.94190691118
119336.17466318744
119340.18933324156
119344.00755956501
119347.64875216098
119351.13030648201
119354.4678019017
119357.67518221724
119360.7649196268
119363.7481635313
119366.63487533583
119369.43395052606
119372.15332902998
119374.80009489498
119377.38056623674
119379.90037631447
119382.364546508
119384.77755200698
119387.14338078443
119389.46558659512
119391.74733644119
119393.99145316838
119396.20045355301
119398.37658237123
119400.5218428527
119402.63802383647
119404.72672403343
119406.78937358725
119408.82725334128
119410.84151189208
119412.8331808185
119414.8031881711
119416.75237042089
119418.68148310563
119420.59121018811
119422.48217241059
119424.35493463198
119426.21001232936
119428.04787733169
120429.84041322008
120420.17982286419
120410.97165008014
120402.09793563695
120393.47573568176
120385.04666046948
120376.76955583146
120368.6153737209
120360.5635732715
120352.59959390615
120344.71308015723
120336.89663415989
120329.14493874252
120321.45414086516
120313.82141809109
120306.24467370748
120298.72232228817
120291.25313889775
120283.83615299546
120276.47057382716
120269.15573792726
120261.89107220156
120254.67606791825
120247.51026246665
120240.39322645096
120233.32455465377
120226.30385964968
120219.33076732406
120212.40491368243
120205.52594266222
120198.69350449748
120191.90725463752
120185.16685295835
120178.47196317924
120171.82225248586
120165.21739121055
120158.65705265357
120152.14091290899
120145.66865076091
120139.23994759702
120132.85448734793
120126.51195641478
120120.21204365342
120113.95444031399
120107.73884003048
120101.56493878986
120095.43243488809
120089.34102894686
120083.29042384987
120077.2803247397
120071.31043902147
120065.38047630271
120059.4901484035
120053.63916931859
120047.82725522814
120042.05412444845
120036.31949742898
120030.62309674727
120024.96464705952
120019.34387512312
120013.76050975261
120008.21428180386
120002.70492417536
119997.23217177542
119991.79576151878
119986.39543229133
119981.03092496253
119975.70198234526
119970.40834918423
119965.14977216469
119959.92599985735
119954.73678272965
119949.58187314084
119944.46102528597
119939.37399522951
119934.32054085421
119929.30042186067
119924.3133997654
119919.35923784987
119914.43770119901
119909.54855664108
119904.69157275237
119899.86651984298
119895.07316994967
119890.31129680906
119885.58067584959
119880.8810841761
119876.21230056944
119871.57410546328
119866.96628091518
119862.38861062456
119857.84087990531
119853.32287566377
119848.83438640296
119844.375202202
119839.94511470727
119835.54391710917
119831.17140413668
119826.82737206598
119822.51161866274
119818.2239432243
119813.9641465116
119809.7320307969
119805.52739979817
119801.35005869919
119797.19981413976
119793.07647417957
119788.97984831431
