219.52453241037975
127.26622828622322
129.33886824046505
131.3229455458974
133.21400345712166
135.00821262080035
136.7025444547789
138.29480798808257
139.7836463374354
141.16851191197483
142.449625596946
143.62792294277958
144.7049901738771
145.68299285262728
146.56459997474462
147.3529060962626
148.05135381982362
148.6636586287058
149.19373768212805
149.64564380233134
150.02350551520922
150.331473668645
150.57367485729537
150.75417163526424
150.87692930060527
150.945788886205
150.9644458863459
150.9364341816976
150.8651145914953
150.75366747401304
150.60508880912766
150.422189224442
150.2075954643866
149.96375384603138
149.69293529288078
149.3972415862058
149.07861252069773
148.73883369608933
148.3795447180273
148.0022476194142
147.6083153474069
147.1990001912576
146.7754420523238
146.33867648007137
145.88964241703252
145.42918961176818
144.95808567225285
144.47702274306465
143.98662379864155
143.48744855193522
142.9799989833363
142.46472449897993
141.94202673070004
141.41226399215347
140.8757554071615
140.33278472724297
139.78360385576673
139.22843451377548
138.667477633373
138.10090648891708
137.5288754846907
136.95152108532193
136.36896384717852
135.78131035506863
135.18865499163164
134.59108155154686
133.9886647121427
133.38147137123832
132.7695618623252
132.1529910564549
131.53180935960972
130.90606361360724
130.275797908095
129.64105196145317
129.00187081360178
128.35829238382806
127.71035632837126
127.05810250491119
126.40157138095277
125.74080439284627
125.0758442595227
124.40673525433766
123.73352343983092
123.05625686667479
122.37498574185233
121.68976256776087
121.0006422552549
120.30768221263182
119.61094241558857
118.91048545200556
118.20637655723829
117.49868362801911
116.78747722485272
116.0728305617185
115.35481948490234
114.63352244227514
113.909020444236
113.18139701744003
112.45073815234183
111.71713224549826
110.9806700374984
110.24144454731055
109.4995510037665
108.75508677483828
108.0081512952988
107.25884599329777
106.5072742163302
105.75354115701988
104.99775377909104
104.240020743852
103.48045233747
102.71916039927348
101.95625825127522
101.1918606290709
100.42608361423211
99.65904456827373
98.89086206824649
98.1216558439678
97.35154683937218
96.58065667698399
95.80910829085789
95.03702542659623
94.26453269145611
93.49175550060242
92.71881951340457
91.94585239652082
91.17298146044698
90.4003347807188
89.62804102199668
88.85622935296807
88.08502939049403
87.31457114753961
86.54498498107914
85.7764015392457
85.00895215562953
84.24276720930345
83.47797806995779
82.71471604088224
81.95311239628806
81.1932983499137
80.43540499504793
79.6795632384637
78.92590373137769
78.17455679779864
77.42565236025328
76.67931986284569
75.9356881916241
75.19488559224953
74.4570395849889
73.72227687707873
72.9907232725334
72.26250357949728
71.53774151526575
70.81655960912708
70.09907910320034
69.38541985147086
68.6757002172466
67.97003696928226
67.26854517683724
66.57133810395507
65.87852710326797
65.190221509646
64.50652853402572
63.8275531577635
63.1533980278681
62.48416335347588
61.81994680393503
61.1608434088682
60.506945460583935
59.85834241920223
59.21512082085721
58.577364189330055
57.94515295145689
57.31856435664327
56.69767240080271
56.082547755020016
55.47325769922129
54.869866061850715
54.272433160649854
53.68101576011673
53.095500058147266
52.51651296928701
51.94344270471775
51.376578952417866
50.815960067932984
50.261620733427584
49.71359190722433
49.17190081764596
48.636570968897324
48.10762215417998
47.58507047525739
47.06892836825649
46.55920463555408
46.05590448358832
45.55902956641245
45.06857803479147
44.584544590620915
44.10692054643193
43.63569388973075
43.170849351906845
