0.009143444013022103
0.00877752394594133
0.008452255371377273
0.008161715252483616
0.00790126478721245
0.0076670719209555645
0.007455918182056986
0.007265075580830819
0.0070922146525741435
0.006935334372372367
0.00679270429967485
0.006662820900219039
0.0065443711438666514
0.006436203207400814
0.006337302511967237
0.0062467719834939225
0.006163815682737009
0.006087725144126251
0.0060178679074645225
0.005953677836546037
0.005894646902995675
0.0058403181786480535
0.005790279830340069
0.005744159950579086
0.005701622088755916
0.0056623613723266195
0.005626101127142009
0.005592589921956845
0.005561598974942086
0.005532919870396968
0.005506362542311689
0.005481753488352686
0.005458934183535333
0.005437759667549763
0.005418097229442699
0.005399825499213908
0.005382833100858876
0.005367017968173461
0.005352286470036663
0.005338552671111281
0.005325737664218947
0.005313768966159976
0.0053025799700851224
0.005292109448426577
0.005282301101133712
0.005273103144587889
0.005264467937114101
0.005256351637476478
0.0052487138931526294
0.005241517555536923
0.005234728419532257
0.0052283149852615516
0.005222248239867679
0.005216501457580162
0.005211050016411429
0.005205871230008726
0.0052009441933321306
0.005196249640957981
0.005191769816920805
0.005187488355109433
0.005183390169323663
0.005179461352179752
0.005175689082126339
0.0051720615378981994
0.005168567819794713
0.00516519787722347
0.005161942441997885
0.005158792966921389
0.005155741569230855
0.00515278097850743
0.005149904488696435
0.005147105913907032
0.005144379547690341
0.005141720125518778
0.005139122790212527
0.005136583060079455
0.00513409679955382
0.005131660192136296
0.005129269715453947
0.0051269221182729694
0.005124614399310701
0.005122343787705309
0.005120107725404037
0.005117903848963257
0.005115729976720376
0.00511358409299414
0.005111464335546376
0.00510936898355487
0.005107296446591403
0.0051052452544277545
0.005103214047651185
0.00510120156897943
0.005099206655021948
0.005097228230106113
0.005095265297610837
0.005093316935010852
0.0050913822877664125
0.005089460564000431
0.005087551029589241
0.005085653003634459
0.005083765854286136
0.005081888994889309
0.005080021880428682
0.005078164004247759
0.005076314895020766
0.005074474113957345
0.005072641252221522
0.0050708159285478985
0.005068997787039238
0.005067186495131087
0.005065381741709756
0.005063583235371366
0.005061790702810454
0.005060003887327494
0.0050582225474454755
0.005056446455626344
0.005054675397078987
0.005052909168650663
0.005051147577794738
0.005049390441607673
0.005047637585929077
0.005045888844498518
0.0050441440581636835
0.005042403074134376
0.0050406657452771305
0.005038931929445802
0.005037201488843114
0.0050354742894087616
0.00503375020022933
0.00503202909296565
0.0050303108412930175
0.005028595320349524
0.005026882406187761
0.005025171975224793
0.005023463903685002
0.005021758067029869
0.005020054339368288
0.005018352592840191
0.005016652696965171
0.005014954517946959
0.005013257917922652
0.005011562754143995
0.005009868878075456
0.0050081761343909546
0.00500648435984697
0.005004793382004961
0.005003103017769626
0.005001413071700823
0.00499972333404639
0.004998033578427787
0.00499634355909123
0.004994653007609354
0.004992961628881317
0.00499126909622605
0.0049895750452878754
0.004987879066362535
0.0049861806945858365
0.0049844793971721936
0.004982774556486754
0.004981065447074881
0.004979351203648073
0.00497763077501775
0.004975902855173857
0.004974165763774473
0.004972417294619627
0.004970654355685836
0.004968872295439046
0.004967063178289802
0.0049652094818004745
0.004964821597461936
0.004964359806120697
0.004963831954508438
0.004963243385531234
0.0049625987723462515
0.004961902404742201
0.004961158251364513
0.004960369988523065
0.004959541022731191
0.004958674510957341
0.004957773379262187
0.004956840340015162
0.004955877907808597
0.00495488841416995
0.004953874021164015
0.004952836733969506
0.0049517784125082355
0.004950700782198947
0.004949605443902515
0.0049484938831199895
0.004947367478500364
0.004946227509710515
0.004945075164715812
0.004943911546516127
0.004942737679378645
0.004941554514605494
0.004940362935871554
0.004939163764164952
0.004937957762360293
0.004936745639452316
0.004935528054475733
