32.60940981903943
32.62074219464251
32.65292189761499
32.702907104528784
32.76939901774428
32.850657849897075
32.945167412557474
33.05154087656974
33.168520511184276
33.2949713183751
33.42987186360303
33.57230411027636
33.721443268763686
33.876548153741716
34.03695229616595
34.20205587973784
34.37131851935262
34.54425281688102
34.7204186519265
34.8994181179602
35.08089104333323
35.26451103114682
35.44998195386555
35.637034845532796
35.8254251458127
36.01493025705425
36.205347368359014
36.39649152227971
36.5881938866362
36.78030021562887
36.972669470258595
37.16517258808389
37.35769137650444
37.550117523326286
37.74235170379862
37.93430277735539
38.125887067963276
38.31702771371993
38.507654078534934
38.69770121871506
38.88710940637676
39.07582369215137
39.263793514113765
39.45097233812492
39.63731733414736
39.822789081404004
40.007351300194166
40.19097060768574
40.37361629609745
40.55526012733549
40.73587614989564
40.915440528560524
41.09393138927568
41.27132867705142
41.44761402565826
41.62277063799832
41.79678317544568
41.96963765888453
42.1413213732556
42.311822782382556
42.481131449612505
42.64923796443227
42.81613387454319
42.98181162290319
43.14626448928572
43.30948653598106
43.47147255726307
43.63221803231285
43.79171908190626
43.94997242540174
44.10697534445151
44.26272564630417
44.41722162945871
44.570462054055746
44.7224461104332
44.87317338919708
45.02264386006065
45.1708578407083
45.31781597894353
45.46351922618722
45.60796881775336
45.751166254195766
45.89311328071161
46.03381186962346
46.173264203261375
46.31147265826037
46.44843978832101
46.58416831113652
46.718661093749475
46.85192113910782
46.98395157323781
47.11475563298107
47.244336654288574
47.37269806101333
47.4998433541999
47.62577610183108
47.750499929017934
47.87401850860316
47.99633555216438
48.11745480139654
48.2373800198595
48.35611498461788
48.47366348002821
48.59002928910789
48.70521618704303
48.81922793453569
48.93206827142426
49.04374091058445
49.154249532087924
49.263597777614386
49.37178924511067
49.47882748368545
49.58471598873058
49.68945819727102
49.7930574835203
49.89551715501607
49.99684044749002
50.097030522160395
50.19609046171617
50.294023266865885
50.39083185307378
50.48651904746892
50.58108758593778
50.674540110377464
50.766879166122095
50.85810719953429
50.94822655575085
51.037239476595154
51.12514809863666
51.21195445140668
51.29766045576351
51.382267922407976
51.46577855054159
51.60981914910942
51.7551030496789
51.90130006496405
52.048104497341626
52.19523346826105
52.34242535934244
52.48943835939706
52.63604911111617
52.78205145107162
52.92725523675934
53.07148525465337
53.214580203720004
53.3563917479227
53.49678363482662
53.6356308733611
53.77281896752184
53.90824320173872
54.0418079741904
54.173426174628915
54.30301860355957
54.43051342986431
54.55584568418782
54.67895678562055
54.79979409940231
54.91831052354686
55.03446410244978
55.14821766568649
55.259538490345896
55.36839798535961
55.47477139640452
55.57863753005854
55.67997849597453
55.77877946593434
55.87502844871367
55.968716079766395
56.059835424799125
56.148381796371154
56.234352582709256
56.31774708797878
56.39856638319456
56.47681316765247
56.552491639153416
56.62560737355247
56.69616721251968
56.76417915911139
56.82965228066894
56.89259661859088
56.953023104550965
57.01094348276161
57.06637023767837
57.11931652790625
57.169796123801035
57.2178233507247
57.26341303586492
57.3065804600451
57.34734131281282
57.38571165126463
57.421707862248994
57.45534662773731
57.486644893169945
57.515619838599065
57.542288852468985
57.56666950789257
57.58877954130728
57.60863683342499
57.62625939243517
57.64166533949154
