5.0
3.4722374776511034
3.3587359182574317
3.25868752237628
3.1709078552119427
3.0942284662818462
3.027547737636413
2.9698523503535874
2.9202240479570785
2.877838529969824
2.8419602053677213
2.8119349411473293
2.787182056254657
2.767186289732678
2.7514901535311878
2.73968688319633
2.7314140779853013
2.7263480484242266
2.7241988466134357
2.7247059314967377
2.7276344105235713
2.732771795866716
2.7399252145173785
2.748919015180411
2.7595927196874026
2.7717992718978577
2.785403542269904
2.8002811018751967
2.816316926500423
2.833404779658405
2.851446201233586
2.870349877702927
2.890031052589631
2.9104110162049075
2.931416661367597
2.9529800937698405
2.9750382874019805
2.9975327769855444
3.020409380672546
3.043617947451006
3.067112124677506
3.0908491420353337
3.114789608949712
3.1388973231247
3.16313908838732
3.1874845404803334
3.211905979791149
3.2363782103101593
3.2608783843410705
3.285385852673725
3.3098820200542742
3.3343502059047094
3.358775510297652
3.3831446852426232
3.4074460113573886
3.4316691800035364
3.455805180960427
3.4798461956899156
3.503785496219112
3.527617349650183
3.5513369282677103
3.574940225179503
3.598423975415122
3.621785582356377
3.6450230493622735
3.6681349164300805
3.69112020169609
3.713978347593796
3.736709171440451
3.7593128202439643
3.781789729489181
3.804140585684295
3.8263662924203024
3.848467939724254
3.870446776469108
3.8923041856186424
3.9140416620956513
3.935660793054246
3.9571632403685966
3.9785507251379384
3.9998250140305505
4.02098790729952
4.042041228307511
4.0629868144140735
4.083826509085978
4.104562155104187
4.125195588752032
4.145728634868206
4.1661631026809545
4.186500782315968
4.2067434419120655
4.226892825260035
4.246950649906448
4.266918605654568
4.286798353417386
4.306591524370487
4.32629971935958
4.345924508535387
4.365467431170492
4.384929995637967
4.404313679523237
4.423619929844607
4.442850163368328
4.462005643829184
4.48108809894968
4.500098486146798
4.519038229745386
4.537908602045833
4.556710848148925
4.575446186503358
4.594115809506317
4.612720884110771
4.631262552426259
4.649741932323893
4.668160118028219
4.686518180704383
4.704817169035797
4.723058109789093
4.741242008368524
4.759369849356665
4.777442597042552
4.795461195937498
4.813426571274309
4.831339629497436
4.849201258733977
4.867012329257113
4.884773693932612
4.902486188653249
4.920150632759823
4.937767829452766
4.955338566189314
4.972863615067355
4.990343733201682
5.0077796630877955
5.025172132953721
5.042521857104123
5.059829536251106
5.077095857838546
5.09432149635514
5.1115071136399965
5.1286533591776085
5.145760870386536
5.162830272898142
5.179862180828076
5.196857197041959
5.213815913410325
5.2307389110596985
5.247626760614098
5.264480022432734
5.28129924683961
5.298084974346635
5.31483773587106
5.331558052948844
5.348246437940095
5.364903394228784
5.381529416420921
5.398124990533165
5.414690594178092
5.431226696747549
5.4477337595857
5.464212236162734
5.4806625722413465
5.497085206040922
5.513480568394247
5.529849082905233
5.546191166098435
5.562507227566421
5.578797670115321
5.595062889902142
5.611303276573469
5.627519213400605
5.643711077405188
5.6598792394906665
5.676024064564418
5.692145911659242
5.708245134050855
5.724322079374929
5.7403770897372315
5.756410501827538
5.7724226470217594
5.788413851492332
5.8043844363066865
5.820334717529582
5.83626500631995
5.852175609027577
5.868066827284014
5.883938958097488
5.89979229393802
5.915627122828698
5.931443728426932
5.947242390111286
5.963023383060367
5.978786978333203
5.994533442948499
6.010263039957873
6.025976028522236
6.041672663985292
6.05735319794273
6.073017878313654
6.088666949407499
