-29.112575645971912
-16.47217842943484
-16.545134135028484
-16.616598759951973
-16.68650888320541
-16.754795058516006
-16.821410378216708
-16.886329895316297
-16.949546477035252
-17.011066811917395
-17.070908017260795
-17.12909484325359
-17.185657414669247
-17.24062945381059
-17.29404692195717
-17.345947019305978
-17.396367479155934
-17.44534609912283
-17.492920453198636
-17.539127737456134
-17.58400470921123
-17.627587686286944
-17.669912581140064
-17.711014950834517
-17.750930049081482
-17.789692871093845
-17.82733818653804
-17.86390055618287
-17.89941433359907
-17.933913652306998
-17.967432389620495
-18.000004137466558
-18.031662145537563
-18.06243926513605
-18.092367886694095
-18.121479874537982
-18.14980650646079
-18.17737840195172
-18.20422546406581
-18.230376820311175
-18.255860769295907
-18.280704731827495
-18.304935208575742
-18.32857774350137
-18.351656893924574
-18.37419620676943
-18.396218202039837
-18.417744358784155
-18.43879511427387
-18.459389861367185
-18.479546954810505
-18.499283723983446
-18.518616484689296
-18.53756056119735
-18.556130277565416
-18.574339110331316
-18.592199526222636
-18.609723143828596
-18.6269207347598
-18.643802259652738
-18.660376905355395
-18.676653123367675
-18.692638668861793
-18.708340640170228
-18.723765518326644
-18.73891920662134
-18.753807069595165
-18.768433971437155
-18.78280431359915
-18.796922071323415
-18.81079082895191
-18.824413814031807
-18.837793929668692
-18.850933785561644
-18.86383572717497
-18.876501863224398
-18.88893409145986
-18.90113412224764
-18.913103500704036
-18.924843626592345
-18.93635577252114
-18.94764110020464
-18.95870067478482
-18.969535477409313
-18.980146415970214
-18.990534334138992
-19.000700018565144
-19.0106442044173
-19.0203675795713
-19.029870786893675
-19.039153053896342
-19.04821905075159
-19.05706516575891
-19.065693229691917
-19.07410364452738
-19.08229675096316
-19.090272820865735
-19.09688877696596
-19.096969898228803
-19.097032218320795
-19.09707559804574
-19.0971000619652
-19.097105671640172
-19.097092559967493
-19.097060887065798
-19.097010862424746
-19.096942663593353
-19.096856584699943
-19.09675288446611
-19.096631856024633
-19.096493810029607
-19.096339072224673
-19.096167981193926
-19.095980886560888
-19.09577814702267
-19.095560128873014
-19.095327204386315
-19.095079750566246
-19.094818147883316
-19.09454277912423
-19.094254028499243
-19.09395228061
-19.093637919679768
-19.093311328821688
-19.092972889226242
-19.092622979783936
-19.092261976380982
-19.091890251326646
-19.091508173129856
-19.091116106028128
-19.090714409499835
-19.09030343813554
-19.08988354128748
-19.08945506281405
-19.089018340935375
-19.08857370805924
-19.088121490551387
-19.08766200869369
-19.087195576542907
-19.086722501870348
-19.086243086081655
-19.08575762419256
-19.085266404843733
-19.08476971014356
-19.084267815812098
-19.0837609911734
-19.083249499137835
-19.082733596172393
-19.082213532572126
-19.08168955219844
-19.08116189280711
-19.080630785987736
-19.08009645714991
-19.079559125849357
-19.079019005574203
-19.07847630410215
-19.077931223312856
-19.077383959553092
-19.07683470351809
-19.076283640429917
-19.07573095017875
-19.07517680733343
-19.074621381241737
-19.07406483623748
-19.073507331676826
-19.072949021930924
-19.07239005670338
-19.07183058100159
-19.071270735193778
-19.070710655196265
-19.07015047259515
-19.069590314614487
-19.069030304345155
-19.06847056082182
-19.067911199029783
-19.06735233013336
-19.066794061391892
-19.066236496475934
-19.065679735379735
-19.0651238745782
-19.064569007138815
-19.0640152227634
-19.06346260787381
-19.062911245741763
-19.062361216549192
-19.06181259744663
-19.061265462655356
-19.06071988354582
-19.060175928738097
-19.059633664060765
-19.059093152879086
-19.058554455749807
-19.058017631025592
-19.057482734436316
-19.056949819481837
-19.056418937311687
-19.055890136836073
-19.055363464905845
-19.054838966163555
-19.054316683314223
