164769.7188
140581.70552202244
142645.82584704887
144800.2546330577
147020.68599243613
149301.942834128
151641.87078260654
154038.9582247398
156491.99880111185
159000.04494356664
161562.39303968597
164178.56424614336
166848.27848146277
169571.42403994538
172348.0256697314
175178.21353103124
178062.19484015153
181000.22938868654
183992.6095816598
187039.64519722914
190141.65274458926
193298.94907607377
196511.84877897467
199780.66481100905
203105.71183245606
206487.311709741
209925.8007083812
213421.53794549772
216974.91473125768
220586.3640125096
224256.37243953344
227985.48786353995
231774.33157734972
235623.60755297303
239534.11311235686
243506.74561593396
247542.51496367916
251642.5497409224
255808.1058068204
260040.57389268256
264341.48681694194
268712.52636648796
273155.5299058299
277672.4967885238
282265.59465340554
286937.16472903173
291689.7320526355
296526.0061649534
301448.8919509103
306461.4957160179
311567.13451820664
316769.3393882164
322071.87214551686
327478.73080627335
332994.1058537739
338622.61556137796
344368.9899066895
350238.3041462152
356235.9426050594
362367.6184183034
368639.395592878
375057.71365527273
381629.4151797043
388361.7765168259
395262.5420968623
402339.96270532196
409602.83819888456
417060.56518154684
424723.19023562106
432601.4693872059
440706.9345824053
449051.968070358
457649.88572336646
466515.0304886443
475662.87735620525
485110.15145694616
494874.96117289504
504976.94846680755
515437.45902334317
526279.7352582361
537529.135811629
549213.3858179661
561362.8630676632
574010.9261782323
587194.2921222652
600953.472065853
615333.2753301805
630383.3983798147
646159.1058883794
662721.2103234973
680141.148484373
698493.8226138703
717867.2087272904
738359.7965863398
760083.3186808496
783165.0458419201
807750.575435523
834007.2408754636
862128.3101487415
867755.8446975618
866649.2718778866
865488.087327266
864273.7170869898
863010.6865819992
861699.8416324544
860343.3874263018
858943.4989315934
857502.3544725961
856021.8632901784
854504.3622601976
852951.790474068
851366.1260252717
849749.3033835796
848103.2118672793
846429.6943334722
844730.5460863039
843007.5139884929
841262.2957723794
839496.5395356255
837711.8434108736
835909.7554000342
834091.7733603176
832259.3451303996
830413.8687873202
828556.6930200455
826689.117612418
824812.3940223547
822927.7260489844
821036.2705769773
819139.1383897956
817237.3950443687
815332.0617947252
813424.1165636509
811514.4949486635
809604.0912602604
807693.7595843094
805784.3148628392
803876.5339895315
801971.1569122067
800068.887741549
798170.3958592562
796276.3170238888
794387.254469542
792503.7799959047
790626.4350463082
788755.7317716026
786892.1540789151
785036.1586609435
783188.176007566
781348.6113959887
779517.8458601034
777696.2371363558
775884.1205865148
774081.8100980405
772289.598958443
770507.7607059953
768736.5499561056
766976.2032023825
765226.9395928993
763488.961682566
761762.4561608442
760047.5945540259
758344.5339060047
756653.4174331985
754974.3751580833
753307.5245182711
751652.970955574
750010.8084809062
748381.1202197426
746763.9789357731
745159.4475349181
743567.5795494106
741988.4196030973
740422.0038576676
738868.3604410368
737327.5098588656
735799.465388516
734284.2334571106
732781.8140033123
731292.2008245571
729815.3819086768
728351.3397522094
726900.0516647979
725461.4900595081
724035.6227320078
722622.4131257971
721221.8205871143
719833.8006076999
718458.3050568781
717095.2824033384
715744.6779265134
714406.4339187441
713080.4898775044
711766.7826898682
710465.246807516
709175.8144133665
707898.4155816678
706632.9784288522
705379.4292587527
704137.6927001533
