-29.80427090495554
-38.423471815318045
-37.419940008854134
-36.77628354398001
-36.490796350949616
-36.38665322150048
-36.36235615471751
-36.365854102621284
-36.3721581982371
-36.36987585168083
-36.354170193862984
-36.32327738863827
-36.27684528183552
-36.21515750186408
-36.13877821554888
-36.048393207552365
-35.94474098200772
-35.82858420643825
-35.70069860039961
-35.56186889748868
-35.41288729994154
-35.25455248346071
-35.08766838842898
-34.91304254495396
-34.73148389120616
-29.80427090495554
-38.423471815318045
-37.419940008854134
-36.77628354398001
-36.490796350949616
-36.38665322150048
-36.36235615471751
-36.365854102621284
-36.3721581982371
-36.36987585168083
-36.354170193862984
-36.32327738863827
-36.27684528183552
-36.21515750186408
-36.13877821554888
-36.048393207552365
-35.94474098200772
-35.82858420643825
-35.70069860039961
-35.56186889748868
-35.41288729994154
-35.25455248346071
-35.08766838842898
-34.91304254495396
-34.73148389120616
