83.63012767096339
83.42900675781739
83.2851986982183
83.19098968509036
83.14270287920179
83.1356314616712
83.16564427946096
83.22896578165597
83.32217643725801
83.4421957240073
83.5862570076884
83.75187945170933
83.9368398345883
84.13914570520808
84.35701059126153
84.5888314830487
84.83316864925443
85.0887276224655
85.35434323410368
85.6289654601724
85.91164690725127
86.2015317552164
86.49784597926637
86.79988869255298
87.10702447994638
87.41867661208582
87.73432101402713
88.05348091594324
88.37572208412556
88.7006485832988
89.0278989893076
89.35714301959807
89.6880785128341
90.02042873589039
90.35393996322765
90.68837930732096
91.02353278092932
91.35920355335193
91.69521038017878
92.03138618646071
92.36757680469555
92.70363982425238
93.03944356593189
93.37486614525947
93.70979463319449
94.04412429609951
94.37775790842723
94.71060513063742
95.04258194749784
95.37361015208229
95.70361688788141
96.03253422641636
96.36029878511202
96.68685137981818
97.01213670856366
97.33610306346061
97.65870206638849
97.97988843425134
98.29961975474643
98.61785628777791
98.93456078200573
99.2496983066489
99.56323609711883
99.87514341315568
100.18539140826105
100.49395300939906
100.800802805968
101.10591694720357
101.40927304859989
101.71085009938875
102.01062838554613
102.30858941207384
102.60471583075723
102.8989913787095
103.19140081280064
103.48192984751341
103.77056511253198
104.05729408772861
104.34210506801658
104.62498710854177
104.90592998500763
105.1849241562258
105.461960722095
105.73703138831935
106.01012843180871
106.28124466904593
106.55037342077937
106.81750848586117
107.08264411132261
107.34577496492457
107.60689610886531
107.86600297454052
108.12309133832761
108.3781572982845
108.63119725174906
108.88220787376413
109.1311860962968
109.37812908819643
109.62303423586415
109.86589912459524
110.10672152056817
110.34549935243405
110.58223069755715
110.81691376268729
111.04954686929023
111.28012843837806
111.5086569758303
111.73513105821978
111.95954931910535
112.1819104357882
112.40221311652053
112.62045608815117
112.83663808419517
113.05075783333191
113.26281404829696
113.47280541599736
113.68073058474293
113.8865881568367
114.09037667818866
114.29209462915055
114.49174041572623
114.68931236113836
114.88480869776775
115.07822755943286
115.26956697403016
115.45882485652396
115.64599900227125
115.83108708070121
116.01408662932201
116.19499504806888
116.37380959398511
116.55052737623856
116.72514535146279
117.0363978503298
117.35072420763328
117.66737427965981
117.9856539250845
118.30492113389232
118.62458242008594
118.94408946336321
119.26293598430298
119.58065483767597
119.89681530890262
120.21102059934564
120.52290548732464
120.8321341497414
121.13839813732157
121.4414144874155
121.74092396671826
122.03668943393366
122.32849431368265
122.61614117362681
122.89945039742993
123.17825894675543
123.4524192060377
123.72179790426505
123.98627510845802
124.24574328394077
124.50010641688075
124.74927919491246
124.99318624198176
125.231761403822
125.46494708074403
125.69269360466124
125.91495865747795
126.13170672818653
126.34290860618827
126.54854090853196
126.74858563891203
126.94302977641726
127.13186489215052
127.31508679196162
127.49269518340878
127.66469336663697
127.83108794525077
127.99188855834011
128.14710763112524
128.29676014328984
128.44086341388922
128.57943690178942
128.71250202065528
128.84008196756793
128.96220161211562
129.07888720439794
129.19016638712878
129.2960679793616
129.3966219874986
129.49185937092776
129.58181198814927
129.6665125074235
129.7459943249538
129.820291490128
129.8894386373793
129.9534709242632
130.012423975389
130.06633383188526
130.11523690613635
130.159169941595
130.19816997757917
130.2322743191199
