23.488989538747376
23.33112511745606
23.162771490910856
22.994302659390836
22.82754736867865
22.662806666498998
22.50006000002602
22.339223291415184
22.180204651269662
22.022915991536113
21.867275052144432
21.71320538451568
21.56063593734628
21.40950059944165
21.259737772174525
21.11128998286308
20.964103537477726
20.8181282087616
20.673316955786493
20.529625671344597
20.387012954002145
20.245439902032818
20.10486992679432
19.96526858341215
19.82660341689659
19.6888438220459
19.551960915686546
19.415927419972903
19.280717555618587
19.14630694406197
19.012672517682343
18.8797924372826
18.747646016141534
18.616213650015325
18.485476752534723
18.355417695503565
18.226019753656356
18.097267053478355
17.969144525732357
17.84163786137222
17.714733470555025
17.588418444492078
17.46268051990404
17.33750804587113
17.212889952870963
17.088815723863053
16.96527536722252
16.842259391404568
16.719758781200216
16.597764975464816
16.476269846210243
16.355265678961104
16.234745154283697
16.114701330404237
15.995127626839578
15.876017808970097
15.75736597349007
15.639166534675912
15.521414211417511
15.40410401496201
15.28723123732341
15.170791440314755
15.054780445163097
14.9391943226702
14.824029383884765
14.709282171254419
14.59494945022798
14.481028201280557
14.36751561233598
14.254409071562858
14.141706160522103
14.029404647645313
13.917502482024712
13.805997787496663
13.694888857001992
13.584174147207225
13.47385227337212
13.36392200444961
13.254382258405128
13.145232097743214
13.036470725229885
12.928097479799995
12.820111832639487
12.7125133834329
12.605301856767193
12.498477098683319
12.392039073367538
12.285987859974883
12.180323649577547
12.075046742231432
11.970157544154358
11.865656565009862
11.761544415290741
11.657821803796805
11.554489535201645
11.451548507703357
11.348999710754505
11.24684422286676
11.145083209485895
11.043717920932988
10.942749690407922
10.842179932051346
10.742010139061522
10.642241881862565
10.542876806320798
10.443916632005967
10.345363150494315
10.247218223710568
10.14948378230597
10.052161824069689
9.955254412370973
9.858763674629518
9.762691800811616
9.6670410419498
9.571813708683637
9.477012169819584
9.382638850907718
9.288696232833376
9.195186850421727
9.102113291053339
9.009478193288965
8.917284245501758
8.825534184515165
8.73423079424492
8.64337690434347
8.552975388845285
8.463029164811624
8.373541190973247
8.28451446636967
8.195952028983648
8.107856954369563
8.020232354274441
7.9330813752503895
7.846407197257268
7.760213032254461
7.674502122780637
7.58927774052044
7.5045431848570825
7.420301781409848
7.336556880555527
7.253311855932897
7.170570102929289
7.088335037148441
7.006610092858738
6.925398721421055
6.844704389695404
6.764530578425612
6.684880780601275
6.605758499796281
6.527167248483141
6.449110546322482
6.371591918426955
6.294614893598917
6.218183002541186
6.142299776040214
6.066968743120991
5.9921934291730246
5.917977354046695
5.844324030119335
5.7712369603303095
5.698719636184417
5.626775535722872
5.555408121461146
5.484620838292935
5.41441711135942
5.344800343883095
5.2757739149653
5.207341177346628
5.13950545512934
5.072270041460908
5.0056381961777365
4.93961314340818
4.87419806913385
4.8093961187082686
4.745210394331865
4.6816439524823465
4.618699801299417
4.556380897922868
4.494690145783082
4.433630391842958
4.37320442379039
4.3134149671803685
4.254264682525966
4.195756162337417
4.1378919281086946
4.080674427251057
4.02410602997316
3.9681890261075496
3.912925621883456
3.8583179366460767
3.8043679995227633
3.75107774603675
3.698449014669434
3.646483524295822
3.5951829466210548
3.544548809207145
3.4945824889873554
3.4452853023918686
3.3966584320655797
3.3487029372102413
