152.05142
148.88753141163477
148.80138682207442
148.70881426535257
148.61362363280466
148.51801701687384
148.423276046466
148.33013628938747
148.23901013154398
148.1501194680753
148.0635746654755
147.97942154082327
147.89766931472832
147.81830725271752
147.74131458708885
147.66666645226275
147.59433746048208
147.52430388671354
147.45654504036946
147.39104416898022
147.32778910092554
147.26677275257694
147.2079935769436
147.1514560026667
147.09717089593568
147.04515606885045
146.9954368531259
146.94804675616925
146.90302821651497
146.86043347687502
146.82032559530774
146.78277961822724
146.74788394307137
146.71574190354787
146.68647361661388
146.66021813788487
146.6371359812654
146.61741206950643
146.60125919541645
146.5889220889039
146.58068220316093
146.57686335427002
146.57783837221638
146.58403694709295
146.59595488063007
146.61416497684027
146.63932982022362
146.67221668510962
146.71371477455432
146.76485487037394
146.8268312297812
146.90102568631588
146.98902923314
147.09266577520373
147.21400323690503
147.35534966983076
147.5192167734209
147.70822777005642
147.9249352315445
148.171503199838
148.44920321700886
148.75769106204643
149.0940960265265
149.45209451136031
149.82134568057867
150.1878288920381
150.53550846090607
150.84917881049
151.11753294289878
151.33513003750926
151.50248974716504
151.62459908017115
151.70880533622838
151.76295842567973
151.79424275756693
151.8086411017709
151.81084044119754
151.80436549485353
151.79179449809058
151.77497820926473
151.75522836739387
151.73346677971256
151.71033762373014
151.68628949736782
151.66163419358722
151.63658825889485
151.6113021279404
151.58588042962177
151.56039608634018
151.53490007883516
151.50942819809447
151.484005709325
151.45863729064584
151.4333594978205
151.4081722257057
151.38309525895852
151.3581097213191
151.33322874298432
151.30845554416612
151.28379257465184
151.2592401038071
151.23480238212275
151.21047960272782
151.1862726297282
151.16218215764292
151.1382087352272
151.11435278370112
151.09061461089715
151.06699442241634
151.04349233059634
151.02010836188464
150.9968424630469
150.97369450651772
150.95066429511547
150.92775156627965
150.90495599594166
150.88227720210878
150.85971474821787
150.8372681462991
150.814936859977
150.7927203073305
150.77061786362617
150.74862886393964
150.726752605661
150.7049883509044
150.68333532883344
150.6617927378569
150.64035974778312
150.6190355018533
150.5978191187033
150.5767096942458
150.55570630346512
150.53480800214263
150.51401382850193
150.4933228047817
150.47273393873658
150.45224622506748
150.4318586467852
150.41157017650573
150.3913797776826
150.37128640577467
150.3512890093536
150.33138653115233
150.31157790905442
150.29186207702782
150.27223796600484
150.25270450470822
150.23326062042634
150.21390523973898
150.19463728919507
150.17545569594344
150.15635938831923
150.1373472963863
150.11841835243834
150.0995714914592
150.0808056515435
150.06211977428097
150.04351280510394
150.02498369359913
150.00653139378747
149.9881548643709
149.96985306894805
149.95162497620078
149.9334695600522
149.91538579979732
149.89737268020764
149.87942919161102
149.861554329948
149.84374709680472
149.8260064994254
149.8083315507027
149.7907212691502
149.77317467885538
149.75569693201703
149.7382745091597
149.72091292898938
