6.0523
7.114441471515488
7.131107589470686
7.147737106473017
7.164329112776927
7.1808889439812145
7.1974224710156465
7.213935466095911
7.230433537592198
7.246922128378049
7.263406521159495
7.279891844470011
7.29638307862314
7.3128850615411665
7.329402494448162
7.345939947424845
7.36250186482353
7.379092570542843
7.395716273161791
7.412377070933445
7.429078956639082
7.445825822303524
7.462621463773192
7.479469585158355
7.496373803141299
7.513337651152273
7.530364583415724
7.5474579788682465
7.56462114495128
7.581857321280494
7.599169683194124
7.6165613451830465
7.63403536420431
7.651594742881133
7.669242432590991
7.686981336444465
7.704814312156528
7.722744174812685
7.740773699531438
7.758905624025208
7.777142651060857
7.795487450821786
7.8139426631724165
7.83251089982656
7.851194746420217
7.869996764489749
7.888919493356088
7.907965451914786
7.927137140332559
7.946437041649711
7.965867623288337
7.985431338465576
8.005130627510903
8.024967919086569
8.044945631309469
8.065066172773095
8.085331943467306
8.105745335593946
8.126308734275657
8.147024518155204
8.16789505988221
8.188922726484147
8.210109879617539
8.23145887569624
8.252972065892102
8.274651796003798
8.296500406189358
8.318520230557803
8.340713596613803
8.363082824551793
8.38563022639264
8.40835810495834
8.431268752678434
8.454364450222771
8.477647464954728
8.501120049199015
8.52478443831822
8.548642848592497
8.572697474896666
8.596950488169108
8.621404032667561
8.646060223006357
8.670921140970984
8.695988832105243
8.721265302067376
8.74675251275219
8.772452378176183
8.79836676012386
8.824497463554323
8.850846231767438
8.877414741330545
8.904204596767329
8.931217325011385
8.958454369628955
8.985917084815236
9.013606729171991
9.041524459273342
9.06967132303015
9.098048252863551
9.126656058700549
9.155495420806457
9.184566882469609
9.213870842557116
9.243407547960926
9.273177085956162
9.303179376494917
9.333414164461127
9.363881011913499
9.394579290345506
9.425508172993204
9.456666627223127
9.488053407034501
9.519667045710968
9.551505848658964
9.583567886470789
9.615850988251703
9.648352735251038
9.681070454838528
9.714001214867082
9.747141818463836
9.780488979901108
9.81403859907389
9.847786837997631
9.881729398828803
9.915861700829629
9.950178878591727
9.984675780966494
10.019346970737253
10.05418672506543
10.089189036740173
10.124347616258149
10.159655894757284
10.195107027823711
10.230693900189106
10.26640913132961
10.448506051286104
10.612793047052925
10.769562788543366
10.919918488722704
11.064762038352642
11.20483760939612
11.34076328109981
11.473055233312103
11.602146566418025
11.728402108188966
11.85213018075476
11.973592039161815
12.093009508297673
12.210571212516554
12.326437696170228
12.440745662708428
12.553611507722199
12.665134282161658
12.77539819239798
12.884474721279446
12.992424437040256
13.09929854354517
13.205140214932808
13.309985749553169
13.413865571651916
13.516805104147387
13.618825531776679
13.719944470633271
13.820176557505574
13.919533970325402
14.018026889344334
14.115663907295188
14.21245239570771
14.308398833683997
14.403854039357403
14.498521877424091
14.59231108501048
14.685227453707265
14.77727698866117
14.868466453079806
14.95880340546199
15.048296421817598
15.136955308317754
15.22479131933285
15.311817394190689
15.398048421393593
15.483501541035023
15.56819649887689
15.652156069261004
15.73540656912412
15.81797849244319
15.899907304317656
15.981234447895666
16.06200863747368
16.142287540481412
16.222139994727566
16.301648973471387
16.38091561346754
16.460064784159798
16.53925294277727
16.61867947047737
16.698603475031444
16.77936949560301
16.861448350714152
16.94550516079585
