14.157911284429547
14.042058496817987
13.917640583917686
13.80227691725455
13.695266433164782
13.595743654594822
13.502946948189216
13.416182247533328
13.334823008320148
13.258306885193376
13.186130873680252
13.11784590094161
13.053051415016864
12.991390246126365
12.93254387386623
12.876228141005342
12.822189420993581
12.77020120680656
12.720061095227257
12.671588120226508
12.624620401028446
12.579013068459362
12.53463643537841
12.491374379844693
12.44912291633924
12.407788932299615
12.36728906717746
12.327548718581983
12.288501157125989
12.250086739994158
12.212252207658311
12.17495005774347
12.138137983289312
12.101778370514461
12.065837846953706
12.030286875137953
11.995099388052333
11.960252459903858
11.925726008665173
11.891502526167244
11.857566835937892
11.823905871637011
11.790508477442488
11.757365225458319
11.72446824990416
11.691811096613435
11.659388585028813
11.627196682685113
11.595232390720032
11.563493638097153
11.531979186314196
11.500688541135434
11.469621872034201
11.438779938255346
11.408164020886726
11.377775860661357
11.347617600735934
11.317691734746267
11.288001057960399
11.258548623377884
11.229337700922171
11.200371740324389
11.171654336836403
11.143189199736078
11.114980123745468
11.087030962529267
11.059345604648822
11.031927951349118
11.004781896844223
10.977911309211484
10.95132001434942
10.925011780554456
10.89899030471328
10.87325920022059
10.847821985462138
10.822682073304483
10.79784276327233
10.77330723206151
10.749078527859176
10.725159563067566
10.701553109092892
10.67826179200616
10.655288088030746
10.632634320376052
10.610302656299439
10.588295104932428
10.56661351515883
10.545259574686634
10.524234808988572
10.503540580895953
10.483178090339646
10.46314837472305
10.443452309215548
10.424090607752193
10.40506382400779
10.386372352741436
10.36801643123539
10.349996141050994
10.332311409902738
10.314962013708648
10.297947578716148
10.281267583811204
10.26492136324168
10.248908108716474
10.233226872275422
10.217876568846027
10.202855979131439
10.188163752316663
10.17379840896077
10.159758343915334
10.146041829213074
10.132647017007244
10.119571942594664
10.10681452726407
10.094372581420163
10.082243807465925
10.070425802652542
10.058916062209846
10.047711982165985
10.036810862317914
10.026209909058153
10.015906238325984
10.005896878292411
9.996178772287381
9.9867487815313
9.977603687795334
9.968740196207053
9.960154937771408
9.951844472074603
9.94380528983919
9.936033815467745
9.928526409473937
9.921279370968053
9.926860388903778
9.933068588019104
9.939836747469974
9.947102677854817
9.95480890079346
9.962902330496131
9.971333965908844
9.980058597612024
9.989034531430589
9.998223329687974
10.00758956961853
10.017100618755808
10.026726426044885
10.036439328235776
10.046213870209005
10.056026638386179
10.065856106380007
10.075682491830168
10.085487623820116
10.095254819901845
10.104968772104453
10.114615441310473
10.124181959297895
10.133656537921201
10.143028384924559
10.152287625885219
10.161425231903689
10.170432952495235
10.179303253481123
10.188029259438157
10.196604700301098
10.205023862040234
10.21328154091138
10.221373001172095
10.229293935927945
10.237040430973018
10.24460893135679
10.251996210507087
10.259199341756224
10.266215672046705
10.273042797744512
10.279678542331466
10.286120935894983
10.292368196271692
10.298418711756216
10.304271025236728
10.309923819648139
10.315375904696447
10.32062620472974
10.325673714071511
10.330517589197953
10.335157035881021
10.339591365005491
10.343819896508094
10.347842042667294
10.351657271527758
10.355265101483958
10.358665096427409
10.361856861459321
10.364840039095576
10.367614305956236
10.370179369878223
10.372534967449555
10.374680861925821
10.376616841517833
10.378342718034554
10.37985832589395
