8.262439598767218
5.920564597974625
5.918543133418243
5.916746482277848
5.915075904785045
5.913511988990657
5.912047595163637
5.910678127931047
5.909398359973634
5.9082052306361135
5.907094647135731
5.906062951591471
5.905106582296574
5.904222050988754
5.903405930817865
5.902654851938569
5.901965502379522
5.901334632391579
5.900759060868666
5.900235682762126
5.899761476713319
5.899333512312548
5.898948956643255
5.89860507984098
5.898299259528749
5.898028984130836
5.897791855022181
5.897585587605225
5.897408011394007
5.897257069205321
5.897130815551855
5.8970274143965336
5.896945136313554
5.896882355220688
5.896838552266692
5.896809272859495
5.896796203493448
5.896797084265876
5.896810746881975
5.896836102181903
5.896872135741465
5.896917903668929
5.89697252850716
5.8970351952806555
5.89710514764444
5.897181684219161
5.897264155049794
5.897351958248704
5.897444536804789
5.897541375539813
5.897641998251424
5.89774596501001
5.897852869607573
5.897962337181555
5.8980740219645
5.898187605181703
5.89830279310068
5.898419315184453
5.89853692239898
5.8986553856045525
5.898774494079675
5.898894054143159
5.899013887867033
5.899133831892675
5.89925373632239
5.899373463696131
5.8994928880329915
5.899611893965915
5.899730375914496
5.8998482373385706
5.899965390028151
5.900081753473536
5.900197254251486
5.900311825483868
5.900425406322295
5.900537941477566
5.900649380782125
5.900759678791874
5.900868794401509
5.900976690524626
5.901083333748186
5.901188694063223
5.901292743373936
5.901395460050593
5.901496821530762
5.901596808835683
5.901695405314555
5.901792596276823
5.901888368954241
5.901982712274887
5.90207561682577
5.902167074536159
5.902257079952463
5.902345625211667
5.902432707177971
5.902518322510502
5.902602468806193
5.902685144496789
5.902766348783112
5.902846081562967
5.902924343357074
5.903001135254361
5.903076458852504
5.903150316196688
5.903222709740861
5.903293642289929
5.903363116964182
5.903431137148536
5.903497706461613
5.903562828712346
5.903626507861221
5.903688747994733
5.903749553290957
5.903808927979125
5.903866876317371
5.903923402558154
5.9039785109214185
5.904032205565086
5.904084490550062
5.904135369819104
5.90418484715858
5.904232926178893
5.9042796102680235
5.904324902571239
5.904368805955882
5.904411322968654
5.904452455803358
5.9044922062564185
5.904530575693103
5.904567564988587
5.9046031744839755
5.904637403930755
5.904670252424583
5.90470171834735
5.904731799285799
5.904760491945628
5.9047877920672605
5.904813694312756
5.9048381921491995
5.904861277713188
5.904882941659355
5.904903172970489
5.904921958765252
5.90493928405047
5.904955131440385
5.904969480828378
5.904982308993699
5.904993589131805
5.9050032902930605
5.9050113766983445
5.90501780689515
5.905022532726926
5.905025498027102
5.9050266369782936
5.905025871986541
5.905023110935525
5.905018243507143
5.905011136224716
5.905001625589212
5.904989508291352
5.904974526888942
5.904956347965167
5.904934527367198
5.904908422808349
5.904877192037279
5.904839432256414
5.904792782331679
5.904732478966084
5.90464530329794
5.9060937751206755
5.906121291683536
5.9061472898570635
5.906172445662402
5.906196868837934
5.906220589044612
5.906243624710612
5.906265992775395
5.906287710019443
5.90630879320352
5.906329259049547
5.906349124203447
5.906368405191178
5.9063871184053856
5.906405280066299
5.90642290620905
5.906440012666786
5.906456615059625
5.906472728784382
5.906488369005565
5.906503550656822
5.906518288431473
5.9065325967896625
5.906546489950917
5.906559981897026
5.906573086383395
5.906585816930375
5.906598186837137
5.906610209175295
5.906621896810296
5.9066332623858795
