89.63148
74.63733136688381
75.43517614313754
76.2772485887007
77.14504463678533
78.0353924992992
78.94749910076852
79.88101463435561
80.8357449870147
81.81160491825527
82.80860286839
83.8268276139305
84.86643366209599
85.9276260878556
87.01064586175781
88.11575651280596
89.24323269220969
90.39335094273771
91.56638276639566
92.76258992419562
93.98222179569304
95.22551456420774
96.49269196601172
97.78396733913478
99.0995467209421
100.43963276647764
101.80442928651303
103.19414623313637
104.60900498707888
106.04924358626538
107.51512323366441
109.00693239226976
110.52499332591951
112.0696671098951
113.64135933353718
115.24052386904387
116.86766961953157
118.52336405208202
120.20823804080553
121.92299024374968
123.66839132930674
125.44528807535028
127.25460736974023
129.09736014738814
130.97464530354662
132.8876536283114
134.83767131295022
136.82608604246667
138.85438840708463
140.92417834016348
143.03717026290482
145.19519565934087
147.40021264228582
149.65430973077906
151.95968266708752
154.31876349940632
156.73404877668784
159.2082279475702
161.74416440518058
164.34490720052293
167.01370412144936
169.75401630629727
172.56953458125793
175.46419773411162
178.44221296314063
181.50807877341197
184.66661062901937
187.92296971456818
191.28269521094612
194.75174055184655
198.3365141998085
202.04392556653497
205.88143680452364
209.8571213179435
213.97972998671787
218.25876627120425
222.70457157453762
227.32842249268467
232.14264188728836
237.16072609051005
242.39749100445755
247.86924041705748
253.59396054438355
259.59154566184947
265.88406074923836
272.49604840426827
279.4548890040085
286.79122468589134
294.53946289544024
302.738372149837
311.43128006170673
320.66952484793177
330.50830430448605
341.0131337851821
352.258796914583
364.331775652302
377.3326257334536
389.09365214671175
388.46997507388147
387.830177249421
387.17530954576677
386.5057660292659
385.8232755025836
385.1279928681854
384.420663817932
383.70220672260774
382.9727373676239
382.23359056683324
381.4852455037141
380.7283671368587
379.9636040691597
379.1915882123171
378.4129344933011
377.62824061228054
376.83808685355837
376.0430359468218
375.24363297898606
374.440405353382
373.63386279525355
372.8244974006777
372.01278372599603
371.1991789160222
370.38412286721865
369.5680384234595
368.7513316020106
367.93439184539193
367.11759229853226
366.3012901071686
365.4858267344746
364.67152829496405
363.85870590263795
363.0476560302938
362.23866087927627
361.43198875698005
360.6278944601342
359.826619662613
359.02839330613995
358.2334319919753
357.4419403727992
356.65411154328336
355.87012742842165
355.09015916844965
354.3143674995505
353.54290313002724
352.7759071101185
352.0135111959445
351.25583820669823
350.50300237467354
349.7551096869082
349.0122582202373
348.274538466672
347.54203365137363
346.81482004193913
346.0929672481423
345.3765385143423
344.6655910016418
343.9601760626348
343.2603395060219
342.5661218537816
341.8775585888863
341.19468039475333
340.5175133864396
339.8460793334759
339.1803958743041
338.5204767231254
337.8663318691133
337.2179677672181
336.5753875223813
335.9385910662762
335.3075753267562
334.6823343905412
334.0628596596571
333.44914000081326
332.84116188886605
332.23890954438394
331.6423650648614
331.0515085509692
330.4663182264371
329.88677055357
329.3128403430836
328.744500859183
328.1817239200344
327.6244799935745
327.07273828886434
326.526466843369
325.985632606167
325.4502015172047
324.92013858281155
324.39540794763803
323.87597296339516
323.36179625349996
322.85283977603075
322.34906488155895
321.85043237030425
321.35690254471456
320.8684352605175
320.38498997466496
319.9065257907295
319.4330015026448
318.9643756352843
