9.8529e-05
0.00013106922540018413
0.00013137386018837466
0.00013167696527435
0.00013197841836846662
0.00013227831771028703
0.000132576782140405
0.00013287392881907882
0.00013316987084653918
0.00013346471710916507
0.0001337585723728758
0.00013405153740229914
0.00013434370908082906
0.00013463518052867206
0.0001349260412184492
0.00013521637708823126
0.00013550627065191828
0.0001357958011069126
0.00013608504443904127
0.0001363740735247029
0.00013666295823023302
0.00013695176550848146
0.00013724055949262563
0.00013752940158723588
0.00013781835055663144
0.00013810746261056425
0.00013839679148728752
0.00013868638853405707
0.0001389763027851319
0.00013926658103734322
0.00013955726792329827
0.00013984840598230383
0.00014014003572907781
0.00014043219572034438
0.00014072492261938744
0.00014101825125865928
0.00014131221470052333
0.00014160684429623564
0.00014190216974324516
0.00014219821914091446
0.00014249501904474681
0.00014279259451922496
0.00014309096918934292
0.00014339016529093678
0.00014369020371989805
0.00014399110408036962
0.00014429288473201597
0.00014459556283645184
0.00014489915440292993
0.00014520367433336614
0.00014550913646679519
0.00014581555362333797
0.00014612293764776203
0.00014643129945271984
0.00014674064906173418
0.00014705099565201092
0.00014736234759714454
0.00014767471250978683
0.00014798809728434043
0.00014830250813973253
0.0001486179506623262
0.00014893442984901883
0.0001492519501505636
0.00014957051551516142
0.00014989012943235008
0.0001502107949772129
0.00015053251485492764
0.00015085529144567646
0.00015117912684989174
0.000151504022933871
0.00015182998137571485
0.0001521570037115874
0.00015248509138225238
0.0001528142457798552
0.00015314446829489174
0.00015347576036330737
0.00015380812351365283
0.00015414155941420994
0.00015447606991999808
0.0001548116571195521
0.0001551483233813539
0.00015548607139978906
0.0001558249042404889
0.00015616482538489802
0.00015650583877390938
0.0001568479488503844
0.0001571911606003713
0.0001575354795928205
0.0001578809120175837
0.00015822746472147532
0.00015857514524216415
0.00015892396183965173
0.0001592739235250818
0.00015962504008663076
0.00015997732211219773
0.00016033078100863746
0.0001606854290172399
0.0001610412792251918
0.00016139834557271954
0.00016175664285564075
0.00016211618672303167
0.0001624769936697349
0.00016283908102342505
0.00016320246692596606
0.00016356717030879898
0.0001639332108621094
0.00016430060899753936
0.00016466938580422767
0.00016503956299797543
0.0001654111628633623
0.00016578420818866136
0.00016615872219342896
0.00016653472844867717
0.0001669122507895707
0.00016729131322062787
0.0001676719398134483
0.0001680541545970289
0.00016843798144078057
0.00016882344393040445
0.00016921056523684294
0.00016959936828172452
0.00016998987437695615
0.00017038210490476262
0.00017077607993857644
0.00017117181838932304
0.00017156933784050307
0.00017196865437946082
0.0001723697824255488
0.00017277273455593126
0.00017317752132985353
0.00017358415111223924
0.00017399262989754315
0.00017440296113483016
0.00017481514555510626
0.00017522918100195144
0.00018172739883949452
0.00018434398956425045
0.0001869241429338887
0.00018947743220061808
0.00019201156290655702
0.00019453283775642605
0.0001970464494119899
0.00019955669601697912
0.00020206714550809828
0.00020458076293004742
0.00020710001036128482
0.00020962692626455437
0.00021216318919009552
0.0002147101694465694
0.00021726897142534545
0.0002198404685963894
0.0002224253327086079
0.0002250240583699817
0.00022763698391664738
0.00023026430927966467
0.0002329061114058289
0.00023556235767195058
0.0002382329176414033
0.00024091757344105012
0.0002436160289809013
0.0002463279181947378
0.00024905281244450413
0.0002517902272028279
0.00025453962810485255
0.00025730043644143103
0.00026007203414997823
0.0002628537683457273
0.0002656449554245825
0.0002684448847583086
0.00027116750383681634
0.00027386959185571704
0.00027657119930840645
0.0002792714603974662
0.0002819695313976353
0.00028466451617115607
0.00028735550766296477
0.0002900415767349146
0.00029272176914148717
0.0002953951012918896
0.00029806055436707937
0.00030071706640249406
0.0003033635218215432
0.0003059987377343549
0.00030862144608075645
0.0003112302703690144
0.0003138236952994673
0.00031640002690232525
0.00031895733986298165
0.0003214934073017442
0.00032400560617150393
0.00032649078823068225
0.00032894510156108433
0.00033136373965974837
0.00033374058215921814
0.00033606766940059713
0.000338334415091634
0.000340526392533268
0.0003426233996608432
0.00034459624756838167
0.00034640116002880025
