1.4811
1.479485686809198
1.4792766842707712
1.4792564851686012
1.4792906609013514
1.4793485730346627
1.479418482315523
1.479495850426495
1.4795782266440625
1.479663996733565
1.479751976730828
1.4798412518672908
1.4799310963875512
1.480020925869954
1.480110265487265
1.4801987275520565
1.4802859949562044
1.4803718086231274
1.4804559578015708
1.4805382723984186
1.4806186168117936
1.4806968848807605
1.4807729957446871
1.480846890311552
1.4809185283405786
1.4809878858572272
1.4810549530151111
1.481119732154158
1.4811822361507154
1.481242486989352
1.4813005144132405
1.4813563548302326
1.4814100502982634
1.4814616475991234
1.4815111974806592
1.4815587539210164
1.481604373486696
1.4816481147730247
1.4816900379375892
1.4817302042084517
1.4817686755192763
1.4818055141612234
1.4818407824388165
1.4818745424695723
1.481906855858154
1.481937783599251
1.4819673857934246
1.4819957215543056
1.4820228488753184
1.4820488244992638
1.4820737038373797
1.482097540889028
1.4821203881941887
1.4821422967761013
1.4821633160886882
1.4821834940130079
1.4822028768583613
1.4822215093133155
1.4822394344690548
1.4822566938386053
1.4822733273253752
1.482289373295705
1.4823048685659708
1.482319848417154
1.48233434667364
1.4823483956813686
1.4823620263746118
1.482375268271127
1.482388149578664
1.4824006971612926
1.4824129366156023
1.482424892298013
1.4824365873899976
1.4824480438768721
1.4824592826543512
1.482470323554554
1.482481185321786
1.482491885743714
1.4825024416215042
1.4825128688592084
1.482523182447598
1.4825333965317082
1.4825435244361902
1.4825535787262778
1.4825635711982998
1.4825735129211695
1.4825834143021017
1.4825932850814822
1.4826031343695705
1.4826129706982643
1.4826228020002519
1.4826326357001087
1.4826424786528705
1.4826523372612088
1.4826622174395518
1.482672124664125
1.482682063965768
1.4826920399778605
1.4827020569438059
1.4827121187391892
1.482722228871054
1.4827323905372487
1.4827426066087266
1.4827528796289078
1.4827632118854739
1.4827736053548175
1.482784061784779
1.4827945826443245
1.482805169169886
1.4828158223761256
1.4828265430489296
1.4828373317612085
1.4828481889047007
1.482859114641675
1.4828701089958432
1.4828811717610597
1.4828923026054937
1.482903501006011
1.4829147662716766
1.4829260975755685
1.48293749392016
1.4829489541929635
1.482960477087044
1.48297206119761
1.4829837049737447
1.4829954067013915
1.4830071645744511
1.483018976604315
1.4830308407019226
1.4830427546419023
1.4830547160733984
1.4830667224887646
1.4830787712610385
1.4821194113681504
1.4822857253652884
1.4824227851727276
1.4825398756126091
1.4826430438258977
1.482736259247986
1.4828221496048384
1.4829024706588194
1.4829784078312147
1.4830507711839946
1.4831201219947148
1.4831868556406738
1.483251256035345
1.4833135316143224
1.4833738393328677
1.4834323006511028
1.483489012348404
1.483544053749843
1.4835974917474568
1.4836493841384781
1.4836997819502902
1.4837487310786035
1.483796273377913
1.4838424474333984
1.4838872891091912
1.483930831919342
1.4839731073300364
1.4840141448806943
1.4840539723754576
1.4840926159741639
1.4841301001793374
1.4841664479797014
1.4842016807995453
1.4842358185549247
1.4842688796174521
1.4843008808441476
1.4843318375463992
1.4843617634681099
1.4843906707849122
1.4844185700649937
1.4844454701721035
1.4844713783461885
1.4844963000596176
1.4845202389788401
1.484543196928027
1.4845651738092267
1.4845861674974856
1.4846061737927814
1.484625186316134
1.4846432728989092
1.4846602749491526
1.4846762490834085
1.4846911020699274
1.4847049636710794
1.4847177402792486
1.4847294063271212
1.4847399328118636
1.4847492869970143
1.4847574321928574
1.4847643274315552
1.4847699271931327
1.4847741810235897
1.4847770332122336
1.4847784224105307
1.4847782812784094
1.4847765361404617
1.484773106795063
