183.23089286445082
167.61128714769055
219.03265933881522
242.37502152795327
263.7987044472594
283.8039884622536
302.71265811604746
320.708363410133
337.89323070362065
354.32479742035486
370.03599187955865
385.04550088766206
399.3630807974317
412.9923789832803
425.9325477150153
438.17927723388095
449.72555122815027
460.5622713534307
470.6788221534151
480.06361128826074
488.7046018962964
496.58984444800546
503.7080099949229
510.04892312287484
515.6040902100859
183.23089286445082
167.61128714769055
219.03265933881522
242.37502152795327
263.7987044472594
283.8039884622536
302.71265811604746
320.708363410133
337.89323070362065
354.32479742035486
370.03599187955865
385.04550088766206
399.3630807974317
412.9923789832803
425.9325477150153
438.17927723388095
449.72555122815027
460.5622713534307
470.6788221534151
480.06361128826074
488.7046018962964
496.58984444800546
503.7080099949229
510.04892312287484
515.6040902100859
