304.7904825228895
226.28027581494277
228.1433592926271
229.92875761893458
231.6312637387797
233.2461891198069
234.7695241021344
236.1980005442975
237.52912121250714
238.76116839486775
239.89319480535104
240.92499855162984
241.85708411763108
242.6906116449211
243.42733702898494
244.06954543355656
244.61998077462215
245.08177355743095
245.45836919275396
245.75345860245088
245.97091257745507
246.11472099850496
246.18893769157938
246.19763138098767
246.14484293334448
246.03454886034882
245.87063086885328
245.65685111142884
245.3968326958384
245.09404495252963
244.75179292975238
244.37321058049153
243.96125711860276
243.5187160483437
243.04819640765083
242.55213580735804
242.03280489321634
241.49231290278087
240.93261403327296
240.35551437827382
239.76267922968722
239.15564057646512
238.53580466283938
237.90445949628761
237.2627822192702
236.6118462791529
235.9526283479212
235.2860149576367
234.61280882936634
233.9337348828621
233.24944592189448
232.56052799608187
231.86750544463388
231.170845630786
230.47096337815066
229.76822512181715
229.06295278804524
228.35542798385333
227.64589318740386
226.93455784153758
226.22159993156544
225.50716853839504
224.79138661028
224.07435333399465
223.35614634131022
222.63682376111183
221.9164261269988
221.19497814958999
220.47249036210158
219.74896064724342
219.0243756528115
218.29871210299765
217.57193801187427
216.8440157871959
216.11489548516823
215.38452721872233
214.65285454450935
213.91981710987173
213.1853513949144
212.44939139270488
211.71186923143117
210.9727157428613
210.23186097922513
209.4892346846274
208.74476672163004
207.9983874577929
207.2500281146182
206.49962108213208
205.74710019961577
204.99240101163392
204.235460990778
203.47621974044276
202.71461917316765
201.950603668784
201.18412021397532
200.41511852503203
199.64355115549094
198.86937359021172
198.09254432736574
197.3130249496811
196.5307801862022
195.745777965726
194.95798946297762
194.16738913850216
193.37395477317096
192.57766749810676
191.77851182076557
190.9764756478319
190.1715503055213
189.36373055780228
188.55301462300284
187.73940418919395
186.92290442868702
186.10352401192958
185.28127512102776
184.45617346307515
183.62823828342403
182.79749237897988
181.96396190645825
181.12767723841992
180.2886716770883
179.44698236075595
178.60265004572076
177.75571911991608
176.90623926601722
176.05425853752982
175.19983437491902
174.34302574224847
173.48389534865493
172.6225096053472
171.7589386236397
170.89325621688315
170.02553990069458
169.15587089040008
168.28433239494416
167.41101672248828
166.5360140321012
165.65942030641514
164.78133510522972
163.90186158415068
163.02110646844244
162.1391800155022
161.2561959705044
160.3722715156029
159.48752721250605
158.6020869381717
157.71607781339304
156.82963012405244
155.94287723487096
155.0559554954934
154.16900413879702
153.28216517133953
152.39558325590505
151.50940558614195
150.62378175333237
149.73886360537188
148.85480509808374
147.97176213903313
147.08989242405477
146.2093552667498
145.3303114212492
144.45292289859083
143.57735277709094
142.7037650071406
141.83232421088843
140.9631954773157
140.09654415323712
139.2325356307976
138.37133513206555
137.5131074913393
136.65801693581957
135.8062268653076
134.95789963160692
134.11319631832026
133.2722765217339
132.43529813348806
131.60241712572815
130.77378733774552
129.94956027655783
129.1298848966917
128.31516411894498
127.50487176950251
126.69971222889087
125.8996713386691
125.10488237153392
124.31547505349317
123.53157533681261
122.75330524280628
121.98078272285471
121.21412153030651
120.45343110242398
119.6988164524415
118.95037807190643
118.20821184344288
117.47240896403522
116.74305587888813
116.02023422586518
115.3040207904767
114.59448747133449
113.89170125595459
