3.1793483904508975
3.1826531042249675
3.185967659653803
3.1892920640504743
3.1926263329826345
3.19597048323706
3.199324532021209
3.2026884968581535
3.2060623955583925
3.209446246200105
3.2128400671102453
3.2162438768457124
3.219657694174499
3.22308153805685
3.2265154276264507
3.2299593821716677
3.2334134211168584
3.236877564003762
3.240351830472995
3.2438362402456415
3.2473308131049867
3.250835568878359
3.254350527419115
3.257875708588764
3.2614111322392403
3.2649568181953232
3.268512786237215
3.2720790560832698
3.2756556473728864
3.279242579649558
3.2828398723440873
3.286447544757968
3.290065616046928
3.2936941052046445
3.297333031046631
3.300982412194293
3.304642267059161
3.3083126138273027
3.311993470443918
3.3156848545981115
3.31938678370787
3.323099274905219
3.3268223450215917
3.3305560105734004
3.334300287747827
3.3380551923888273
3.341820739983377
3.3455969456479484
3.3493838241152525
3.3531813897212306
3.3569896563923276
3.360808637633057
3.3646383465138627
3.368478795659304
3.3723299972365752
3.376191962944378
3.3800647040021623
3.383948231139758
3.3878425545874227
3.3917476840663143
3.3956636287794235
3.3995903974029833
3.403527998078385
3.407476438404613
3.411435725431246
3.41540586565204
3.419386864999112
3.4233787288377733
3.42738146196203
3.4313950685907812
3.435419552364756
3.439454916344206
3.443501163007402
3.4475582942499514
3.451626311384985
3.4557052151442367
3.4597950056800535
3.4638956825683684
3.4680072448126658
3.472129690848985
3.476263018551983
3.4804072252420877
3.4845623076937837
3.488728262145054
3.49290508430801
3.497092769380733
3.501291312060366
3.505500706557465
3.5097209466116466
3.5139520255085483
3.518193936098116
3.5224466708142472
3.526710221695787
3.5309845804088975
3.5352697382708076
3.539565686274944
3.543872415117439
3.5481899152250165
3.5525181767842415
3.556857189772125
3.5612069439880556
3.565567429087042
3.569938634614228
3.574320550040653
3.57871316480021
3.583116468327743
3.587530450098262
3.591955099667164
3.596390406711438
3.6008363610717495
3.6052929527953386
3.609760172179627
3.6142380098164506
3.618726456636813
3.6232255039560335
3.6277351435191973
3.632255367546767
3.636786168764364
3.641327540515398
3.6458794767003875
3.6504419718960275
3.655015021380163
3.6595986211754687
3.6641927680922697
3.6687974597703414
3.673412694719542
3.6780384723590873
3.682674793055331
3.6873216581578694
3.691979070033816
3.696647032100087
3.701325548853551
3.7060146258988853
3.710714269974005
3.715424488972933
3.720177360531457
3.724939049824072
3.729709576882338
3.7344889748775123
3.739277289220654
3.744074574881659
3.7488808941733667
3.753696315042668
3.758520909749601
3.763354753835162
3.7681979253049023
3.773050503974957
3.777912570941224
3.7827842081424516
3.78766549799537
3.792556523085375
3.797457365900255
3.802368108597451
3.807288832797569
3.812219619398571
3.817160548406322
3.8221116987781443
3.8270731482767766
3.8320449733326276
3.837027248912637
3.8420200483943305
3.8470234434437947
3.852037503896456
3.857062297639534
3.8620978904950243
3.86714434610199
3.872201861947556
3.8772706649236492
3.882350813345782
3.887442362970969
3.8925453668127306
3.8976598750291354
3.90278593473685
3.907923589824115
3.913072880742478
3.918233844271122
3.9234065132468143
3.928590916250872
3.933787077242526
3.9389950151254562
3.944214743230921
3.9494462686965024
3.95468959171372
3.959944704610089
3.965211590720875
3.9704902229917876
3.975780562234588
3.9810825549307225
3.9863961304401707
3.991721197418283
3.9970576391638977
4.002405307503855
4.00776401463946
4.013133522100954
4.018513525509426
4.023903633109069
4.0293033347741245
4.034711955951621
4.040128586796972
4.045551968383953
