171.53841941770392
337.670801937825
338.1175749499918
338.5490275272337
338.96644850527684
339.3718611948556
339.76728347354947
340.1544840429319
340.5349291515395
340.90979891115245
341.2800252929824
341.6463333464398
342.0092790388299
342.3692818274738
342.72665188133584
343.0816124971361
343.4343184133157
343.78487070426576
344.1333288568572
344.4797205384145
344.8240494781949
345.16630180872795
345.5064511499126
345.8444626665968
346.18029628805516
346.51390924257896
346.8452580332607
347.1743012292866
347.5009954430906
347.82530406878044
348.14719252568347
348.46663002899567
348.7835898366171
349.0980493705462
349.4099902393162
349.7193981837949
350.0262629646579
350.33057820608957
350.6323412085075
350.9315527397
351.22821681285785
351.52234045769313
351.81393348986114
352.1030082825236
352.38957954337246
352.673664098995
352.95528068857516
353.2344497679169
353.51119332452885
353.78553470398657
354.0574984480367
354.3271101439818
354.5943962853334
354.8593841432678
355.12210164847716
355.3825772829398
355.6408399809609
355.8969190390087
356.1508440339124
356.40264474861135
356.6523511050084
356.8999931036527
357.1456007692858
357.3892041021918
357.63083303474497
357.87051739255
358.10828686025417
358.3441709510237
358.57819897996376
358.8104000406303
359.0408029847992
359.2694364047421
359.4963286182395
359.72150765565084
359.945001249118
360.166836823627
360.3870414895808
360.60564203704996
360.82266493112417
361.0381363085575
361.2520819754597
361.4645274058346
361.6754977409657
361.8850177894936
362.0931120281291
362.2998046028954
362.50511933074404
362.709079701766
362.9117088814438
363.1130297134694
363.31306472257995
363.5118361177119
363.7093657951923
363.9056753421727
364.10078604003877
364.2947188679002
364.4874945062352
364.6791333403558
364.86965546405906
365.05908068317143
365.247428519077
365.43471821227445
365.62096872581145
365.80619822724265
365.990426699844
366.17367072948986
366.3559487250943
366.53727831303024
366.717676861887
366.8971614856568
367.07574904679757
367.25345615911556
367.4302991907797
367.6062942670411
367.7814572730982
367.95580385680444
368.12934943131717
368.30210917773536
368.47409804764754
368.6453307656636
368.81582183187874
368.9855855242604
369.15463590107584
369.3229868031564
369.49065185626847
369.65764447328917
369.8239778564488
369.9896649995093
370.1547186899337
370.3191515109385
370.48297584358517
370.64620386888197
370.80884756975786
370.9709187330489
371.13242895149335
371.2933896256382
371.4538119658001
371.61370699393325
371.77308554551695
371.9319582713883
372.0903356396056
372.2482279372339
372.40564527216566
372.5625975749064
372.71909460029843
372.8751459293163
373.0307609707682
373.1859489630474
373.3407189758045
373.4950799116455
373.6490405078269
373.8026093379292
373.955794813478
374.1086051856105
374.2610485467358
374.4131328320973
374.56486582143407
374.7162551405921
374.8673082630565
375.0180325116124
375.1684350598745
375.3185229338752
375.46830301359836
375.61778203458425
375.76696658941484
375.91586312928365
376.0644779655309
376.21281727112097
376.3608870822292
376.5086932997043
376.65624169053115
376.80353788943626
376.95058740027224
377.09739559754547
377.2439677278848
377.39030891152447
377.5364241437282
377.68231829631117
377.8279961189945
377.97346224097845
378.11872117225346
378.26377730512286
378.4086349155855
378.5532981647757
378.69777110035324
378.8420576579712
378.98616166259484
379.130086829989
379.2738367680223
379.417414978139
379.56082485665894
379.7040696962067
379.8471526870668
379.9900769185088
380.1328453802101
380.27546096356207
380.417926462996
380.5602445773677
380.70241791124596
380.84444897626724
