769.9390907667109
633.4570628611576
634.3023810915705
635.1034031039533
635.8666744291672
636.599358983129
637.3076951552367
637.9968681028608
638.6711502310636
639.3340613756955
639.9885059581399
640.6368844438747
641.2811831381971
641.9230466465696
642.5638365829101
643.2046793493641
643.8465051940752
644.4900802743961
645.1360330840286
645.7848763176139
646.4370250254458
647.0928117387436
647.7524991111045
648.4162905155382
649.0843389525479
649.7567545579494
650.4336109458695
651.1149505796516
651.800789329002
652.4911203439473
653.1859173535927
653.8851374793304
654.588723637128
655.2966065912128
656.0087067113403
656.7249354774748
657.4451967687716
658.1693879680107
658.897400907832
659.6291226811184
660.3644363345245
661.1032214613313
661.8453552733959
662.5907102024104
663.3391599250687
664.0905740138783
664.8448210275267
665.6017681636844
666.3612814408604
667.1232258482754
667.8874654678772
668.6538635721099
669.4222827005461
670.1925847180931
670.9646308571278
671.7382817456129
672.5133974229774
673.2898373453294
674.0674603813525
674.8461248000907
675.6256882516533
676.4060077417583
677.1869396009159
677.9683394489566
678.7500621555157
679.5319617970305
680.313891610716
681.0957039459507
681.877250213438
682.6583808324892
683.4389451766962
684.2187915182758
684.9977669713087
685.7757174340717
686.5524875306644
687.3279205520784
688.1018583968745
688.8741415115902
689.6446088310098
690.4130977184042
691.179443905849
691.9434814347088
692.7050425963932
693.4639578734481
694.2200558810807
694.9731633091845
695.7231048649386
696.4697032160619
697.2127789347759
697.9521504425579
698.6876339557499
699.419043432088
700.1461905182194
700.868884498285
701.5869322436175
702.3001381636489
703.0083041580767
703.7112295703802
704.4087111427388
705.1005429724536
705.7865164699225
706.4664203182737
707.1400404347127
707.8071599336878
708.4675590919351
709.1210153155158
709.7673031089048
710.4061940462354
711.0374567447965
711.6608568408459
712.2761569678739
712.8831167373637
713.4814927221877
714.0710384426969
714.6515043556283
715.2226378459026
715.7841832214218
716.3358817109539
716.8774714651989
717.408687561128
717.9292620096833
718.4389237669351
718.9373987487614
719.4244098491538
719.8996769622083
720.3629170078868
720.8138439616052
721.2521688877217
721.6775999769753
722.0898425879116
722.4885992923676
722.873569925006
723.2444516369601
723.6009389535774
723.9427238362731
724.2694957484846
724.5809417257038
724.8767464495508
725.1565923258438
725.4201595665946
725.6671262758618
725.8971685393536
726.1099605176778
726.3051745431077
726.4824812197056
726.6415495266565
726.7820469246121
726.9036394648281
727.0059919009122
727.0887678028803
727.1516296733039
727.1942390652222
727.2162567015555
727.2173425956395
727.1971561725974
727.1553563911243
727.0916018653481
727.0055509863407
726.8968620428805
726.7651933410257
726.6102033220702
726.4315506784203
726.2288944669494
726.0018942193524
725.7502100490489
725.4735027541686
725.1714339161674
724.8436659936222
724.4898624107801
724.1096876404506
723.7028072808579
723.2688881260801
722.8075982297986
722.3186069620484
721.8015850587697
721.256204663995
720.6821393645863
720.0790642175049
719.446655769686
718.7845920706902
718.092552678404
717.3702186581935
716.6172725760105
715.8333984861364
715.0182819143649
714.1716098375935
713.2930706609991
712.3823541941116
711.4391516273512
710.4631555107713
709.4540597369934
708.4115595305645
707.3353514461874
706.2251253880326
705.0806167005892
703.901465713379
702.6874189435518
701.4381679517686
700.1534181109515
698.8328766267257
