87663.108924
768523.8518440742
771763.042733777
775462.4468271912
779439.2837611769
783491.4470286283
787536.3160613736
791516.6157939096
795398.2679700067
799162.112717534
802798.6796036831
806304.8063408956
809681.4183915717
812932.0460026707
816061.828388292
819076.8360771914
821983.6167438835
824788.8804414873
827499.2966921342
830121.354244143
832661.274698929
835124.9603133985
837517.9663604676
839845.4868412794
842112.356416837
844323.0579848655
846481.735742501
848592.211677733
850658.0020929747
852682.3399364618
854668.1897455588
856618.2711370749
858535.0749492147
860420.8819040746
862277.7791427048
864107.6752188462
865912.3166164575
867693.3007534302
869452.0895857633
871190.0186625104
872908.3124547425
874608.0911015603
876290.3810900135
877956.1238848271
879606.1815944341
881241.3483180758
882862.3519651353
884469.863067965
886064.5002798459
887646.8328279209
889217.3881842152
890776.654089687
892325.0833933926
893863.0969906815
895391.0862643673
896909.4169112707
898418.4316982032
899918.4526921194
901409.7818447815
902892.7053426444
904367.4928810111
905834.4018465986
907293.6770669534
908745.5518155028
910190.2512445637
911627.9910217506
913058.9799368024
914483.4189847178
915901.5058117213
917313.4302898974
918719.3799936145
920119.538076869
921514.0851737468
922903.1989986986
924287.0553344097
925665.8275450312
927039.6893480377
928408.8109943604
929773.3653091694
931133.5227635984
932489.4537488373
933841.3302797455
935189.3232654388
936533.6058455829
937874.3509482216
939211.7326137163
940545.9257545476
941877.1075059562
943205.4557287978
944531.1508169672
945854.3733917574
947175.3077388377
948494.1374477141
949811.050381925
951126.2354569067
952439.8843424994
953752.1899972368
955063.3482644089
956373.5572022608
957683.0173757448
958991.9309798786
960300.5036415091
961608.9445614819
962917.4627831429
964226.2724803458
965535.5886192173
966845.6308375307
968156.6200440702
969468.7804735107
970782.3396737118
972097.5275628046
973414.5769503578
974733.7247418656
976055.2088980436
977379.2731406955
978706.161936573
980036.1240091673
981369.4115404838
982706.279053871
984046.985575988
985391.7923534046
986740.9659641461
988094.773486689
989453.4881960466
990817.38630732
992186.7461757571
993561.8523684654
994942.9902179494
996330.4509043937
997724.5290635895
999125.5235786424
1000533.7358528137
1001949.4722357059
1627323.6107613442
1617980.3097661887
1608987.8924260784
1600338.147246849
1592022.0258877247
1584030.0747746273
1576352.7157258529
1568980.4165219504
1561903.7927742878
1555113.6823510947
1548601.1739820247
1542357.638948775
1536374.7333706226
1530644.408938786
1525158.9096796082
1519910.765545562
1514892.7906158646
1510098.069243217
1505519.955353613
1501152.058581015
1496988.235747782
1493022.585609612
1489249.4375112653
1485663.3425821194
1482259.0660017857
1479031.5779342724
1475976.0492630112
1473087.8368516306
1470362.4827343824
1467795.7068041845
1465383.3919381087
1463121.5887297962
1461006.5007493915
1459034.4833321148
1457202.033489426
1455505.7883318616
1453942.517483928
1452509.1176766502
1451202.6104066195
1450020.134522811
1448958.9416589688
1448016.3955851132
1447189.963930426
1446477.2147660216
1445875.815520876
1445383.5284173437
1444998.2041874232
1444717.7834386963
1444540.29286074
1444462.021695639
1444484.7786268443
1444605.023409756
1444822.949461719
1445133.2768181616
1445536.3352545623
1446030.6827645989
1446614.9530440795
1447287.8499942857
1448048.1550533564
1448894.726611241
1449826.510586104
1450842.5444504963
1451941.975873995
1453124.0839515268
1454388.3168566728
1455734.3497780513
1457162.1905787818
