7.653122016981296
7.642263608649079
7.6340656484592815
7.626158412704229
7.618277028842188
7.610391959071767
7.602499952462663
7.594600690864116
7.58669418231142
7.578780470412882
7.570859602023917
7.5629316236989315
7.554996581345746
7.547054520235254
7.539105485049581
7.5311495199335665
7.523186668545721
7.51521697410814
7.507240479455431
7.499257227082628
7.49126725919212
7.483270617739601
7.475267344479098
7.4672574810070635
7.459241068805583
7.451218149284728
7.443188763824041
7.435152953813241
7.4271107606921145
7.419062225989669
7.411007391362546
7.402946298632719
7.394878989824524
7.386805507201027
7.378725893299767
7.370640190967878
7.362548443396635
7.354450694155433
7.346346987225221
7.3382373670314065
7.330121878476245
7.3220005669707655
7.313873478466171
7.305740659484809
7.297602157150674
7.289458019219463
7.281308294108185
7.27315303092435
7.26499227949472
7.256826090393632
7.248654514970879
7.24047760537918
7.232295414601187
7.224107996476056
7.215915405725554
7.207717697979703
7.199514929801924
7.191307158713677
7.183094443218579
7.174876842825964
7.166654418073868
7.1584272305514
7.150195342920465
7.14195881893681
7.133717723470358
7.125472122524769
7.11722208325619
7.1089676739911525
7.100708964243554
7.092446024730665
7.084178927388125
7.075907745383821
7.0676325531306325
7.059353426297927
7.051070441821778
7.042783677913778
7.03449321406842
7.026199131068931
7.01790151099148
7.009600437207682
7.001295994385297
6.9929882684870375
6.984677346767402
6.976363317767409
6.968046271307163
6.959726298476152
6.951403491621155
6.943077944331697
6.934749751422913
6.926419008915763
6.918085814014478
6.909750265081138
6.901412461607329
6.893072504182725
6.88473049446059
6.876386535120049
6.868040729825097
6.859693183180281
6.851344000682936
6.842993288672016
6.834641154273391
6.826287705341622
6.817933050398175
6.809577298566069
6.801220559500941
6.79286294331858
6.784504560518908
6.776145521906494
6.767785938507643
6.7594259214841355
6.751065582043723
6.742705031347491
6.734344380414222
6.72598374002191
6.717623220606618
6.70926293215886
6.700902984117729
6.692543485263022
6.684184543605624
6.675826266276416
6.667468759542838
6.659112128188057
6.650756476135745
6.642401905878809
6.63404851845463
6.625696413341187
6.617345688346367
6.608996439498058
6.600648760936149
6.5923027448069815
6.583958481160708
6.575616057852045
6.567275560444857
6.558937072121088
6.550600673594455
6.543142962816682
6.534823781170931
6.526423868132192
6.518019880090185
6.509619806817093
6.501224836903479
6.492835398512083
6.484451766821641
6.476074138920828
6.467702653397078
6.4593374018659695
6.450978437699229
6.4426257829512865
6.434279433940063
6.4259393657914465
6.417605536175766
6.409277888407927
6.400956354041761
6.392640855058499
6.384331305726463
6.376027614191818
6.3677296838470765
6.359437414513927
6.351150703469216
6.342869446336788
6.334593537863162
6.326322872591239
6.318057345443257
6.309796852221792
6.301541290035595
6.293290557655419
6.285044555803559
6.276803187379532
6.26856635762313
6.260334569623756
6.252107021816467
6.243883331171812
6.235663388103243
6.2274471097185495
6.219234417211762
6.211025233023527
6.202819480282842
6.194617082223553
6.186417961447746
6.178222038990886
6.170029233141103
6.161839457950476
6.153652621355279
6.145468622793353
6.137287350166609
6.129108675940077
6.120932452088158
6.112758503481706
6.104586619137607
6.096416540495075
6.088247945490701
6.080080426593925
6.071913459992528
6.063746361528883
6.055578222312445
6.047407812274658
6.039233431492834
6.0310526731026615
6.022862029547862
6.014656205230289
