122238.334584
92806.77678137884
93022.78318430249
93259.70219393246
93508.5631714769
93763.85145540832
94022.29277406301
94281.95051056934
94541.68587062063
94800.8358012163
95059.0209156254
95316.03100295312
95571.75682769233
95826.14954514295
96079.19659285451
96330.90741442097
96581.30505446669
96830.42126387045
97078.29370887367
97324.9644471852
97570.47917404924
97814.88694420297
98058.24019701811
98300.59498495089
98542.01134934288
98782.55381446888
99022.29198744817
99261.30126254744
99499.66363600407
99737.46864325058
99974.81443559434
100211.8090182303
100448.57167673275
100685.2346250984
100921.94491529757
101158.86665648829
101396.18360188766
101634.10217310085
101872.8550059325
102112.70511871256
102353.95082442557
102596.93153178562
102842.03460798548
103089.70350694678
103340.44740040964
103594.85258255129
103853.59594617867
104117.46084169658
104387.35560582645
104664.33496018639
104949.6242671157
105244.64140259608
105551.04317495726
105870.72468029258
106205.85654729065
106558.88476706523
106932.50364125647
107329.57274710503
107752.94032579003
108205.12118307188
108687.76802089725
109200.88752889063
109741.81642831904
110304.12354709078
110876.8438255768
111444.66872566982
111989.64794417561
112494.34751102523
112945.44600908869
113336.21201393247
113666.84160023702
113942.86832295581
114172.7382028378
114365.61450521387
114529.94883290773
114672.81264745594
114799.76047585117
114914.97442896008
115021.51400115498
115121.57386155849
115216.7072357383
115308.00324568014
115396.22073129674
115481.88612049873
115565.36353734412
115646.90435177847
115726.68191137057
115804.8157208679
115881.3882148619
115956.45635930583
116030.05966087843
116102.2256888736
116172.98145638478
116242.33256731533
116310.28739455134
116376.84702520486
116442.02664380828
116505.8333944062
116568.27079223204
116629.34232009335
116689.05287906762
116747.40431886828
116804.39999126852
116860.04373127855
116914.33939949471
116967.29092325196
117018.9023185761
117069.17770103061
117118.12128945581
117165.73740516289
117212.03046825486
117257.00499213558
117300.66557692863
117343.01690225922
117384.06371971125
117423.81084516102
117462.26315112502
117499.42555921397
117535.30303274667
117569.90056957904
117603.22319516294
117635.27595585313
117666.0639124845
117695.59213421382
117723.86569264493
117750.88965619117
117776.6690847942
117801.2090248117
117824.51450425241
117846.59052822743
117867.44207475726
117887.07409066065
117905.49148787321
117922.69913992213
117938.70187866325
117953.50449125258
117967.11171734662
117979.52824652553
117990.75871593585
118000.80770814052
118009.67974917387
118017.37930679471
118023.9107889292
118029.27854229516
118033.48685120745
118036.5399365519
118038.44195492014
118039.19699790847
118038.80909155835
118037.28219594972
118034.62020492463
118030.82694594862
118025.90618009251
118019.86160213547
118012.69684078275
118004.41545898818
117995.02095438253
117984.51675979156
117972.9062438531
117960.1927117147
117946.37940581446
117931.46950673629
117915.46613413788
117898.37234774392
117880.19114840425
117860.92547920634
117840.57822664523
117819.15222184217
117796.65024180917
117773.07501075862
117748.42920144882
117722.7154365698
117695.93629015936
117668.12208558164
117639.21869601938
117609.25735827985
