0.1174688220288077
0.11607324161476813
0.11483646709070819
0.11373526637464981
0.11275141352825907
0.11186981471667315
0.11107776167121651
0.11036445815266532
0.1097206660154929
0.1091384336165099
0.10861087313926637
0.10813199004205142
0.10769654158656645
0.10729992250867594
0.10693807129640194
0.10660739282169475
0.1063046940523487
0.10602713030259091
0.10577216003322001
0.10553750663261441
0.1053211259326457
0.10512117846320136
0.10493600564359537
0.10476410926186153
0.10460413371356164
0.10445485056763566
0.10431514510350816
0.10418400452531522
0.10406050760895837
0.10394381557818118
0.1038331640389128
0.1037278558282283
0.10362725465659602
0.1035307794405447
0.1034378982031007
0.10334812769614371
0.10326102306481116
0.10317617837216152
0.10309322225165557
0.10301181492324987
0.1029316454960011
0.10285242952441377
0.10277390679112153
0.10269583929206685
0.10261800940327273
0.10254021821079004
0.1024622839875622
0.1023840408028069
0.1023053372511363
0.10222603529004608
0.10214600917563052
0.10206514448746086
0.10198333723451158
0.10190049303484248
0.10181652636248927
0.10173135985565732
0.10164492368088845
0.10155715494838691
0.10146799717413901
0.10137739978487378
0.10128531766227201
0.10119171072315401
0.10109654353267711
0.10099978494782819
0.10090140778873953
0.1008013885355678
0.10069970704887299
0.10059634631160373
0.10049129219096131
0.10038453321855441
0.10027606038739333
0.10016586696438395
0.10005394831710168
0.09994030175371635
0.09982492637503558
0.09970782293771571
0.09958899372776406
0.09946844244353013
0.09934617408744525
0.0992221948658255
0.09909651209611563
0.09896913412099151
0.0988400702587068
0.09870933061034895
0.0985769261690194
0.09844286863822502
0.09830717040443412
0.0981698444793828
0.09803090445150082
0.09789036443829385
0.0977482390432455
0.09760454331272109
0.09745929266235775
0.09731250299609012
0.09716419044003281
0.0970143714671393
0.0968630628300072
0.09671028153423616
0.09655604481353551
0.09640037010644655
0.09624327503455474
0.09608477738207977
0.09592489507673103
0.09576364617173795
0.0956010488289558
0.09543712130297002
0.09527188192611373
0.09510534909433233
0.09493754125382267
0.09476847688838724
0.09459817450744297
0.09442665263463024
0.09425392979697284
0.09408002451453655
0.09390495529054693
0.09372874060191831
0.09355139889015582
0.09337294855259153
0.09319340793391682
0.09301279531797557
0.09283112891978118
0.09264842687772631
0.09246470724594713
0.09227998798681072
0.09209428696348855
0.09190762193258246
0.09172001053676442
0.0915314702973928
0.09134201860706154
0.09115167272204247
0.09096044975456848
0.09076836666490802
0.09057544025317148
0.09038168715078601
0.09018712381156395
0.08999176650228241
0.08979563129268012
0.08959873404475815
0.08940109040125836
0.08920271577316892
0.08900362532607706
0.08880383396515987
0.08860335631855705
0.08840220671882036
0.08820039918206679
0.08799794738437713
0.08779486463487698
0.0875911638447909
0.0873868574915852
0.08718195757706465
0.08697647557797111
0.08677042238718839
0.08656380824305293
0.08635664264342496
0.08614893423996618
0.08594069070631642
0.08573191857125308
0.08552262300393586
0.08531280753207843
0.08510247366371881
0.08489162036603967
0.0846802433241632
0.0844683338455514
0.08425587712370054
0.08404284937444786
0.08382921305784674
0.08361490627573752
0.08339981729621863
0.083183692505551
0.0829838636375724
0.08278358711787694
0.08258290526174768
0.08238185059481949
0.0821804531002539
0.08197874119504388
0.08177674196255809
0.0815744812602936
0.08137198380422195
0.0811692732445809
0.08096637223562614
0.0807633025000697
0.08056008488865506
0.0803567394352445
0.08015328540776838
0.07994974135535356
0.07974612515192693
0.07954245403656371
0.07933874465083333
0.07913501307337405
0.07893127485190869
0.07872754503289965
0.07852383818902521
0.07832016844464422
0.07811654949940464
0.07791299465013747
0.07770951681117043
0.07750612853317983
0.07730284202069564
0.07709966914836049
0.07689662147604112
