18.279819649166775
18.024966339406422
17.771858845214133
17.519204496938407
17.26703676933281
17.01561625860561
16.765240380181453
16.5162085871421
16.268814705899857
16.02334410551805
15.780071859873837
15.539261255204428
15.301162541176462
15.066011911526124
14.834030709926125
14.60542485365425
14.380384463253398
14.159083682678885
13.941680671754536
13.72831775109732
13.519121678926144
13.314204039210319
13.113661721289164
12.917577472257328
12.726020504918017
12.539047145832246
12.356701509826248
12.179016189173153
12.006012947468436
11.83770340992122
11.674089743349441
11.51516532057608
11.360915365165521
11.211317573513163
11.066342712213059
10.925955189387475
10.79011359928253
10.658771239929544
10.531876604058318
10.409373843741156
10.291203209459962
10.177301464436104
10.067602275157226
9.962036579086424
9.860532930558024
9.763017825857709
9.66941600846059
9.579650755364138
9.493644145408723
9.411317310430402
9.332590670041077
9.257384150783036
9.185617390358955
9.117209927596138
9.052081378765724
8.99015160084371
8.931340835336009
8.875569875170727
8.822760148039247
8.772833865189234
8.725714116901
8.681324969040729
8.639591549488792
8.600440125354622
8.56379817150549
8.529594430855996
8.497758966847975
8.46822320854263
8.440919988740143
8.415783575535007
8.392749697707911
8.371755564346985
8.352739879670773
8.335642849185135
8.32040618998158
8.306973126465326
8.295288387929535
8.285298201304581
8.276950280556541
8.270193813073933
8.264979443340884
8.261259254167244
8.258986745741241
8.258116812750893
8.258605719807838
8.260411075392993
8.263491804530096
8.267808120379135
8.27332149492904
8.279994628955649
8.287791421398994
8.296676938301601
8.306617381438288
8.317580056756674
8.329533342737403
8.342446658772834
8.356290433653779
8.371036074244763
8.386655934420132
8.40312328432525
8.420412280019942
8.438497933554386
8.457356083521287
8.47696336612248
8.497297186782438
8.518335692336471
8.54005774381654
8.562442889853711
8.585471340712168
8.609123942966615
8.63338215483131
8.658228022146629
8.683644155026125
8.709613705165014
8.736120343808938
8.763148240380012
8.790682044029046
8.818706858767095
8.84720822497614
8.876172103733316
8.905584857316303
8.935433231432604
8.965704536316428
8.996385829983376
9.027465084581843
9.058930442672363
9.0907703279707
9.12297345111705
9.155528798940006
9.188425621794565
9.221653421059504
9.255201937081354
9.289061137595713
9.323220994607597
9.357672327766739
9.39240553673973
9.427411363481609
9.46268075098784
9.49820481325232
9.53397482370074
9.569982206634844
9.606218529437452
9.642675495206134
9.67934493575925
9.71621880499808
9.753289172614759
9.790548218136594
9.82798822529784
9.865601576730093
9.903380748962649
9.941318307724424
9.979406903539067
10.017639267605176
10.056008207953502
10.094506605873336
10.133127412600192
10.171863646257117
10.210708389042066
10.249654784653666
10.288696035948128
10.327825402819624
10.367036200296996
10.406321796849353
10.445675612893288
10.485091119494479
10.524561837256392
10.564081335388913
10.603643230949663
10.6432411882508
10.682868918424147
10.7225201791374
10.76218877445437
10.801868554831927
10.84155341724668
10.881237305444095
10.920914210303126
10.960578170309894
11.000223272128682
11.039843651275278
11.079433492869592
11.118987032472688
11.158498556996632
11.197962405681192
11.23737297113067
11.276724700404342
11.316012096153997
11.3552297178022
11.394372182755086
11.433434167643604
11.472410409587143
11.511295707473922
11.550084923252388
11.58877298322821
11.627354879361588
11.665825670559888
11.704180483960577
11.742414516199938
11.780523034663032
11.818501378710703
11.856344960879571
