678150.8967167999
741806.879916207
740144.0131282776
738464.941725126
736767.562864383
735051.2955136539
733315.7371224385
731560.5125422357
729785.2571889581
727989.6150505695
726173.2383525044
724335.7874254659
722476.9306148521
720596.3442139167
718693.7124183761
716768.7273020585
714821.0888132462
712850.5047915163
710856.6910047813
708839.37120635
706798.2772117263
704733.1489949485
702643.7348042177
700529.7912965821
698391.0836914553
696227.3859427156
694038.480929131
691824.1606628655
689584.2265157778
687318.4894632414
685026.7703451692
682708.9001439321
680364.7202788192
677994.0829166751
675596.8512983125
673172.9000802832
670722.1156915448
668244.3967045224
665739.6542200479
663207.8122655842
660648.8082061459
658062.5931672141
655449.1324689743
652808.406071079
650140.4090271344
647445.1519480207
644722.6614731323
641972.9807485082
639196.169910821
636392.3065760728
633561.4863318058
630703.8232315931
627819.4502904154
624908.5199795892
621971.2047196882
619007.6973699842
616018.2117127368
613002.9829306604
609962.2680757827
606896.3465279018
603805.5204406893
600690.1151735532
597550.4797071622
594386.9870405598
591200.0345679328
587990.0444321847
584757.4638545627
581502.7654359414
578226.4474295484
574929.0339815277
571611.0753375624
568273.148013093
564915.8549248473
561539.825481414
558145.7156305601
554734.2078611144
551306.0111572249
547861.8609028879
544402.5187347557
540928.7723412575
537441.4352062357
533941.3462953835
530429.3696839242
526906.3941240897
523373.3325511683
519831.1215270107
516280.72062011895
512723.11172160873
509159.2982965842
505590.30457065237
502017.17465157795
498440.9715863072
494862.77635383623
491283.686794695
487704.8164780525
484127.2935077554
480552.2592688744
476980.86711661454
473414.28100974986
469853.6740909946
466300.22721703345
462755.1274411889
459219.5664519805
455694.73897110124
452181.84111457766
448682.0687211248
445196.6156519488
441726.67206644843
438273.4226784761
434838.0449979976
431421.7075631489
428025.5681678468
424650.77209020144
421298.45032711176
417969.71784047276
414665.67182049114
411387.38997161627
408135.9533624774
404912.3468001175
401717.60390057164
398552.70792911074
395418.61462581786
392316.25074126996
389246.51263192634
386210.264920042
383208.33922265866
380241.53295401996
377310.6082054716
374416.29070663865
371559.26887137035
368740.192931612
365959.67416203313
363218.28419786715
360516.55444806215
357854.9756054317
371634.371554705
361967.42531432555
352800.77416863455
344092.5755255579
335806.93866269675
327912.7065581703
320382.51486206736
313192.0870565062
306319.69934482255
299745.76736979024
293452.52180901996
287423.74993659783
281644.5869437597
276101.3453558657
270781.3740174279
265672.9403148898
260765.13087247967
256047.76708776655
251511.33270252147
247146.91121948065
242946.13143740935
238901.1197275398
235004.45794327924
231249.1460632944
227628.5688304803
224136.46577706462
220766.90412693025
217514.25414645442
214373.1665785848
211338.5518455043
208405.56074464862
205614.01062884027
202971.03398155412
200418.8956203212
197953.36547210524
195570.37424516768
193266.02431497767
191036.55633167116
188878.33828390445
186787.85077007
184761.67125401527
182796.45746089186
180888.9295456316
179035.8505853407
177234.0048385029
175480.1730680927
173771.10403002065
172103.48096314954
170473.8815556687
168878.72936500036
167314.2339757934
165776.3162059629
164260.51327966043
162761.85687336064
161274.71397997244
159792.5761029126
158307.77552206002
156811.0968045503
155291.23481882762
153734.02266586802
152121.30559919233
150429.25344058077
148625.74985761507
146666.19720485524
144486.45454850065
