0.022373535766399204
0.022391364438340156
0.022408313401102668
0.022424450970973658
0.022439819255954487
0.022454456387180004
0.022468399041540143
0.022481682757480144
0.02249434200397356
0.02250641022158737
0.02251791986002199
0.022528902414788204
0.02253938846326674
0.022549407700134163
0.02255898897211507
0.022568160312024414
0.022576948972068633
0.022585381456380598
0.0225934835527668
0.022601280363650673
0.02260879633619922
0.022616055291623808
0.0226230804536489
0.0226298944761452
0.022636519469926047
0.022642977028708065
0.022649288254238745
0.022655473780594862
0.022661553797657344
0.022667548073769077
0.02267347597758281
0.0226793564991071
0.02268520826995876
0.022691049582830455
0.02269689841018257
0.022702772422168015
0.022708689003799364
0.02271466527136642
0.022720718088113507
0.022726864079184197
0.022733119645841116
0.022739500978968718
0.022746024071865052
0.02275270473232927
0.0227595585940501
0.02276660112730006
0.022773847648939784
0.022781313331735692
0.022789013212993463
0.022796962202509465
0.022805175089840923
0.022813666550894916
0.022822451153835983
0.022831543364310588
0.02284095754998616
0.022850707984401867
0.022860808850127205
0.022871274241223493
0.022882118165003393
0.022893354543081623
0.022904997211710867
0.022917059921394436
0.02292955633576831
0.02294250002974323
0.022955904486897976
0.02296978309611383
0.022984149147439844
0.02299901582717886
0.023014396212182806
0.023030303263346697
0.02304674981828977
0.023063748583212643
0.02308131212391946
0.023099452855993824
0.02311818303411781
0.023137514740523862
0.023157459872569692
0.023178030129427242
0.023199236997877206
0.023221091737202056
0.023243605363171344
0.023266788631114508
0.023290652018078055
0.023315205704065117
0.023340459552358316
0.023366423088928105
0.023393105480931396
0.02342051551430789
0.023448661570484763
0.023477551602202402
0.023507193108478357
0.023537593108729642
0.023568758116077306
0.023600694109861833
0.02363340650740197
0.023666900135034
0.02370117919847473
0.023736247252554334
0.02377210717037366
0.023808761111944007
0.0238462104923742
0.023884455949677086
0.02392349731227201
0.023963333566268494
0.024003962822622335
0.024045382284262194
0.024087588213292627
0.024130575898386256
0.024174339622485063
0.0242188726309388
0.024264167100214565
0.024310214107320087
0.024357003600088845
0.02440452436848357
0.024452764017078955
0.02450170893889241
0.024551344290736046
0.02460165397026825
0.024652620594927635
0.024704225482935542
0.024756448656049045
0.024809268740841755
0.024862663093487176
0.024916607693376343
0.02497107716337029
0.025026044767199516
0.025081482410248365
0.025137360643899497
0.025193648673605615
0.02525031437084621
0.02530732428911562
0.02536464368407665
0.025422236537998633
0.025480065588583067
0.025538092362260838
0.02554073472088422
0.025545488210106097
0.025552398797003308
0.025561465985348565
0.025572647177598138
0.02558586694473049
0.025601024743768706
0.025618000978665765
0.025636661769311234
0.02565686273606816
0.02567845202959351
0.025701272776896242
0.025725165071910076
0.0257499676077155
0.025775519024571703
0.025801659030798733
0.02582822934067014
0.025855074463706624
0.025882042372300715
0.02590898506886825
0.02593575906929854
0.025962225816047884
0.02598825203156424
0.02601371002067084
0.02603847792894428
0.026062439962899066
0.026085486576861695
0.026107514630724478
0.026128427522269966
0.026148135297414506
0.026166554741515087
0.02618360945479236
0.026199229914939445
0.02621335353009865
0.02622585191197578
0.026236659221195033
0.026245735314158847
0.02625304701176558
0.026258568225174327
0.026262280026833732
0.026264170780470473
0.02626423629063444
0.02626247999207436
0.026258913191595824
0.026253555378137408
0.026246434620629686
0.026237588078226754
0.026227062654155933
0.02621491583333666
0.026201216755956082
0.026186047595637005
0.026169505333588295
0.02615170405200889
0.026132777915331567
0.026112885073304736
0.026092212815978677
0.02607098445446416
0.02604946862123524
0.026027992028204956
0.02600695727529396
0.025986868223179343
0.025968367030108335
0.025952289803624923
0.02593975321002657
0.025932295234814745
