16.290412801911977
16.290273167593586
16.2901696366577
16.29007306995271
16.289977975193395
16.289883146658482
16.289788307336693
16.28969338475164
16.289598352076077
16.28950319314235
16.28940789467546
16.28931244452019
16.28921683119488
16.289121043743762
16.289025071660678
16.288928904833316
16.288832533496148
16.28873594818892
16.288639139719592
16.28854209913097
16.288444817670698
16.288347286764026
16.28824949798922
16.28815144305511
16.288053113780663
16.287954502076275
16.287855599926612
16.28775639937482
16.287656892507965
16.28755707144351
16.28745692831678
16.28735645526931
16.287255644437884
16.28715448794431
16.287052977885768
16.286951106325738
16.28684886528533
16.286746246735117
16.286643242587314
16.286539844688292
16.286436044811385
16.286331834649985
16.286227205810857
16.286122149807643
16.286016658054578
16.28591072186032
16.28580433242198
16.285697480819156
16.285590158008212
16.285482354816494
16.285374061936714
16.285265269921332
16.285155969176987
16.28504614995898
16.284935802365734
16.28482491633328
16.284713481629744
16.2846014878498
16.284488924409136
16.284375780538827
16.28426204527975
16.284147707476905
16.28403275577366
16.28391717860601
16.28380096419671
16.28368410054937
16.283566575442443
16.283448376423152
16.283329490801357
16.283209905643265
16.283089607765074
16.282968583726547
16.28284681982442
16.28272430208574
16.282601016261058
16.282476947817543
16.282352081931926
16.282226403483328
16.282099897045985
16.28197254688179
16.281844336932725
16.281715250813146
16.2815852718019
16.28145438283433
16.281322566494076
16.281189805004775
16.28105608022152
16.28092137362225
16.2807856662989
16.280648938948424
16.280511171863612
16.280372344923766
16.280232437585177
16.28009142887143
16.279949297363515
16.279806021189803
16.27966157801575
16.279515945033523
16.27936909895136
16.279221015982763
16.27907167183553
16.278921041700585
16.278769100240588
16.278615821578445
16.27846117928553
16.278305146369817
16.27814769526378
16.277988797812124
16.27782842525937
16.277666548237228
16.27750313675188
16.277338160171
16.277171587210734
16.277003385922463
16.276833523679475
16.276661967163474
16.27648868235101
16.276313634499807
16.276136788134963
16.275958107035123
16.275777554218596
16.275595091929368
16.275410681623164
16.275224283953502
16.275035858757732
16.274845365043163
16.274652760973243
16.274458003853873
16.274261050119815
16.274061855321325
16.273860374110964
16.273656560230663
16.273450366499112
16.27324174479944
16.273030646067355
16.272817020279682
16.272600816443425
16.272381982585387
16.272160465742477
16.27193621195266
16.271709166246733
16.271479272640978
16.271246474130727
16.27101071268506
16.27077192924256
16.270530063708403
16.270285054952783
16.270036840810835
16.269785358084206
16.26953054254431
16.269272328937607
16.26901065099279
16.268745441430312
16.2684766319742
16.26820415336652
16.2679279353845
16.26764790686068
16.26736399570621
16.267076128937454
16.266784232706332
16.266488232334392
16.26618805235105
16.265883616536183
16.265574847967336
16.265261669071887
16.264944001684416
16.264621767109585
16.26429488619087
16.263963279385486
16.26362686684574
16.26328556850731
16.262939304184684
16.26258799367416
16.26223155686475
16.261869913857396
16.261502985092836
16.261130691488482
16.26075295458474
16.260369696701012
16.259980841101946
16.259586312174005
16.259186035613002
16.258779938622634
16.258367950124537
16.25795000097999
16.257526024223598
16.257095955309126
16.256659732367645
16.256217296478173
16.25576859195077
16.25531356662224
16.254852172164263
16.254384364403876
16.253910104957896
16.253429356434697
16.252942089034622
16.25244828130072
16.251947913800205
16.251440974656077
16.250927458721357
