195.593688576
75.48189357152941
75.4614128727571
75.44109657069441
75.42073369435116
75.40029001317876
75.37975317106196
75.35911433180502
75.33836611708793
75.31750235879107
75.29651805490835
75.27540934987253
75.25417351934941
75.23280895724542
75.21131516461394
75.18969274035966
75.16794337366551
75.14606983813947
75.12407598755644
75.10196675317046
75.07974814254563
75.0574272398422
75.03501220750292
75.0125122892853
74.98993781459764
74.96730020407514
74.94461197632491
74.921886755839
74.89913928195233
74.87638541884644
74.85364216649528
74.83092767254686
74.80826124502339
74.78566336581393
74.76315570490559
74.74076113523257
74.71850374814971
74.69640886938886
74.67450307546265
74.6528142104417
74.63137140299588
74.6102050836317
74.58934700205153
74.56883024449404
74.54868925103501
74.52895983265552
74.5096791880461
74.49088592000412
74.47262005131167
74.45492303995243
74.43783779359478
74.42140868313517
74.40568155525423
74.39070374372828
74.37652407947927
74.36319289908548
74.35076205167152
74.33928490400743
74.3288163435831
74.3194127795769
74.31113214144511
74.30403387501926
74.29817893588401
74.2936297798267
74.29045035021542
74.28870606205159
74.28846378250812
74.28979180776619
74.29275983591941
74.29743893575163
74.30390151115736
74.31222126104781
74.32247313447192
74.33473328080272
74.34907899478556
74.36558865621693
74.38434166411211
74.40541836518216
74.42889997642126
74.45486850169236
74.48340664213573
74.51459770029571
74.54852547784769
74.58527416682078
74.62492823429399
74.66757230042765
74.71329100993205
74.76216889684467
74.81429024274908
74.86973892845687
74.92859827922062
74.99095090367855
75.05687852665766
75.12646181599553
75.19978020372581
75.27691170185399
75.35793271306824
75.44291783672936
75.53193967067365
75.625068609141
75.72237263752059
75.82391712431524
75.92976461109237
76.03997460099832
76.15460334657405
76.27370363762923
76.3973245900347
76.52551143617922
76.65830531813491
76.79574308428427
76.93785709058683
77.08467500728453
77.23621963222952
77.3925087117724
77.55355477041951
77.71936495014118
77.88994086061078
78.06527844132518
78.24536783673395
78.43019328539337
78.61973364704166
78.8139598408442
79.01283849070144
79.21632941891035
79.42438623253598
79.6369563166218
79.85398084745414
80.07539482650944
80.30112713551084
80.53110061286849
80.7652321518783
81.0034328206957
81.24560800401206
81.49165756643994
81.74147603709866
82.79637779237088
86.44755535487226
89.88194292450794
93.12120642282166
96.18441271645428
99.08835877539839
101.84785604802286
104.47598474107052
106.9843182283962
109.38311893801121
111.68150821655937
113.88761310473696
116.00869296386131
118.05124869253497
120.02111698644998
121.9235517883429
123.76329478219668
125.54463651875263
127.27146952548199
128.9473345509382
130.57546092072178
132.15880183559779
133.70006531837063
135.20174141254319
136.6661261480135
138.09534271612372
139.49136023467375
140.85601043271015
142.1910025411565
143.4979366405642
144.7783156870683
146.0335564135944
147.26499928467447
148.4739176666435
150.01189358398278
151.62188177905495
153.21624252199794
154.79595011109993
156.36183380235323
157.91487372586656
159.45604398359953
160.98636331000134
162.50690811978927
164.0188276329104
165.5233616590717
167.0218618150708
168.51581717356004
170.00688564491676
171.49693281605747
172.98808054947617
174.48276846313453
175.98383257467822
177.49460706568757
179.01905757810445
180.56195811275774
182.12912915665453
183.72776329461055
185.366878269553
187.0579598378414
188.81589443021605
190.66035724230636
192.61794038938385
194.72553202751538
197.03591237339964
199.6275121490519
