0.841468170726258
0.6809454710844033
0.6813940538876969
0.6818099056953597
0.6822011448866685
0.6825701790583908
0.6829184795164135
0.6832472612091848
0.6835577985204189
0.6838510581772946
0.6841280982824647
0.6843898829249362
0.6846373250922241
0.6848712905542025
0.6850926008913725
0.6853020359056629
0.6855003355823298
0.6856882017349382
0.68586629943535
0.6860352583054949
0.6861956737273947
0.6863481080112361
0.6864930915484588
0.6866311239662932
0.6867626752928175
0.6868881871356425
0.6870080738734231
0.6871227238566207
0.6872325006122332
0.6873377440463841
0.6874387716381836
0.6875358796186211
0.6876293441284159
0.6877194223495187
0.6878064028309099
0.6878903604957493
0.6879716496606855
0.6880504131255583
0.6881268290603566
0.6882010626881475
0.6882732671546901
0.6883435843433354
0.6884121456447995
0.6884790726835848
0.6885444780023152
0.6886084657051554
0.6886711320616691
0.6887325660726776
0.6887928499996638
0.6888520598594376
0.6889102658857242
0.6889675329594198
0.6890239210092077
0.6890794853841911
0.6891342772002361
0.6891883436615802
0.6892417283592397
0.6892944715477516
0.6893466104016003
0.689398179252711
0.6894492098102948
0.6894997313642343
0.689549770973196
0.6895993536384892
0.6896485024647355
0.6896972388082874
0.6897455824142693
0.6897935515430839
0.6898411630871891
0.6898884326788164
0.6899353747893439
0.6899820028209599
0.6900283291911534
0.6900743654106588
0.6901201221552431
0.6901656093319251
0.6902108361399535
0.690255811127042
0.6903005422411217
0.6903450368780862
0.6903893019257034
0.6904333438041454
0.690477168567265
0.6905207816804506
0.6905641884377052
0.6906073937360616
0.6906504021560318
0.6906932180025519
0.6907358453168599
0.69077828790103
0.6908205493328059
0.6908626329958558
0.6909045420172586
0.6909462795416886
0.690987848370317
0.691029251221976
0.6910704906829241
0.6911115692177829
0.6911524891796291
0.6911932528193406
0.691233862294203
0.6912743196758859
0.6913146269578324
0.6913547860620811
0.6913947988456036
0.6914346671062076
0.6914743925879986
0.6915139769864808
0.6915534219533208
0.6915927291007938
0.6916319000059761
0.6916709362146611
0.6917098392450762
0.6917486105914068
0.6917872517271365
0.6918257641082596
0.6918641491763649
0.6919024083616206
0.6919405430856898
0.691978554764583
0.6920164448114816
0.6920542146395829
0.6920918656648998
0.6921293993091823
0.6921668170028408
0.6922041201880101
0.692241310321717
0.6922783888792392
0.6923153573576517
0.6923522172796186
0.6923889701974826
0.6924256176977321
0.6924621614058516
0.6924986029916889
0.6925349441754006
0.6925711867340822
0.6926073325092249
0.6926433834151172
0.6926793414484013
0.6927152086989701
0.6927509873625118
0.6927866797549596
0.6928222883293316
0.692857815695381
0.6928932646427173
0.6929286381682129
0.692963939508648
0.6929991721799555
0.6930343400247472
0.6930694472703431
0.693104498600331
0.6931394992436888
0.6931744550870277
0.6932093728177287
0.6932442601089546
0.6932791258625687
0.6933139805335964
0.6933488365723118
0.6933837090404037
0.6934186164927109
0.6934535822789323
0.6934886365378891
0.6935238193943857
0.6935591887036907
0.6935948215946244
0.6936308461855576
0.6936674804887496
0.6937051689977992
0.6937451615933303
0.6935889675029373
0.6936196155480433
0.6936503431866725
0.6936810739546246
0.6937117937505256
0.6937424976018657
0.6937731820684113
0.6938038441433179
0.6938344810832249
0.6938650903717606
0.693895669702729
0.6939262169667811
0.6939567302391656
0.6939872077682302
0.6940176479645861
0.6940480493908742
0.694078410752151
0.6941087308868261
0.6941390087581232
0.6941692434460716
0.6941994341399396
0.6942295801311749
0.6942596808067224
0.6942897356427833
0.694319744198933
0.6943497061126289
0.6943796210940307
0.6944094889211541
0.694439309435337
0.6944690825369704
0.6944988081815106
