-243.232175378015
-368.80101040836786
-368.6422523070162
-368.4964248723829
-368.3609388887416
-368.23470898291464
-368.1169372872781
-368.00693511552004
-367.9040369028798
-367.8076937820111
-367.71736392685943
-367.63255959783794
-367.5528327162416
-367.4777712753734
-367.4069961632812
-367.34015833127603
-367.27693625777266
-367.2170336664552
-367.16017746503553
-367.1061158766439
-367.0546167404505
-367.0054659620107
-366.95846609648135
-366.9134350507982
-366.87020489252353
-366.82862075499315
-366.7885398296434
-366.7498304376171
-366.7123711736746
-366.67605011624084
-366.64076409809354
-366.6064180327972
-366.57292429241767
-366.5402021325454
-366.5081731417535
-366.47678079128895
-366.4459500082391
-366.41562662822315
-366.38575711204754
-366.3562921672191
-366.32718641408513
-366.29839808006204
-366.2698887176445
-366.2416229441272
-366.2135682013348
-366.18569453389085
-366.15797438459253
-366.13038240562935
-366.10289528443593
-366.0754915830556
-366.04815159001356
-366.0208571837204
-365.9935917065331
-365.96633984866185
-365.93908754114847
-365.9118218572247
-365.88453092141305
-365.85720382574317
-365.8298305525631
-365.80240190339805
-365.77490943341036
-365.74734539101297
-365.71970266222587
-365.6919747194175
-365.66415557407214
-365.636239733274
-365.60822215960604
-365.5800982342146
-365.55186372275534
-365.5235147440242
-365.4950477410351
-365.46645945437086
-365.43774689760414
-365.408907334641
-365.3799382588226
-365.3508373736452
-365.3216025749717
-365.29223193460984
-365.26272368514236
-365.23307620592783
-365.20328801013306
-365.1733577327638
-365.1432843402362
-365.113066242099
-365.0827025918787
-365.0521924155171
-365.0215347936923
-364.99072889226966
-364.9597739298876
-364.92866917865683
-364.89741394890405
-364.86600761288514
-364.8344492889022
-364.8027389320214
-364.7708757271859
-364.73885914365627
-364.7066886667595
-364.6743637937732
-364.6418840299586
-364.6092488847234
-364.5764578678969
-364.54351048611807
-364.51040623929333
-364.47714461711064
-364.44372509560174
-364.41014713370373
-364.37641016983
-364.34251361840063
-364.3084568663334
-364.2742392694569
-364.2398601488278
-364.20531878693583
-364.170614423757
-364.1357462526288
-364.1007134159317
-364.0655150005293
-364.03015003293916
-363.99461747419525
-363.9589162143537
-363.92304506660884
-363.8870027609478
-363.8507879373041
-363.81439913812346
-363.7778348002878
-363.74109324629956
-363.7041726746256
-363.6670711491034
-363.62978658726894
-363.5923167474716
-363.55465921458466
-363.5168113841403
-363.47877044463456
-363.44053335774186
-363.4020968361221
-363.3634573184308
-363.32461094109254
-363.28555350630546
-363.24628044562036
-363.2067867783314
-363.167067063732
-363.12711534609133
-363.0869250909302
-363.0464891108755
-363.0057994788955
-362.96484742620765
-362.9236232214055
-362.8821160263983
-362.84031372348915
-362.7982027061971
-362.75576762408275
-362.7129910685808
-362.66985318229666
-362.62633116766494
-362.5823986614075
-362.5380249271001
-362.49317379680997
-362.4478022594151
-362.40185853998946
-362.35527942647553
-362.3079864486493
-362.25988024346594
-362.2108319297505
-362.1606692902913
-362.10916427683634
-362.05594930035323
-362.0004899021579
-361.94184892193687
-361.8781280959523
-361.8039592932638
-361.9560533376254
-361.9164122990878
-361.8766598330051
-361.83681355227384
-361.79687746325783
-361.7568531910105
-361.7167419980332
-361.6765450726204
-361.6362635701265
-361.5958986190528
-361.55545132220726
-361.51492275724127
-361.4743139771524
-361.433626010852
-361.39285986375785
-361.3520165184405
-361.31109693528634
-361.27010205318504
-361.22903279022273
-361.1878900443805
-361.1466746942359
-361.1053875996527
-361.06402960246857
-361.02260152716195
-360.98110418151043
-360.9395383572356
-360.8979048306173
-360.8562043631029
-360.81443770188145
-360.7726055804563
-360.73070871917037
