3.3487029372102413
3.3027770333176836
3.2571620312599023
3.2116161610220155
3.166142692934834
3.1207872831169654
3.0756026483012953
3.0306420720075935
2.98595797831481
2.941601413737602
2.897621713898726
2.8540662319711005
2.810980109435218
2.768406086635685
2.7263843525864875
2.6849524329692716
2.644145114481618
2.603994403011442
2.5645295126065286
2.525776881877397
2.4877602143032367
2.4505005388826393
2.4140162876587827
2.3783233868270472
2.3434353583770604
2.309363429508623
2.2761166473722017
2.243701997003587
2.212124520636135
2.1813874368728405
2.1514922584778926
2.122438907798736
2.0942258290528786
2.066850096908117
2.0403075209509853
2.014592745777644
1.9896993465560988
1.9656199200010411
1.942346170775293
1.9198689933874322
1.8981785496962453
1.877264342161442
1.8571152829990025
1.8377197594102814
1.819065695058509
1.8011406079660113
1.7839316650016173
1.7674257331213534
1.7516094275176168
1.7364691568231552
1.7219911655070315
1.7081615735906457
1.6949664138032035
1.6823916662879441
1.6704232909631138
1.659047257635169
1.6482495739560588
1.6380163100303533
1.628333627506617
1.6191877934566254
1.6105652065145373
1.602452413377744
1.5948361256620671
1.5877032350455749
1.5810408268555516
1.5748361921843803
1.5690768386059772
1.5637504995617217
1.5588451424839571
1.554348975724338
1.5502504543535502
1.546538284898033
1.543201429078313
1.5402291067290288
1.5376107971306174
1.535336241235126
1.533395441158214
1.5317786600873011
1.5304764213207538
1.5294795067124007
1.5287789545801431
1.5283660571285163
1.5282323574332806
1.5283696460319451
1.5287699571635853
1.529425564698054
1.5303289777926825
1.5314729363122583
1.5328504060458692
1.5344545737518724
1.5362788420603046
1.5383168242597562
1.540562338993807
1.543009404890157
1.5456522351436843
1.5484852320728906
1.5515029816674717
1.5547002481431242
1.5580719685181723
1.5616132472251392
1.565319350769018
1.5691857024427445
1.573207877109147
1.5773815960575495
1.5817027219421917
1.5861672538086304
1.5907713222134432
1.595511184441721
1.6003832198260954
1.6053839251703712
1.6105099102802034
1.6157578936027008
1.6211246979763272
1.626607246492003
1.6322025584659143
1.6379077455241402
1.643720007798908
1.649636630235971
1.6556549794375428
1.661772499295984
1.6679867077981572
1.6742951943581017
1.6806956164183589
1.6871856963631249
1.693763256028354
1.700426062607879
1.7071720490968554
1.7139991742751604
1.7209054437172209
1.7278889110885356
1.7349476763150649
1.7420798833767566
1.749283718121132
1.7565574061521037
1.7638991707573517
1.7713073921839448
1.7787803685281338
1.7863164594671974
1.7939140597442909
1.8015715935331005
1.8092875122854106
1.8170602931448243
1.82488843750049
1.8327704696178209
1.8407049353357083
1.8486904008273655
1.8567254514230607
1.8648086904932053
1.872938738390292
1.8811142314482627
1.8893338210378468
1.8975961726765012
1.9058999651915831
1.9142438899353973
1.922626650050809
1.9310469597861175
1.939503543857901
1.9479951368605652
1.9565204827213505
1.9650783341995246
1.9736674524285664
1.982286606500075
1.9909345730882024
1.9996101361133933
2.008312086444202
2.0170392216359883
2.0257903457052673
2.0345642689385146
2.0433598077341766
2.0521757844767134
2.0610110274414066
2.0698643707287476
2.078734654227141
2.087620723602714
2.096521430314989
2.1054356316571874
2.114362190819912
2.1232999769771355
2.132247865392298
2.141204737545658
2.15017043942212
2.1591421032341733
2.1681192782109977
2.177101005416872
2.1860862202343956
2.195073848035502
2.204062819143268
2.2130520712829465
2.222040550161702
2.231027209774102
2.240011012671872
2.2489909302327424
2.2579659429327195
2.2669350406215423
2.275897222800412
2.2848514989010322
2.293796888564996
2.302732421922584
2.3116571398700994
2.3205700943448564
