7.768305207572791
7.776271910968372
7.784201375166824
7.792098941010876
7.799968196416321
7.807812447934784
7.815634888291949
7.823438618796379
7.831226655507576
7.8390019334859
7.846767310716329
7.854525571884918
7.862279432029973
7.870031540072723
7.877784482230294
7.885540785313605
7.893302919912762
7.901073303472504
7.908854303260195
7.916648239228835
7.924457386777525
7.932283979411688
7.940130211305362
7.947998239767742
7.955890187616111
7.963808145457189
7.971754173878825
7.979730305553908
7.987738547258226
7.99578088180393
8.003859269890148
8.011975651872195
8.020131949450697
8.028330067281875
8.036571894510093
8.044859306223671
8.05319416483489
8.06157832138495
8.070013616774563
8.078501882920778
8.087044943840466
8.095644616660872
8.104302712557441
8.113021037619115
8.121801393641123
8.13064557884525
8.139555388527441
8.148532615632497
8.157579051255594
8.166696485070196
8.175886705681906
8.185151500907702
8.194492657979973
8.203911963674658
8.213411204362774
8.222992165984566
8.232656633945444
8.242406392932876
8.252243226653372
8.262168917488655
8.272185246070134
8.282293990770793
8.292496927113628
8.302795827095766
8.31319245842748
8.323688583685328
8.334285959378748
8.344986334929438
8.355791451563059
8.36670304111282
8.377722824734638
8.388852511533738
8.400093797102688
8.411448361971015
8.422917869966819
8.4345039664909
8.446208276704194
8.458032403629604
8.469977926169447
8.482046397040172
8.494239340626159
8.506558250754825
8.519004588395557
8.531579779285341
8.544285211484342
8.557122232865062
8.5700921485391
8.583196218225986
8.596435653568925
8.609811615402807
8.623325210980214
8.636977491161689
8.650769447576913
8.664702009763992
8.678776042294487
8.692992341892264
8.70735163455479
8.721854572685878
8.736501732249401
8.751293609953915
8.766230620478542
8.781313093750876
8.79654127228809
8.811915308612694
8.827435262754799
8.843101099852968
8.85891268786599
8.874869795408076
8.890972089720174
8.90721913479013
8.923610389634456
8.940145206754428
8.956822830779124
8.973642397307811
8.990602931963812
9.007703349671699
9.024942454169118
9.042318937154763
9.05983138016561
9.077478252927525
9.09525791460832
9.113168614623877
9.131208493760838
9.149375585593747
9.167667818201231
9.186083016184652
9.204618902991239
9.223273103542425
9.242043147166566
9.26092647083375
9.279920422688852
9.29902226587732
9.318229182656658
9.337538278784818
9.356946588175129
9.37234730793349
9.388054927436638
9.404064994106685
9.420370759398638
9.436963345483758
9.453832231104304
9.470965666896594
9.488351007669852
9.505974978489489
9.52382388936866
9.54188380975374
9.560140711202669
9.57858058462451
9.597189536962698
9.615953871105644
9.63486015198702
9.653895261218308
9.673046442124368
9.692301336690829
9.711648015652617
9.73107500273569
9.750571293894499
9.770126372254833
9.78973021936716
9.809373323293476
9.829046683986189
9.848741816367047
9.868450751475194
9.888166036023872
9.907880730683788
9.927588407396629
9.947280298624547
9.96694755039731
9.986585318950423
10.006189241686878
10.025755437820038
10.04528050677781
10.06476152949466
10.084196070487796
10.103582181888267
10.122918409962216
10.142203804800795
10.161437933989244
10.180620901236342
10.199753371167986
10.218836601779651
10.23787248642552
10.25686360773029
10.27581330648884
10.294725769535912
10.313606141817981
10.332460669623531
10.351296884335197
10.370123839475568
10.388952418717954
10.407795739696361
10.426669689119779
10.445593640930557
10.464591434537896
10.483692730633837
10.502934928908426
10.522365946276775
10.542048358174684
10.56206578815748
10.582533194465801
