27.67
23.73511001129374
24.011176515336093
24.287426527951276
24.564069452336664
24.841058858132747
25.118300085350203
25.395681939614896
25.673082371350983
25.950370579114416
26.227408814040892
26.504054287737112
26.78016115854669
27.055582516117465
27.33017229080676
27.603787031615905
27.876287515272676
28.14754016548832
28.41741827515918
28.685803034049133
28.95258437114203
29.217661624738835
29.48094405504422
29.742351214266826
30.001813188610562
30.25927072539604
30.514675257176425
30.76798883357602
31.01918397025749
31.268243465556573
31.515159940842054
31.75993573870392
32.00258236382254
32.24312005545935
32.481577283740435
32.71799036502737
32.952402698974005
33.18486434736509
33.41543141821956
33.64416547674645
33.8711329538358
34.09640455728698
34.320054690656754
34.5421608844258
34.76280324370423
34.98206391633435
35.20002661521026
35.416776015030784
35.632397484328166
35.84697654131159
36.06059847259638
36.27334808708654
36.485309235078944
36.696564637857
36.90719486023174
37.117281151052325
37.32690064831476
37.53612935516821
37.74504124993659
37.95370821616436
38.16220000490667
38.37058422791072
38.57892638025932
38.78728989097915
38.995736199983796
39.20432485976754
39.41311366017824
39.62215877463122
39.831514926133394
40.04123557153991
40.25137310250545
40.461979061674896
40.67310437276214
40.88479958322909
41.09711511844112
41.31010154626687
41.52380985124802
41.7382917176277
41.95359982063376
42.16978812565558
42.38691219506008
42.60502950261394
42.82419975565994
43.044485225374544
43.265951085650734
43.488665761344414
43.712701286354964
43.93813367584541
44.16504330563357
44.39351531177774
44.62363593979277
44.85551335725661
45.089237232629756
45.32492019316886
45.56267778770552
45.80263313281799
46.04491747869593
46.251247519072514
46.2425257531878
46.23345313737757
46.22404162466604
46.214304428403445
46.204252873542266
46.193900177016346
46.18325860257799
46.17234065873879
46.16115715791249
46.14972071148899
46.13804253083574
46.12613389980552
46.114005885169604
46.10166933129556
46.089134855468586
46.0764128438361
46.06351344800088
46.05044658222407
46.037221921250485
46.02384889871409
46.010336706118
45.99669429235625
45.98293036374392
45.969053384542114
45.95507157793194
45.94099292741285
45.92682517860276
45.91257584138435
45.898252192401166
45.883861277853214
45.86940991655401
45.85490470324743
45.84035201214596
45.825758000650715
45.81112861325182
45.79646958557386
45.78178644854289
45.767084532661706
45.75236897237346
45.73764471048819
45.72291650266424
45.70818892192522
45.693466363199626
45.67875304786853
45.6640530283094
45.649370192434276
45.63470826819239
45.62007082804698
45.605461293412496
45.59088293904616
45.57633889737108
45.56183216276453
45.54736559575494
45.532941927167975
45.51856376219745
45.5042335843848
45.48995375954497
45.475726539585196
45.461554066265485
45.44743837485028
45.43338139769702
45.419384967744044
45.405450821916375
45.39158060444759
45.377775870113744
45.36403808737565
45.35036864144233
45.33676883725283
45.323239902358665
45.30978298973891
45.296399180528915
45.283089486663755
45.269854853443704
45.25669616202914
45.243614231847886
45.230609822933175
45.2176836381915
45.20483632558934
45.19206848028257
45.17938064666025
45.16677332033905
45.154246950080996
45.14180193965062
45.12943864961256
45.11715739906679
45.10495846732376
45.09284209552548
45.080808488210614
45.068857814825115
45.05699021118024
45.04520578086003
45.0335045965856
45.021886701514696
45.010352110526064
44.99890081141632
44.98753276609867
44.9762479117241
44.96504616178462
44.953927407166205
44.94289151716187
44.931938340461365
44.921067706087356
