45.423
73.71954422769953
73.68924621825398
73.84893445159203
74.08832593639961
74.40492650279349
74.77863304396101
75.1976175287951
75.65309696908223
76.13841547022308
76.64843464820419
77.17912134800018
77.7272624086449
78.29026393960042
78.86600705226624
79.45274270734271
80.04901337687993
80.65359437265312
81.26544870950326
81.88369249342483
82.50756769863867
83.13642062660465
83.76968474657617
84.40686690387193
85.04753606845706
85.69131405023042
86.33786796165857
86.98690382784885
87.63816137555479
88.29140951264475
88.94644262651396
89.60307729905983
90.26114963731766
90.92051285731773
91.58103532401444
92.24259879304378
92.90509682174202
93.56843346946687
94.232522157994
94.8972846833065
95.56265021820093
96.22855462595983
96.89493967094407
97.56175248860005
98.22894498550492
98.89647336449704
99.56429769060193
100.23238150420852
100.90069146187611
101.56919708158605
102.23787038329068
102.90668569587919
103.57561942023223
104.24464982871409
104.91375688475927
105.58292208047666
106.25212830376599
106.92135965100837
107.59060139229236
108.25983980628222
108.92906209738985
109.59825630779919
110.26741123764666
110.93651637279083
111.60556181949252
112.27453824498077
112.94343682374192
113.61224918862608
114.28096737344073
114.94958382794374
115.61809129483986
116.28648283668001
116.95475180388807
117.62289174802139
118.29089647879644
118.95876004876504
119.62647656931577
120.29404045381966
120.96144612650141
121.62868823736062
122.29576151829056
122.962660769154
123.6293809179123
124.29591695909687
124.96226395611082
125.62841701759211
126.29437134881752
126.96012215702791
127.6256647023993
128.290994278158
128.95610620521006
129.6209958275499
130.28565850778332
130.95008962351136
131.6142845637393
132.27823872586998
132.94194751289078
133.60540633100118
134.26861058742332
134.9315556885103
135.59423703804123
136.25665004995528
136.91879009039636
137.58065256199797
138.24223284592935
138.90352631535686
139.5645283350231
140.2252342606373
140.88563943862877
141.54573920592117
142.20552888977554
142.86500380778983
143.52415926801973
144.1829905690021
144.84149300018393
145.49966182825042
146.15749235325814
146.81497982475733
147.47211949899494
148.12890662521227
148.78533644615214
149.44140419882754
150.09710511502132
150.75243442224448
151.40738734438327
152.0619591024786
152.71614491573567
153.3699400021957
154.02333957984914
154.67633886749408
155.3289330857456
155.9811174579794
156.63288721146273
274.16682011624954
271.4663005754248
268.9248564750426
266.5328007797783
264.28115134946427
262.16157034407706
260.1663095057183
258.2881607106152
256.5204112417473
254.85680328996978
253.2914972434236
251.81903836630826
250.4343265602503
249.13258878654167
247.9093540239905
246.76043039828525
245.68188431158205
244.67002136792246
243.72136891992741
242.832660080529
242.00081906046927
241.22294770682825
240.49631313083185
239.81833632489295
239.18658167902754
238.59874731590017
238.0526561719292
237.5462477589476
237.077570547633
236.64477491933366
236.24610663819377
235.8799008002378
235.54457621973333
235.23863021730838
234.96063377722257
234.7092270444117
234.48311513438153
234.28106423156385
234.10189795385662
233.94449396803878
233.80778080677285
233.6907349479361
233.59237803589676
233.51177431002037
233.44802819519128
233.40028204774651
233.36771404583683
233.3495362141535
233.34499257366284
233.35335583163902
233.3739321149095
233.4060498254438
233.44906624015272
233.5023582598858
233.56533064337174
233.63740845028576
233.7180375437784
233.80668355506816
233.90283091459582
234.00598194715678
234.11565602967602
234.23138881166935
234.35273150105994
234.47925022203395
234.61052545931588
234.74615161796595
234.88573675887966
