37.4558637258988
37.49863851664241
37.558547737723956
37.63432936128457
37.72483071374046
37.82899602580168
37.94585515581022
38.07451375948945
38.214144843920906
38.36398154070395
38.52331091882413
38.69146867406913
38.86783455576643
39.05182841476316
39.24290677641007
39.44055985857756
39.64430896787281
39.853704217835975
40.06832252151982
40.287765817940944
40.511659497775895
40.7396509986192
40.97140854431681
41.2066200064847
41.44499186942979
41.68624828238401
41.930130185322255
42.176394496351264
42.42481335240541
42.67517339206511
42.927275076213924
43.18093203977608
43.435970470094176
43.69222850828198
43.9495556706682
44.20781228812921
44.46686896168539
44.726606033212
44.986913070520266
45.24768836637879
45.50883845130517
45.770277620150424
46.031927472642266
46.293716468149704
46.55557949499321
46.817457454645435
47.0792968611703
47.34104945622231
47.60267183988665
47.864125117583164
48.125374563196964
48.38638929852184
48.64714198903059
48.90760855590865
49.167767904212525
49.427601666941925
49.68709396474452
49.94623118090932
50.2050017512494
50.463395968419306
50.72140580017016
50.979024721011335
51.23624755671093
51.493070341049595
51.749490184223696
52.00550515227983
52.261114156965654
52.516316855372416
52.77111355875991
53.025505149955464
53.279493008739884
53.53307894464167
53.78626513658858
54.03905407887935
54.291448532967024
54.54345148456845
54.79506610563741
55.04629572077051
55.297143777634524
55.54761382103548
55.79770947027398
56.04743439945545
56.29679232045056
56.54578696822403
56.79442208827381
57.04270142594378
57.29062871739285
57.538207682027874
57.78544201621753
58.03233538813183
58.27889143355909
58.52511375257329
58.771005906933894
59.0165714181173
59.26181376588652
59.50673638731791
59.75134267621624
59.99563598285118
60.23961961396379
60.48329683299333
60.726670860482905
60.96974487462911
61.2125220119431
61.45500536976487
61.69719799972223
61.93910292009058
62.18072310864256
62.42206150566056
62.6631210148362
62.90390450416515
63.14441480683005
63.384654722062784
63.624627015985624
63.864334422422836
64.1037796436842
64.34296535131676
64.58189418682299
64.82056876234623
65.05899166132187
65.29716543909521
65.53509262350619
65.77277571544059
66.01021718935075
66.24741949374376
66.48438505164178
66.72111626101183
66.95761549516871
67.19388510315154
67.42992741007596
67.66574471746078
67.90133930353228
68.13671342350818
68.37186930986003
68.60680917255613
68.84153519928677
69.0760495556714
69.31035438545067
69.54445181066234
69.77834393180324
70.01203282797715
70.24552055703067
70.47880915567659
70.71190063960657
70.94479700359368
71.177500221584
71.41001224678048
71.64233501171742
71.87447042832802
72.1064203880036
72.33818676164627
72.56977139971565
72.80117613226993
73.03240276900073
73.26345309926344
73.49432889210384
73.72503189627881
73.95556384027469
74.18592643232239
74.4161213604074
74.6461502922795
74.87601487545825
75.10571673723716
75.3352574846848
75.56463870464609
75.79386196374008
76.02292880835769
76.25184076465837
76.48059933856489
76.70920601575942
76.93766226167784
77.1659695215027
77.39412922015926
77.62214276230867
77.85001153234245
78.07773689437742
78.30532019225124
78.53276274951752
78.76006586944355
78.98723083500597
79.21425890889137
79.44115133349375
79.66790933091617
79.89453410297212
80.1210268311886
80.3473886768102
80.57362078080615
80.7997242638762
81.0257002264612
81.25154974875231
81.47727389070485
81.70287369205113
81.92835017231704
82.15370433084003
82.37893714678782
82.60404957918114
82.82904256691721
83.05391702879436
83.27867386354056
83.50331394984225
83.72783814637656
