9.18309
28.045929120297583
28.019603976160326
27.994827698796648
27.971385572970107
27.949143301912333
27.927985488242022
27.907804441770747
27.888508928537256
27.870004488413517
27.85221172426611
27.835057107505154
27.818474249734603
27.80240344942996
27.78679121075295
27.7715897524466
27.756756519739124
27.742253709116223
27.728047813219
27.714109190911625
27.700411665763763
27.686932154714587
27.67365032754813
27.660548296896177
27.647610337853372
27.634822635797594
27.6221730607095
27.609650966091937
27.59724701049989
27.58495299968185
27.572761747365195
27.560666952810394
27.548663093354183
27.53674533029274
27.524911779282025
27.51315168221179
27.50146884244771
27.48985808739423
27.47831695412554
27.466843303488698
27.455435283886086
27.444091299895405
27.432809984992925
27.421590177813243
27.410430901485316
27.399331345635662
27.388290850706632
27.377308894287346
27.366385079189964
27.355519123046417
27.344710849225073
27.333960178900174
27.323267124126243
27.31263178178896
27.302054328328545
27.29153501513856
27.281074164557896
27.270672166393428
27.26032947490541
27.250046606210958
27.23982413605798
27.22966269793241
27.21956298146883
27.209525731132032
27.199551745149197
27.18964187467234
27.179797023151547
27.17001814590477
27.160306249874882
27.150662393558623
27.141087687101713
27.131583292553785
27.122150424273713
27.112790349487355
27.103504388985566
27.094293917969434
27.0851603670347
27.076105223299518
27.067130031671624
27.058236396262405
27.049425981942772
27.040700516052407
27.032061908655354
27.02351178314908
27.01505218235858
27.006685105405598
26.998412619744478
26.990236873850897
26.982160093680005
26.974184587213223
26.966312745983203
26.9585470563389
26.9508899470111
26.943344375795874
26.93591297448888
26.92859862196736
26.921404307792336
26.91433313745587
26.90738833799249
26.900573263979464
26.893891403950146
26.887346387254517
26.880941991403752
26.87468214993411
26.868570960836436
26.862612695600333
26.856811808920423
26.851172949128607
26.84570096941419
26.840400939903756
26.835278160682876
26.830338175844197
26.825586788664896
26.821030078022627
26.816674416172372
26.81252648802455
26.808593312078845
26.804882263189306
26.801401097357648
26.798157978777844
26.795161509383934
26.792420761190716
26.78994531174676
26.787745283081303
26.785831384561064
26.784214960152816
26.782908040648817
26.78192340150684
26.78127462705241
26.780976181917072
26.781043490727743
26.781493027237925
26.782342414294014
26.783610536284698
26.785317666022678
26.78748560837654
26.7901378634246
26.793299812456382
26.79699893084171
26.80126503264302
26.80613055293165
26.811630875125804
26.817804712416386
26.824694554566694
26.832347194270657
26.84081435102769
26.850153415472825
26.860428343758908
26.87171074055838
26.884081181517868
26.89763084300129
26.91246353084965
26.9286982340565
26.946472378979276
26.96594603353928
26.987307422968918
27.010780293159993
27.036633937107077
27.065197162032536
27.096878267809252
27.13219452832688
27.17181734697576
27.216644629254933
27.267948620086933
27.32751152480292
27.398200472057074
27.484936975159208
27.597749651290854
27.76490884401947
24.708946969660143
24.68714534434539
24.665307632431805
24.64343581642535
24.62153048502813
24.599591981526576
24.577620618210496
24.555616706695343
24.533580561940678
24.511512502540484
24.489412850507332
24.467281931013037
24.44512007214506
24.42292760468602
24.400704861916715
24.378452179435826
24.35616989499988
24.333858348376488
24.3115178812118
24.289148836910574
24.266751560524362
24.2443263986525
24.22187369934757
24.199393812030323
24.176887087409508
24.154353877407644
24.131794535091444
24.10920941460563
24.08659887111144
24.06396326072647
24.04130294046875
