12307.74
14287.150121993453
14343.311853786767
14394.911832488493
14446.758537354595
14495.319652247304
14540.469205273874
14581.9447655673
14619.69367830101
14653.789659719452
14684.380828696037
14711.6567716628
14735.827670813758
14757.110933205047
14775.722773499501
14791.872911648556
14805.76148440189
14817.577215637488
14827.496645704838
14835.683846991467
14842.290599201093
14847.456820084833
14851.311132943818
14853.971500500349
14855.545924725004
14856.1331769316
14855.82346826484
14854.699146536144
14852.835304715401
14850.300415933621
14847.156866194551
14843.461517841055
14839.266165576675
14834.618010693326
14829.56004743489
14824.131440333924
14818.36789759189
14812.3019746394
14805.96335559688
14799.379099221995
14792.573924394146
14785.570382957147
14778.389094562453
14771.048893924093
14763.567009597446
14755.959215629133
14748.239957416552
14740.422479374098
14732.518940919937
14724.54049226021
14716.497402151599
14708.399116437586
14700.254340424784
14692.071106247751
14683.856833545504
14675.61838764093
14667.36212593481
14659.093964166015
14650.819384931168
14642.54350130698
14634.271081542618
14626.006585650728
14617.75419078571
14609.517816751948
14601.301154014867
14593.107680739795
14584.940685392141
14576.80328121453
14568.698434294141
14560.628948790094
14552.597520454028
14544.606722479022
14536.6590199933
14528.756799554267
14520.902350844668
14513.097870880794
14505.345533667522
14497.647398731613
14490.005522604126
14482.421876393748
14474.898399469159
14467.437008154884
14460.039569603176
14452.70793013309
14445.443909822998
14438.249313761398
14431.125914052001
14424.075485744135
14417.099786636323
14410.200568199
14403.37957325081
14396.63854503325
14389.97922038714
14383.40334161827
14376.912651683157
14370.50889940742
14364.193837845789
14357.969229073413
14351.836844116675
14345.798464870672
14339.855883445513
14334.010902153144
14328.265354432058
14322.621068835411
14317.079900391074
14311.643717897647
14306.314412588941
14301.093892222272
14295.9840858739
14290.98694495773
14286.104441827201
14281.338571737335
14276.691355978111
14272.16483631962
14267.761085351101
14263.482201720803
14259.330298346305
14255.307531088087
14251.416077096914
14247.658144939078
14244.035970318428
14240.551823396692
14237.207998951157
14234.006829076816
14230.95067678151
14228.041934935582
14225.283035278067
14222.676437524073
14220.224640599456
14217.930178025452
14215.795620190522
14213.823571204939
14212.016674460869
22820.914852591017
22665.232266091825
22514.520876300867
22368.649325304763
22227.482196633307
22090.882931851756
21958.715696491887
21830.846575356118
21707.14433540609
21587.48095230228
21471.731889156665
21359.77632238753
21251.49715882727
21146.781170131893
21045.518921494993
20947.60473726273
20852.936651708857
20761.416310768578
20672.94890591335
20587.443061798094
20504.810736227693
20424.967127576034
20347.830562186085
20273.322389130608
20201.366878020144
20131.891113925
20064.824907594226
20000.10067585042
19937.653365003625
19877.42035745677
19819.341356685887
19763.358333729804
19709.415417214575
19657.45882594707
19607.436777151208
19559.29942275685
19512.998769185007
19468.488606170642
19425.724446884116
19384.66344349859
19345.26437019108
19307.487505775338
19271.294609918
19236.648859016295
19203.514801288376
19171.85830477374
19141.64650132779
19112.84775587057
19085.43162196406
19059.341184768837
19034.60334395327
19011.163493860127
18989.023537881338
18968.10263130377
18948.404586621185
18929.90636067143
18912.585909445497
18896.422174997817
18881.39512099457
18867.485758861265
18854.676228428056
18842.949888931093
18832.291500380892
18822.687484781545
18814.126356652363
18806.59942161029
18800.10199515469
