125994.33437999999
240621.69823724512
243865.19502789952
246660.2636647986
249318.57059978432
251788.52525893378
254110.70213043946
256305.52076553268
258389.76269221236
260377.3207724891
262279.8073584241
264107.02211249684
265867.31115931313
267567.84011622623
269214.8060566189
270813.6012017063
272368.9449098869
273884.98550125107
275365.38651148765
276813.39388584107
278231.89313989336
279623.45686915965
280990.3848502647
282334.73658271396
283658.3608607677
284962.9203382581
286249.91284381563
287520.68995166296
288776.47238322074
290018.36548438825
291247.3697261805
292464.3934937416
293670.2617108534
294865.7247614106
296051.4659590085
297228.10791763396
298396.21928167617
299556.3197487713
300708.8852236459
301854.3509004244
302993.1170013635
304125.55082282185
305251.9904323886
306372.747563541
307488.10917798535
308598.34160587494
309703.69051354856
310804.38401590503
311900.6343640927
312992.6383588113
314080.5800695588
315164.63115589466
316244.9524522471
317321.69475555787
318394.9994287779
319464.99966752465
320531.82132875215
321595.5835220293
322656.3985668263
323714.37359730847
324769.6099428061
325822.2047516147
326872.250624733
327919.83584050863
328965.04570862645
330007.9617588702
331048.6627515632
332087.2240974875
333123.7197435702
334158.2200459937
335190.7941031494
336221.50871580193
337250.4291608614
338277.61887203576
339303.13988117815
340327.0525233285
341349.4165247658
342370.28937948594
343389.728892756
344407.79101979436
345424.5307761187
346440.0029954494
347454.2610848121
348467.35851315537
349479.34764903627
350490.2803456986
351500.20786890417
352509.181426933
353517.2515103653
354524.4687201296
355530.8826632027
356536.54357856064
357541.50025399076
358545.8023880161
359549.4990491389
360552.6394896556
361555.2724365772
362557.446857893
363559.21163957333
364560.61572716094
365561.7077013759
366562.5366704818
367563.1522534477
368563.6029116378
369563.9384137953
370564.2077648224
371564.4610839239
372564.7479610438
373565.1184493666
374565.62306858256
375566.31234043004
376567.2370472538
377568.4488212831
378569.99865689676
379571.9392159298
380574.32234166004
381577.20089486643
382580.62818864896
383584.6575544781
384589.34337796917
385594.7399672032
386600.9030973436
387607.88760742213
388615.75022685446
389624.5479560949
390634.3376661038
391645.17811936804
392657.1272547493
393670.24471666926
394684.59065663634
395700.22612705344
396717.2122111468
397735.6112304884
562653.2597365354
561385.532404222
560179.8777854781
559036.337916328
557954.4538203084
556933.4357177479
555972.2797264489
555069.8434028242
554224.8950534544
553436.1529111359
552702.3052760331
552022.0319942413
551394.0138587793
550816.9437038364
550289.5327187255
549810.514037832
549378.6481128566
548992.7223249011
548651.5560098324
548353.9992703206
548098.93378961
547885.2747887024
547711.9699605636
547577.9992578545
547482.374903057
547424.1405713405
547402.3725320561
547416.1758437229
547464.6866792481
547547.0715609094
547662.5229527357
547810.2636900352
547989.5423652367
548199.6347872874
548439.8412470627
548709.4876058339
549007.9235035637
549334.5214820253
549688.6774486905
550069.8088690933
550477.3533525866
550910.7706988576
551369.539604251
551853.1574320043
552361.1408248898
552893.0246475819
553448.3600376825
554026.7160044396
554627.6785368188
555246.6976116112
555891.6671156646
556558.0923484126
557249.844836886
557958.1627189484
558686.9226713891
559435.8151216236
560204.5469656504
560992.8389180239
561800.4287149577
562627.0701692413
563472.5370551761
564336.6230906624
565219.1477764263
566119.9616438227
567038.9563911671
567976.0795772101
568931.3627100528
