3.720552
3.0729997766627246
3.1304395350638043
3.189448227302567
3.24987977517192
3.3117515557182484
3.3751086583083794
3.440002840932976
3.50648896360493
3.5746240615280302
3.644466826483552
3.7160771790665423
3.789515898863384
3.864844317159717
3.9421240771191552
4.021416962253806
4.10278479003767
4.186289364917544
4.271992483270522
4.359955982305533
4.45024182490076
4.542912212907036
4.6380297222197555
4.735657453842642
4.835859196070148
4.938699593789674
5.044244321721936
5.152560259038409
5.263715663502708
5.377780335528806
5.4948258194920845
5.614925520886817
5.738154903227262
5.864591632994568
5.99431575091581
6.1274097777764185
6.26395892749676
6.404051215874709
6.54777761961007
6.695232227626125
6.846512396202605
7.001718909969626
7.160956151173764
7.324332279786026
7.491959427351195
7.663953907727892
7.840436427411848
8.021532421364197
8.207372216983325
8.398091426076013
8.59383131003556
8.794739057668844
9.00096839260257
9.212679960061774
9.430040450238788
9.653228967734558
9.882429207343879
10.117835838458852
10.359653984043831
10.608100186125244
10.863403482442264
11.125806606542909
11.395567324983654
11.672959926853606
11.958276883234376
12.251830696113878
12.5539559594794
12.86501165825723
13.185383734879785
13.515487957699714
13.855773130872475
14.206724691866922
14.568868750213577
14.942776630374615
15.329069992327453
15.728426616621878
16.14158695625556
16.569361576649076
17.012639627958322
17.47239852181466
17.949715018613063
18.445777973284635
18.96190303900689
19.49954969190368
20.06034101959372
20.646086815554945
21.258810611010794
21.900781709841418
22.57455257104389
23.28300388704787
24.031283043492632
24.817443625614107
25.651372548364122
26.536035635702877
27.47701791418598
28.48078162734583
29.554843876946688
30.547322262867457
30.669838068316228
30.787961312417075
30.90175644766321
31.01125273241248
31.116575536895123
31.217748394189382
31.314839262561
31.407932270214644
31.49705984485797
31.582342488347603
31.66384476867294
31.74164716739914
31.815831808960514
31.886482177300696
31.95368284504243
32.01751921634043
32.078077283740456
32.135443399244394
32.189704059622656
32.24094570593299
32.289254537099694
32.33471633730888
32.37741631693112
32.41743896658453
32.454867923945834
32.48978585282839
32.522274334052334
32.552413767589194
32.580283285443635
32.60596067472539
32.62952231038121
32.65104309701245
32.6705964192371
32.688254100072434
32.704086366785155
32.718161823705884
32.730547431501755
32.74130849242323
32.75050864104682
32.758209840088554
32.76447238083039
32.7693548877755
32.772914327131566
32.77520601875894
32.77628365123969
32.77619929973317
32.77500344632797
32.77274500258748
32.76947133402967
32.76522828629353
32.76006021276102
32.75401000340895
32.74711911471224
32.73942760040006
32.7309741429027
32.72179608533731
32.71192946388796
32.701409040456156
32.69026833545589
32.67853966066214
32.66625415200462
32.653441802222304
32.64013149331908
32.62635102871744
32.61212716508424
32.59748564376105
32.582451221739866
32.56704770216269
32.55129796430328
32.53522399299261
32.51884690746709
32.502186989630175
32.48526371168944
32.46809576316628
32.45070107727498
32.433096856649094
32.41529959841361
32.39732511861457
32.379188575982056
32.36090449505564
32.34248678864846
32.3239487796738
32.30530322233483
32.2865623226836
32.26773775855639
32.24884069890237
32.22988182250753
32.21087133612723
32.19181899204239
32.172734105045954
32.15362556887784
32.13450187211141
32.11537111352119
32.09624101691545
32.07711894549405
32.05801191568446
32.038926610524676
32.019869392570286
32.00084631635065
31.98186314039891
31.962925338838545
31.944038112575726
