301.45595999999995
312.1559706562784
313.4724638677835
314.84602823347353
316.2704088238507
317.7404449005264
319.2517265483472
320.80041367218837
322.3831270405239
323.9968735117622
325.6389892377564
327.3070937255159
328.99905143925486
330.7129392186176
332.4470184691605
334.1997113877345
335.96958064069014
337.75531200678193
339.55569956468605
341.3696330606654
343.1960871399975
345.03411216808934
346.8828264044978
348.7414093257569
350.6090959214517
352.48517181271376
354.36896906380093
356.2598626103729
358.1572669801907
360.0606338581639
361.96944950153716
363.8832327039602
365.80153292981015
367.72392863652317
369.65002575008396
371.57945626474634
373.5118769431742
375.4469680976002
377.384432436438
379.32399396400956
381.2653969238564
383.20840477842313
385.15279921986865
387.09837920836395
389.04496003555806
390.992372411917
392.9404615774745
394.88908643612046
396.83811871400127
398.7874421428839
400.73695166951705
402.6865526920646
404.636160324695
406.58569869131
408.5351002492803
410.4843051438918
412.43326059401613
414.38192030932447
416.33024393917253
418.2781965530603
420.2257481524004
422.17287321314683
424.11955025864734
426.0657614619719
428.01149227680713
429.9567310959092
431.90146893602696
433.8456991481049
435.7894171515581
437.7326201913381
439.67530711651307
441.6174781790601
443.5591348515852
445.5002796626891
447.44091604873717
449.3810482208156
451.3206810456969
453.25981993969805
455.198470774342
457.1366397928094
459.0743335362151
461.0115587787949
462.9483224711576
464.8846316908105
466.8204935992164
468.75591540471237
470.6909043306522
472.62546758821037
474.5596123533101
476.49334574720893
478.42667482029776
480.35960653872877
482.29214777351183
484.2243052917672
486.15608574984554
488.08749568806223
490.0185415268248
491.9492295639443
493.87956597296295
495.80955680233575
497.73920797533265
499.66852529054364
501.5975144228763
503.5261810000305
505.45453023285614
507.3825676514771
509.31029838279755
511.2377275100423
513.1648600048869
515.0917007300361
517.0182544418196
518.94452579281
520.8705193344507
522.7962395196599
524.7216907054232
526.6468771553383
528.5718030421186
530.4964724500461
532.4208893773649
534.345057738618
536.2689813669186
538.1926640161557
540.1161093631432
542.0393210096909
543.9623024846248
545.8850572457336
547.8075886816573
549.7299001137138
551.6519947976668
553.573875925433
555.4955466267357
557.4170099707043
559.3382689674195
561.2593265694089
563.1801856730935
565.1008491201885
567.0213196990557
568.9416001460171
570.8616931466232
572.7816013368807
574.7013273044452
576.6208735897721
578.5402426872375
580.4594370462178
582.3784590721431
584.2973111275143
586.2159955328905
588.1345145678512
590.0528704719225
591.971065445483
593.8891016506412
595.806981212085
597.7247062179133
599.6422787204365
601.5597007369602
603.4769742505441
605.3941012107422
607.3110835343202
609.2279231059549
611.1446217789143
613.0611813757193
614.977603688789
616.893890481066
618.8100434866284
620.7260644112847
622.6419549331519
624.5577167032211
626.473351345907
628.388860459583
630.3042456171053
632.2195083663206
634.1346502305645
636.049672709143
637.9645772778073
639.8793653892135
641.7940384733727
643.7085979380879
645.623045169385
647.5373815319275
649.4516083694269
651.3657270050394
653.2797387417547
655.1936448627769
657.1074466318945
659.0211452938419
660.9347420746566
662.8482381820199
664.7616348056002
666.6749331173788
668.5881342719763
670.5012394069659
672.4142496431824
674.3271660850246
676.23998982075
678.152721922763
680.0653634478978
681.9779154376923
683.8903789186628
685.8027549025621
687.7150443866434
