0.9997265479
1.0205254925788416
1.0411141318064034
1.061493603658532
1.0816639517629258
1.1016243392690102
1.121373425676194
1.1409095877300626
1.160231048708577
1.1793359549664355
1.198222422224591
1.2168885645386596
1.2353325133521382
1.2535524308588262
1.2715465200756644
1.2893130329865736
1.3068502775262623
1.3241566238380258
1.3412305100509625
1.358070447716524
1.3746750269859636
1.391042921578492
1.407172893573311
1.4230637980505654
1.4387145876030953
1.4541243167405673
1.469292146209134
1.4842173472526068
1.4988993058449989
1.513337526929154
1.5275316387020392
1.5414813969943097
1.5551866898001703
1.5686475420235897
1.5818641205189317
1.5948367395185201
1.6075658665569965
1.6200521290232568
1.6322963214960053
1.6442994140494358
1.6560625617523224
1.6675871156280628
1.6788746353962516
1.689926904379493
1.700745947033425
1.7113340496437717
1.721693784830194
1.7318280406001967
1.7417400547952608
1.7514334558500222
1.7609123108050122
1.7701811801595395
1.7792451870374797
1.7881100851596459
1.7967823402085925
1.8052692113807332
1.8135788256495344
1.8217202276573818
1.829703376159629
1.8375390410307653
1.8452385343106577
1.852813191125738
1.8602735179483787
1.867627975491573
1.8748814933301134
1.882034021301382
1.889079618570926
1.8960065830248165
1.9027987987933166
1.9094379533116685
1.9159059082018275
1.922186551728741
1.9282668458561407
1.9341370809293035
1.9397906480275593
1.9452235594477774
1.9504339115514595
1.9554213923341612
1.9601868741056143
1.9647320960338093
1.9690594256164018
1.9731716836109585
1.9770720173707794
1.9807638098838953
1.9842506146167682
1.987536108766485
1.9906240595177156
1.993518299451115
1.996222708368498
1.998741199613982
2.001077709548171
2.003236189239853
2.0052209213746917
2.007035531881991
2.0086839811852064
2.0101698981546434
2.011497561503805
2.0126708978122183
2.013693816958013
2.0145702089530064
2.0153039398527923
2.0158988519778003
2.016358759328675
2.0166874453891177
2.0168886609023313
2.0169661217519375
2.01692350694761
2.016764456714648
2.016492570686357
2.0161114061978975
2.0156244766801543
2.0150352501520654
2.0143471478098083
2.0135635427111445
2.0126877585531657
2.0117230685416136
2.01067269434987
2.009539805165655
2.0083275168234054
2.007038891020242
2.005676934613371
2.004244598996746
2.0027447795547313
2.0011803151905068
1.9995539879268898
1.9978685225772763
1.9961265864842848
1.9943307893238116
1.9924836829720733
1.9905877614332674
1.9886454608255049
1.9866591594225982
1.9846311777493921
1.9825637787282846
1.980459167874616
1.9783194935386401
1.9761468471918062
1.973943263755127
1.971710721967427
1.969451144791316
1.967166399854763
1.9648582999261952
1.9625286034210871
1.9601790149380618
1.9578111858225518
1.9554267147561428
1.9530271483697619
1.9506139818789188
1.948188659739278
1.945752576320875
1.9433070765993619
1.9408534568627058
1.9383929654318302
1.9359268033937413
1.9334561253457334
1.930982040149326
1.9285056116926405
1.9260278596599707
1.9235497603073706
1.9210722472431125
1.918596212211949
1.9161225058821407
1.9136519386342747
1.9111852813509458
1.908723266206419
1.9062665874554419
1.9038159022204275
1.9013718312762602
1.8989349598320366
1.8965058383090896
1.8940849831146855
1.891672877410828
1.8892699718776407
1.8868767725541815
1.8844935779124554
1.882120745671084
