5908.9130399999995
5048.887783684474
5046.298096908321
5051.130862692594
5062.239420682243
5079.1315670628455
5101.435773479126
5128.821696197794
5160.98801786215
5197.660026621124
5238.588378197176
5283.5477926680305
5332.33554541533
5384.769790890874
5440.687788783489
5499.944102867126
5562.408833797411
5627.965934314777
5696.511641613288
5767.9530488816135
5842.206827163285
5919.198100091505
5998.859467720989
6081.130171340333
6165.955388465721
6253.285645811977
6343.076337588265
6435.287336665006
6529.88268681074
6626.830338009574
6726.102077730546
6827.673241891625
6931.522742400999
7037.632995097318
7145.98993778719
7256.582922903361
7369.404934491304
7484.4525268673615
7601.72592885295
7721.2291343753095
7842.970007653595
7966.960402225625
8093.216293525919
8221.757925158072
8352.609969360095
8485.8017025212
8621.367156214072
8759.345487644543
8899.780969301151
9042.723396064397
9188.228373376127
9336.357419273205
9487.178583811732
9640.766622677695
9797.20209799386
9956.577107360512
10118.987964388403
10284.540852479404
10453.351155406346
10625.544109591869
10801.25552552653
10980.632586335745
11163.834732583766
11351.034643748879
11542.419327960311
11738.19133351597
11938.57009760394
12143.79344973003
12354.119290329034
12569.82746798647
12791.221882424446
13018.632844935855
13252.419732999308
13492.973982103189
13740.722465168776
13996.131318814307
14259.7102863789
14532.017660415153
14813.665922894395
15105.328200361646
15407.745674220705
15721.736114735071
16048.20374222034
16388.150662086984
16742.690174271414
17113.062324980106
17500.652156702265
17907.011187167194
18333.882934913552
18783.233092496474
19257.259004453408
19758.567408498275
20289.958383668964
20854.75831449712
21456.763869842656
22100.365709458376
22790.66886193044
23417.332414514243
23412.481019004234
23404.56006851946
23393.680862556652
23379.919274324366
23363.429248866043
23344.274023382186
23322.551262392735
23298.368553988235
23271.78761940249
23242.939914474744
23211.907472048282
23178.78266310563
23143.656461340488
23106.618332993046
23067.756136642343
23027.156033396524
22984.9024073952
22941.07779628352
22895.762831418408
22849.03618736617
22800.974540344403
22751.652535128305
22701.142759956525
22649.515728989045
22596.839871800745
22543.181529417627
22488.604956455747
22433.172328789635
22376.943756393626
22319.977300829873
22262.32899692011
22204.052878248185
22145.201006058156
22085.823501120114
22025.96857826398
21965.68258320362
21905.010031319514
21843.99364812558
21782.67441112149
21721.09159277258
21659.28280436952
21597.28404056161
21535.12972434646
21472.852752331488
21410.484540097917
21348.05506753808
21285.592923974833
21223.12535298306
21160.678296798127
21098.276440208294
21035.943253801084
20973.701036597762
20911.570957865508
20849.573098179935
20787.726489629807
20726.04915508313
20664.558146608404
20603.26958286745
20542.198685609063
20481.359815109296
20420.766504684176
20360.43149415208
20300.366762325346
20240.583558489518
20181.092432903577
20121.90326629484
20063.025298392884
20004.467155520953
19946.236877194733
19888.341941834242
19830.789291549576
19773.585356028812
19716.73607554571
19660.246923141236
19604.122925944477
19548.368685694273
19492.9883984831
19437.98587371347
19383.364552339284
19329.12752434845
19275.277545587607
19221.81705387794
19168.748184492244
19116.072784998036
19063.79242948447
19011.908432198077
18960.42186061436
18909.333547955222
18858.64410518021
18808.353932459813
18758.463230165235
18708.97200939267
18659.880101992265
18611.18717023604
18562.892715963488
18514.99608942515
18467.496497657357
18420.393012537465
18373.684578450877
18327.370019615642
18281.448047104433
18235.917265509077
