5.3736e-05
5.489761131906852e-05
5.661546551267274e-05
5.841797840238464e-05
6.028114250038381e-05
6.218995403010543e-05
6.413489898326886e-05
6.610983108966223e-05
6.811066659468454e-05
7.013458006087038e-05
7.217950866183703e-05
7.424384674734539e-05
7.63262578383218e-05
7.842555909674805e-05
8.054065050766778e-05
8.267047162664997e-05
8.481397530445517e-05
8.69701118518249e-05
8.913781960847825e-05
9.13160194231526e-05
9.35036115023701e-05
9.569947367037315e-05
9.790246044184811e-05
0.00010011140252854198
0.00010232510653439
0.00010454235467373141
0.0001067619043940977
0.00010898248781100189
0.00011120281087475041
0.00011342155219289645
0.00011563736142934399
0.00011784885719337618
0.00012005462432002581
0.00012225321042701632
0.00012444312161274525
0.000126622817134074
0.0001287907028708456
0.00013094512334510918
0.00013308435201579997
0.00013520657951216833
0.0001373098994004112
0.0001393922909957919
0.00014145159863617157
0.00014348550672229092
0.00014549150970772005
0.00014746687609402275
0.00014940860537177717
0.00015131337676872313
0.0001531774886962156
0.00015499678800274126
0.00015676658874998284
0.0001584815811159674
0.00016013573589801147
0.000161722208607873
0.00016323326327608462
0.00016466024272948472
0.0001659936362708329
0.00016722332717734648
0.00016833914710327362
0.00016933191684052458
0.00017019519184881986
0.00017092790186442662
0.00017153787298199285
0.00017204571586758609
0.0001724877249153188
0.00017291561049835895
0.00017339100506123868
0.00017397470113032526
0.00017471398151775998
0.000175633506141581
0.00017673357701735774
0.00017799531766653638
0.00017938904160544987
0.000180882066466195
0.00018244388370332925
0.0001840486918556592
0.0001856760049875793
0.00018731022122245116
0.00018893978182665564
0.0001905562768662291
0.0001921536574345085
0.00019372760308958796
0.00019527504023473575
0.00019679378717367987
0.00019828229795876227
0.0001997394800287148
0.00020116456545031438
0.00020255702053331804
0.0002039164825528254
0.00020524271549367455
0.00020653557907324198
0.0002077950070010911
0.00020902182469566163
0.00021021453439018685
0.00021137389340238137
0.0002124991844555208
0.0002135921125533841
0.00021465216898094823
0.00021567954086197013
0.00021667444100995442
0.0002176371402306436
0.00021856783626607678
0.00021946682184998732
0.00022033439071847765
0.00022117085180580612
0.00022197652843243356
0.00022275175746087403
0.0002234968884401478
0.00022421228275174574
0.00022489831276448734
0.0002255553610026119
0.00022618381932965759
0.00022678408814975356
0.00022735657562742247
0.00022790169692665758
0.00022841987346991304
0.00022891153221749663
0.00022937710496779158
0.00022981702767870124
0.0002302317398105786
0.00023062168369094527
0.0002309873039012117
0.00023132904668543534
0.000231647359381453
0.00023194268987412246
0.00023221548607110172
0.00023246619540044904
0.0002326952643308581
0.00023290313791353236
0.0002330902593460569
0.00023325706955774501
0.0002334040068165534
0.00023353150635685002
0.0002336400000280281
0.0002337299159635015
0.00023380167826970777
0.00023385570673473585
0.0002338924165561561
0.00023391221808759743
0.00023391551660362307
0.00023390271208242164
0.00023387419900585316
0.00023383036617630272
0.00023377159654989878
0.0002336982670855128
0.00023361074860908464
0.0002335094056926991
0.00023339459654791607
0.00023326667293282745
0.000233125980072287
0.000232972856590836
0.00023280763445774412
0.00023263063894369732
0.00023244218858859978
0.00023224259517997325
0.00023203216374148277
0.00023181119253106518
0.00023157997304819043
0.00023133879004979963
0.00023108792157441606
0.00023082763897400624
0.00023055820695314005
0.00023027988361500528
0.00022999292051387236
0.0002296975627135882
0.00022939404885169578
0.000229082611208823
0.0002287634757829162
0.00022843686236801626
0.00022810298463717298
0.00022776205022921774
0.00022741426083900702
0.00022705981231087739
0.00022669890616734638
0.0002263317217787772
0.00022595843118781707
