36.129599239273965
36.277383787862306
36.42846113271582
36.581070127806946
36.73476049840438
36.88930256992191
37.044501311076324
37.20016510211286
37.35610137642177
37.51211689883706
37.66801880798449
37.82361573862986
37.97871889384545
38.1331430350833
38.28670737801798
38.43923638818322
38.59056047401063
38.74051657769496
38.8889486666235
39.03570812994547
39.18065408623644
39.323653609159585
39.46458187858782
39.60332226488057
39.739766353967376
39.87381392063598
40.00537285701059
40.13435906268803
40.26069630241713
40.38431603659791
40.505157229267645
40.623166137655254
40.73829608683639
40.850507232521075
40.95976631455791
41.06604640334696
41.16932664101616
41.269591978931004
41.36683291286991
41.46104521700457
41.552229677668
41.64039182776989
41.72554168262213
41.80769347786248
41.88686541010715
41.96307938091803
42.03636074463521
42.106738060596236
42.17424285023778
42.238909359551705
42.3007743273427
42.359876759709955
42.41625771114726
42.46996007262626
42.52102836699499
42.5695085519883
42.61544782060121
42.65889446598867
42.69989763282824
42.73850720995539
42.774773657169376
42.8087478586134
42.840480984155384
42.87002435920072
42.89742934295419
42.922747215038434
42.94602907033151
42.96732572185313
42.98668761150068
43.00416472841049
43.019806534697985
43.03366189831089
43.04577903453918
43.056205445331464
43.064987881379764
43.07217229472661
43.07780380392067
43.08192666334151
43.084584237455495
43.08581897972801
43.08567241588094
43.084185131200364
43.08139676159124
43.077345988094635
43.072070534588114
43.065607168401876
43.057991703593515
43.04925900663657
43.03944300428908
43.02857669342135
43.01669215259355
43.00382055518653
42.989992183900995
42.975236446451945
42.95958189229746
42.94305623025133
42.925686346840955
42.90749832528154
42.88851746494847
42.86876830123882
42.84827462572257
42.82705950649255
42.805145308630415
42.78255371471374
42.75930574529666
42.735421779303046
42.71092157427803
42.68582428644909
42.660148490553645
42.633912199395596
42.607132883097016
42.5798274880166
42.55201245530958
42.52370373910808
42.49491682430395
42.46566674391906
42.435968089292125
42.405835049122174
42.37528139892944
42.344320529058194
42.31296545854279
42.281228849626615
42.24912330801541
42.21666033125057
42.18385176973297
42.150709023589826
42.11724317989001
42.08346504446319
42.049385156347725
42.01501379938049
41.98036101302025
41.945436602709265
41.91025014982298
41.87481072091174
41.83912799700258
41.80321075846825
41.767067753326195
41.73070757403374
41.694138644163715
41.65736922270351
41.62040741061655
41.583261157447126
41.54593826765655
41.50844640665303
41.47079310651683
41.432985771428335
41.39503168280689
41.3569380041688
41.31871178571258
41.28035996863946
41.241889389217135
41.20330678259483
41.16461878637726
41.125831943965444
41.086952707672076
41.04798744161884
41.0089424244235
40.96982385168404
40.93063783826731
40.89139042040958
40.85208755763618
40.8127351345075
40.773338962198515
40.7339047799188
40.69443825618024
40.65494498991928
40.61543051148061
40.575900283469274
40.536359701477735
40.49681409469487
40.457268726403285
40.41772879437181
40.37819943114935
40.33868570426678
40.299192616353
40.259725105171576
40.22028804358329
40.180886239445016
40.14152443543975
40.10220730885884
40.06293947133035
40.023725468504125
39.98456977969788
39.945476817510006
39.90645092740396
39.867496387269355
39.82861740696471
39.78981812784629
39.7511026222879
39.71247489319564
39.6739388735221
39.63549842578368
39.59715734158507
39.558919341154294
39.520788072891946
39.482767112937495
39.44485996475599
39.4070700587478
39.36940075188392
39.33185532736945
