0.0002948266610637371
0.00029970490126483823
0.00030232425545187306
0.0003045086400371431
0.0003066015526362212
0.00030867823103719545
0.000310755836390539
0.00031283876392018526
0.00031492857791956823
0.00031702619643485393
0.0003191323739787542
0.0003212478099146448
0.00032337317427325117
0.00032550911520163906
0.0003276562622005822
0.0003298152282882579
0.0003319866117984514
0.00033417099798367135
0.00033636896047323006
0.0003385810626083065
0.0003408078586685618
0.00034304989500212444
0.00034530771106917624
0.00034758184040820073
0.0003498728115328755
0.00035218114876680245
0.0003545073730224103
0.0003568520025297083
0.0003592155535200098
0.00036159854086913196
0.00036400147870418987
0.0003664248809776262
0.0003688692620117914
0.000371335137017033
0.00037382302258598686
0.00037633343716649893
0.00037886690151535705
0.00038142393913485456
0.00038400507669397174
0.00038661084443584624
0.00038924177657303284
0.0003918984116719272
0.00039458129302755027
0.0003972909690301945
0.0004000279935243751
0.0004027929261614065
0.0004055863327469645
0.00040840878558361647
0.0004112608638096548
0.00041414315373483563
0.0004170562491736616
0.0004200007517768818
0.00042297727136176753
0.00042598642624176443
0.00042902884355599456
0.00043210515959913454
0.0004352160201521409
0.00043836208081423473
0.0004415440073366055
0.0004447624759582085
0.0004480181737440539
0.0004513117989263394
0.0004546440612488096
0.00045801568231464243
0.00046142739593821937
0.00046487994850107534
0.0004683740993123546
0.00047191062097404315
0.00047549029975129195
0.0004791139359480774
0.00048278234428851226
0.00048649635430402893
0.0004902568107267334
0.0004940645738891468
0.0004979205201306063
0.0005018255422105574
0.0005057805497289791
0.0005097864695541501
0.0005138442462580209
0.0005179548425593787
0.0005221192397750325
0.0005263384382792275
0.000530613457971496
0.0005349453387531447
0.0005393351410125546
0.0005437839461195133
0.0005482928569287135
0.0005528629982926463
0.000557495517583999
0.0005621915852277669
0.0005669523952431649
0.0005717791657955693
0.0005766731397585039
0.0005816355852858955
0.0005866677963946357
0.0005917710935575669
0.0005969468243069668
0.000602196363848603
0.0006075211156863881
0.0006129225122576711
0.0006184020155791775
0.0006239611179035938
0.0006296013423867252
0.0006353242437652063
0.0006411314090446603
0.0006470244581981877
0.000653005044875035
0.0006590748571192701
0.0006652356180982339
0.0006714890868405229
0.0006778370589831891
0.0006842813675278114
0.0006908238836050405
0.0006974665172471932
0.0007042112181683281
0.0007110599765513066
0.0007180148238411543
0.0007250778335440255
0.0007322511220310168
0.0007395368493459228
0.0007469372200160294
0.0007544544838648717
0.0007620909368258143
0.0007698489217552429
0.0007777308292439438
0.0007857390984252515
0.000793876217778296
0.0008021447259246542
0.000810547212416449
0.0008190863185139128
0.0008277647379501047
0.0008365852176804938
0.0008455505586147293
0.0008546636163278655
0.0008639273017480465
0.0008733445818173921
0.0008829184801226928
0.0008926520774921368
0.0009025485125541627
0.0009126109822541259
0.0009228427423242803
0.0009332471077021704
0.0009438274528922808
0.000954587212265395
0.0009655298802897408
0.0009766590116876885
0.0009879782215112794
0.0009994911851295245
0.0010112016381198885
0.001023113376056029
0.0010352302541832528
0.0010475561869728034
0.0010600951475454152
0.0010728511669542047
0.0010858283333162713
0.0010990307907819432
0.0011124627383298697
0.001126128428375733
0.001140032165181593
0.0011541783030523107
0.001168571244304905
0.0011832154369959722
0.0011981153723916581
0.001213275582164157
0.0012287006352978294
0.0012443951346876553
0.001260363713411889
0.0012766110306603362
0.0012931417672990215
0.0013099606210514676
0.0013270723012763312
0.001344481523320629
0.0013621930024275133
0.0013802114471770496
0.0013985415524383404
0.001417187991811214
0.001436155409535471
0.0014554484118460248
0.0014750715577522841
0.0014950293492206443
0.0015153262207394506
0.0015359665282465799
0.0015569545374007493
0.0015782944111789135
0.001599990196783513
0.001622045811845141
0.0016444650299083006
0.0016672514651901653
0.0016904085566052016
0.0017139395510514558
0.0017378474859579543
0.0017621351710964967
0.0017868051696656169
0.00181185970183091
0.0018373009278712655
0.0018631305587618718
0.001889349811728585
0.001915959783156153
0.0019429611222405694
0.0019703540796560406
