126.43418515414915
-296.35828682984624
-272.0258376044895
-249.0811740102351
-227.50009289927667
-207.24930471608087
-188.2891915109455
-170.57492312411947
-154.05749754456156
-138.68472639852203
-124.40215105536693
-111.153878318312
-98.88332917612077
-87.53389739622762
-77.04951809475591
-67.37514883732588
-58.45716769985043
-50.243694110119726
-42.68483916377453
-35.73289260171304
-29.34245379561311
-23.470513991511773
-18.07649677222996
-13.122263272526938
-8.572088165834494
-4.392611875250111
-0.5527738761988193
2.976268623259085
6.221232898716446
9.20681062391271
11.955772771626883
14.489077231332676
16.825977269701095
18.984129310224247
20.97969881414244
22.827463309804422
24.54091184420603
26.132340322731014
27.612942364595746
28.992895435456973
30.28144212890967
31.486966557986868
32.61706588932835
33.67861710912507
34.6778391532442
35.62035056672911
36.51122288135426
37.35502991608838
38.15589321541602
38.917523845414834
39.643260768775995
40.336106017750794
40.998756879669195
41.633635303281224
42.24291472644162
42.828544517035155
43.39227220957265
43.93566371026906
44.4601216333654
44.96690192159724
45.45712889383644
45.93180885335598
46.39184238083959
46.83803542734332
47.27110931382096
47.69170973570114
48.100414863357926
48.497742621961436
48.88415722750039
49.26007504928737
49.62586986341722
49.98187755599114
50.32840032990139
50.66571046411485
50.9940536700625
51.313652085635816
51.624706943591946
51.92740094769406
52.22190038685346
52.50835701446513
52.786909717794316
53.05768599948778
53.32080329143914
53.57637011900223
53.8244871317893
54.06524801572351
54.29874029936853
54.52504606634151
54.744242584275966
54.95640285978036
55.16159612775322
55.359888282619146
43.66090997601303
32.19087241833455
20.80546210136053
9.503885190293666
-1.7145939990924506
-12.85066894638347
-23.90500215970878
-34.87823308821884
-45.77098369784891
-56.58386240295375
-67.31746684121934
-77.97238583472506
-88.54920077843445
-99.04848662582724
-109.47081259107291
-119.81674265174017
-130.0868359111288
-140.28164686180006
-150.4017255795113
-160.44761786817318
-170.41986537026688
-180.31900565289837
-190.14557227665884
-199.90009485236322
-209.58309908912565
-219.1951068363652
-228.7366361214294
-238.2082011840891
-247.61031250878818
-256.9434768552336
-266.20819728777855
-275.4049732038996
-284.53430036197
-293.5966709084733
-302.5925734048084
-311.5224928537058
-320.38691072533305
-329.18630498313644
-337.92115010943735
-346.5919171307992
-355.1990736431677
-363.7430838368396
-372.22440852120286
-380.6435051493078
-389.00082784226737
-397.29682741342344
-405.53195139240256
-413.70664404895274
-421.82134641660497
-429.8764963161968
-437.87252837918396
-445.80987407081574
-453.6889617131145
-461.5102165077233
-469.2740605585484
-476.9809128942749
-484.6311894906893
-492.2253032928731
-499.7636642371956
-507.2466792731931
-514.6747523852348
-522.0482846141114
-529.3676740783745
-536.6333159955967
-543.8456027034475
-551.0049236805927
-558.1116655675104
-565.1662121870781
-572.1689445650787
-579.1202409505112
-586.0204768357672
-592.8700249766789
-599.669255412411
-606.4185354851845
-613.118229859912
-619.7687005436354
-626.3703069048595
-632.9234056927216
-639.4283510560681
-645.8854945623012
-652.2951852162164
-658.6577694785775
-664.9735912846471
-671.2429920625423
-677.4663107514715
-683.6438838198278
-689.7760452831569
-695.8631267220068
-701.9054572996254
-707.9033637795454
-713.8571705430489
-719.7671996064887
-725.6337706384832
-731.4572009770152
-737.2378056463644
-742.9758973739596
-748.6717866070705
-754.3257815294155
-759.9381880776085
-765.5093099575362
-771.0394486605804
-776.528903479725
-781.977971525537
-787.3869477421024
-792.7561249227286
-798.0857937256527
-803.3762426895363
-808.6277582489286
126.43418515414915
-296.35828682984624
-272.0258376044895
-249.0811740102351
-227.50009289927667
-207.24930471608087
-188.2891915109455
-170.57492312411947
-154.05749754456156
-138.68472639852203
-124.40215105536693
-111.153878318312
-98.88332917612077
-87.53389739622762
-77.04951809475591
-67.37514883732588
-58.45716769985043
-50.243694110119726
-42.68483916377453
-35.73289260171304
-29.34245379561311
-23.470513991511773
-18.07649677222996
-13.122263272526938
-8.572088165834494
-4.392611875250111
-0.5527738761988193
2.976268623259085
6.221232898716446
9.20681062391271
11.955772771626883
14.489077231332676
16.825977269701095
18.984129310224247
20.97969881414244
22.827463309804422
24.54091184420603
26.132340322731014
27.612942364595746
28.992895435456973
30.28144212890967
31.486966557986868
32.61706588932835
33.67861710912507
34.6778391532442
35.62035056672911
36.51122288135426
37.35502991608838
38.15589321541602
38.917523845414834
39.643260768775995
40.336106017750794
40.998756879669195
41.633635303281224
42.24291472644162
42.828544517035155
43.39227220957265
43.93566371026906
44.4601216333654
44.96690192159724
45.45712889383644
45.93180885335598
46.39184238083959
46.83803542734332
47.27110931382096
47.69170973570114
48.100414863357926
48.497742621961436
48.88415722750039
49.26007504928737
49.62586986341722
49.98187755599114
50.32840032990139
50.66571046411485
50.9940536700625
51.313652085635816
51.624706943591946
51.92740094769406
52.22190038685346
52.50835701446513
52.786909717794316
53.05768599948778
53.32080329143914
53.57637011900223
53.8244871317893
54.06524801572351
54.29874029936853
54.52504606634151
54.744242584275966
54.95640285978036
55.16159612775322
55.359888282619146
43.66090997601303
32.19087241833455
20.80546210136053
9.503885190293666
-1.7145939990924506
-12.85066894638347
-23.90500215970878
-34.87823308821884
-45.77098369784891
-56.58386240295375
-67.31746684121934
-77.97238583472506
-88.54920077843445
-99.04848662582724
-109.47081259107291
-119.81674265174017
-130.0868359111288
-140.28164686180006
-150.4017255795113
-160.44761786817318
-170.41986537026688
-180.31900565289837
-190.14557227665884
-199.90009485236322
-209.58309908912565
-219.1951068363652
-228.7366361214294
-238.2082011840891
-247.61031250878818
-256.9434768552336
-266.20819728777855
-275.4049732038996
-284.53430036197
-293.5966709084733
-302.5925734048084
-311.5224928537058
-320.38691072533305
-329.18630498313644
-337.92115010943735
-346.5919171307992
-355.1990736431677
-363.7430838368396
-372.22440852120286
-380.6435051493078
-389.00082784226737
-397.29682741342344
-405.53195139240256
-413.70664404895274
-421.82134641660497
-429.8764963161968
-437.87252837918396
-445.80987407081574
-453.6889617131145
-461.5102165077233
-469.2740605585484
-476.9809128942749
-484.6311894906893
-492.2253032928731
-499.7636642371956
-507.2466792731931
-514.6747523852348
-522.0482846141114
-529.3676740783745
-536.6333159955967
-543.8456027034475
-551.0049236805927
-558.1116655675104
-565.1662121870781
-572.1689445650787
-579.1202409505112
-586.0204768357672
-592.8700249766789
-599.669255412411
-606.4185354851845
-613.118229859912
-619.7687005436354
-626.3703069048595
-632.9234056927216
-639.4283510560681
-645.8854945623012
-652.2951852162164
-658.6577694785775
-664.9735912846471
-671.2429920625423
-677.4663107514715
-683.6438838198278
-689.7760452831569
-695.8631267220068
-701.9054572996254
-707.9033637795454
-713.8571705430489
-719.7671996064887
-725.6337706384832
-731.4572009770152
-737.2378056463644
-742.9758973739596
-748.6717866070705
-754.3257815294155
-759.9381880776085
-765.5093099575362
-771.0394486605804
-776.528903479725
-781.977971525537
-787.3869477421024
-792.7561249227286
-798.0857937256527
-803.3762426895363
-808.6277582489286
