4.268513406903345
4.267541727419642
4.266571265873701
4.265602438979022
4.264635628605614
4.263671184137172
4.262709424577344
4.261750640486592
4.260795095789991
4.25984302947763
4.258894657210466
4.257950172840108
4.257009749848731
4.256073542713979
4.255141688202914
4.2542143065985245
4.253291502861932
4.252373367733125
4.251459978772849
4.250551401348064
4.24964768956328
4.248748887139912
4.2478550282457235
4.2469661382763295
4.246082234590655
4.245203327202192
4.244329419427837
4.243460508496054
4.242596586116058
4.241737639009697
4.240883649407659
4.240034595511609
4.239190451923838
4.23835119004597
4.237516778448255
4.236687183210928
4.2358623682391086
4.235042295552659
4.234226925552409
4.233416217264099
4.232610128561368
4.2318086163690705
4.2310116368481685
4.230219145563393
4.229431097634839
4.228647447874597
4.2278681509095
4.2270931612909886
4.226322433593077
4.22555592249934
4.2247935828798
4.224035369858533
4.223281238872794
4.222531145724377
4.2217850466239195
4.221042898228786
4.220304657675137
4.21957028260475
4.218839731187112
4.218112962137262
4.217389934729845
4.216670608809775
4.2159549447998845
4.215242903705929
4.214534447119231
4.213829537217281
4.21312813676254
4.212430209099691
4.211735718151546
4.211044628413818
4.210356904948905
4.209672513378874
4.208991419877756
4.208313591163294
4.207638994488243
4.206967597631325
4.206299368887921
4.205634277060568
4.204972291449349
4.204313381842194
4.2036575185051825
4.2030046721728525
4.202354814038577
4.201707915745026
4.201063949374741
4.20042288744084
4.199784702877875
4.199149369032858
4.198516859656446
4.197887148894329
4.197260211278784
4.196636021720441
4.196014555500229
4.1953957882615205
4.194779696002478
4.194166255068585
4.193555442145373
4.1929472342513385
4.192341608731046
4.1917385432484116
4.191138015780168
4.1905400046095
4.1899444883198536
4.189351445788927
4.188760856182754
4.18817269895005
4.187586953816631
4.18700360078001
4.18642262010413
4.185843992314231
4.1852676981918595
4.184693718770003
4.184122035328352
4.183552629388682
4.182985482710355
4.182420577285932
4.181857895336903
4.181297419309511
4.180739131870695
4.180183015904118
4.179629054506304
4.179077230982862
4.178527528844802
4.1779799318049395
4.177434423774387
4.176890988859125
4.1763496113566525
4.175810275752722
4.1752729667181425
4.174737669105657
4.174204367946891
4.173673048449376
4.1731436959936286
4.172616296130303
4.172090834577403
4.171567297217554
4.17104567009534
4.170525939414691
4.170008091536331
4.169492112975276
4.168977990398396
4.168465710622012
4.167955260609557
4.16744662746928
4.166939798451997
4.166434760948889
4.165931502489348
4.165430010738861
4.164930273496941
4.164432278695096
4.163936014394846
4.163441468785768
4.16294863018359
4.1624574870283135
4.161968027882382
4.161480241428874
4.160994116469745
4.160509641924084
4.1600268068264254
4.159545600325074
4.159066011680471
4.1585880302635925
4.158111645554369
4.157636847140142
4.157163624714149
4.1566919680740275
4.156221867120361
4.1557533118552366
4.155286292380839
4.154820798898064
4.154356821705162
4.153894351196398
4.153433377860747
4.152973892280596
4.152515885130488
4.152059347175872
4.151604269271885
4.151150642362146
4.150698457477584
4.15024770573527
4.149798378337281
4.149350466569581
4.148903961800917
4.148458855481735
4.1480151391431175
4.147572804395737
4.147131842928824
4.146692246509158
4.146254006980067
4.145817116260453
4.145381566343825
4.144947349297353
4.144514457260938
4.144082882446289
4.143652617136029
4.1432236536827975
4.1427959845083855
4.142369602102869
4.141944499023769
4.141520667895212
