39176.31204864
22363.467146738993
22356.32759053968
22349.21134477255
22342.10797733655
22335.014981093635
22327.93095942892
22320.85474759883
22313.785312698357
22306.721739940018
22299.66322867307
22292.609089673868
22285.55874276571
22278.511714655604
22271.467636969683
22264.4262444771
22257.387373495134
22250.350960468502
22243.317040715356
22236.285747333135
22229.257310257846
22222.23205547072
22215.21040434475
22208.19287312648
22201.180072545674
22194.172707547827
22187.17157714306
22180.177574365924
22173.191686340306
22166.21499444314
22159.24867456213
22152.29399744027
22145.352329102836
22138.425131359436
22131.51396237617
22124.62047731107
22117.746429006937
22110.893668734967
22104.06414698205
22097.259914276423
22090.48312204305
22083.736023481946
22077.02097446326
22070.340434429247
22063.696967297048
22057.09324235298
22050.53203513001
22044.016228259843
22037.548812290283
22031.1328864578
22024.771659406848
22018.468449843513
22012.226687116647
22006.049911710266
21999.941775642135
21993.90604275139
21987.946588867635
21982.06740184673
21976.272581460744
21970.56633913214
21964.952997494216
21959.436989769118
21954.022858946984
21948.715256753996
21943.51894239246
21938.438781044006
21933.479742116677
21928.646897220427
21923.945417870524
21919.380572880327
21914.957725453158
21910.682329944844
21906.55992828956
21902.596146074502
21898.796688249957
21895.167334462334
21891.713934001287
21888.442400345913
21885.358705303912
21882.468872732225
21879.7789718322
21877.295110012234
21875.023425312236
21872.97007838608
21871.141244039325
21869.543102321244
21868.18182917219
21867.0635866291
21866.19451259362
21865.58071017056
21865.228236585066
21865.143091691116
21865.33120608412
21865.798428836508
21866.550514873124
21867.59311201073
21868.93174768577
21870.57181539804
21872.518560901954
21874.77706817845
21877.352245224967
21880.248809702687
21883.47127448473
21887.02393314937
21890.91084546898
21895.13582294349
21899.702414434356
21904.61389195369
21909.873236668456
21915.483125178962
21921.4459161365
21927.76363726129
21934.43797282921
21941.47025169116
21948.86143589588
21956.61210997608
21964.72247097656
21973.19231928067
21982.021050305826
21991.207647130985
22000.751326087786
22010.648920961627
22020.898797968548
22031.498237878324
22042.444088321685
22053.732763211345
22065.360243459
22077.322079022088
22089.613392308165
22102.2288829578
22115.162834019546
22128.40911952369
22141.961213453877
22155.812200106575
22169.954785821967
22065.66505444738
22047.91577521806
22031.05634545385
22015.081049677217
21999.986066357553
21985.765686112336
21972.411250153615
21959.910967081923
21948.250115507315
21937.411419837583
21927.375488333702
21918.12125449829
21909.626391817965
21901.867688194154
21894.821375483094
21888.463414481233
21882.769738201438
21877.716457424965
21873.280032879728
21869.43741835056
21866.16617876882
21863.4445869807
21861.251702524485
21859.567435386205
21858.372597379326
21857.648943507116
21857.379205425663
21857.547118925955
21858.137447201083
21859.136001550003
21860.529661099063
21862.306393096038
21864.4552753425
21866.966522402574
21915.316484372048
21975.15075257434
22034.88991070607
22094.555511095088
22154.15303271167
22213.708595265947
22273.248152875873
22332.803003014797
22392.410431039727
22452.1145039558
22511.967047758528
22572.028855710618
22632.371189066573
22693.07765099068
22754.246540607004
22815.993830442283
22878.45696127648
22941.79972036516
23006.218572562568
23071.950965041553
23139.286351040144
23208.58101845952
23280.27833559085
23354.93686011337
23433.270113418897
23516.204094558077
23604.96254917256
23701.19712184222
23807.192972449713
23926.207333202878
24063.056016021463
