0.09853249536513438
0.10633131340624634
0.11413013144735827
0.12192894948847023
0.12972776752958218
0.13752658557069414
0.14532540361180604
0.153124221652918
0.16092303969403
0.1687218577351419
0.17652067577625385
0.1843194938173658
0.19211831185847775
0.1999171298995897
0.20771594794070164
0.21551476598181357
0.22331358402292556
0.2311124020640375
0.23891122010514942
0.24671003814626138
0.25450885618737334
0.2623076742284853
0.2701064922695972
0.27790531031070914
0.28570412835182113
0.29350294639293306
0.301301764434045
0.309100582475157
0.31689940051626886
0.32469821855738085
0.33249703659849283
0.34029585463960477
0.34809467268071675
0.3558934907218286
0.36369230876294056
0.37149112680405255
0.3792899448451645
0.38708876288627636
0.39488758092738835
0.4026863989685003
0.41048521700961227
0.4182840350507242
0.4260828530918362
0.4338816711329482
0.44168048917406
0.449479307215172
0.457278125256284
0.4650769432973959
0.4728757613385078
0.4806745793796198
0.4884733974207317
0.4962722154618437
0.5040710335029557
0.5118698515440676
0.5196686695851795
0.5274674876262916
0.5352663056674034
0.5430651237085153
0.5508639417496274
0.5586627597907393
0.5664615778318512
0.5742603958729631
0.5820592139140751
0.589858031955187
0.597656849996299
0.6054556680374109
0.6132544860785228
0.6210533041196348
0.6288521221607468
0.6366509402018588
0.6444497582429707
0.6522485762840826
0.6600473943251945
0.6678462123663065
0.6756450304074184
0.6834438484485305
0.6912426664896423
0.6990414845307542
0.7068403025718663
0.7146391206129782
0.7224379386540901
0.7302367566952022
0.738035574736314
0.7458343927774259
0.753633210818538
0.7614320288596499
0.7692308469007618
0.7770296649418739
0.7848284829829857
0.7926273010240976
0.8004261190652096
0.8082249371063216
0.8160237551474334
0.8238225731885453
0.8316213912296574
0.8394202092707694
0.8472190273118811
0.8550178453529933
0.8628166633941052
0.8706154814352172
0.8784142994763291
0.886213117517441
0.894011935558553
0.901810753599665
0.9096095716407768
0.9174083896818888
0.9252072077230008
0.9330060257641126
0.9408048438052247
0.9486036618463366
0.9564024798874486
0.9642012979285605
0.9720001159696724
0.9797989340107844
0.9875977520518965
0.9953965700930082
1.0031953881341202
1.0109942061752322
1.0187930242163443
1.026591842257456
1.034390660298568
1.0421894783396801
1.049988296380792
1.057787114421904
1.065585932463016
1.0733847505041278
1.0811835685452396
1.088982386586352
1.0967812046274639
1.1045800226685758
1.1123788407096875
1.1201776587507994
1.1279764767919114
1.1357752948330233
1.1435741128741355
1.1513729309152474
1.1591717489563593
1.166970566997471
1.1747693850385832
1.1825682030796951
1.1903670211208073
1.198165839161919
1.205964657203031
1.2137634752441429
1.2215622932852548
1.2293611113263667
1.2371599293674787
1.2449587474085908
1.2527575654497025
1.2605563834908147
1.2683552015319266
1.2761540195730385
1.2839528376141502
1.2917516556552624
1.2995504736963743
1.3073492917374863
1.3151481097785982
1.3229469278197101
1.330745745860822
1.3385445639019342
1.3463433819430461
1.354142199984158
1.36194101802527
1.3697398360663817
1.3775386541074937
1.3853374721486056
1.3931362901897177
1.4009351082308297
1.4087339262719416
1.4165327443130535
1.4243315623541655
1.4321303803952774
1.4399291984363896
1.4477280164775015
1.4555268345186134
1.4633256525597251
