0.9807545696399999
3.227373477011302
3.2447521816055795
3.2606556356371548
3.2762878494433023
3.291105348846543
3.3051813569283794
3.3185295273368456
3.331180447730966
3.3431733407957345
3.354551294566004
3.365358422788912
3.375638180494803
3.3854323608884185
3.394780541367029
3.4037197906797205
3.4122845803294664
3.4205067667659708
3.4284156877806744
3.4360382625159946
3.443399134549907
3.450520822886458
3.4574238800015213
3.4641270293650335
3.4706473228831207
3.477000275666445
3.4831999999127565
3.489259325459389
3.495189906749739
3.5010023431007085
3.506706252330958
3.5123103808105776
3.517822673384076
3.5232503494979874
3.5285999716310843
3.533877501436449
3.5390883622405314
3.544237486245783
3.5493293660449385
3.554368081722437
3.5593573593189767
3.5643005909115884
3.5692008698133266
3.5740610237327277
3.5788836260072947
3.5836710436747343
3.5884254317339295
3.593148768743448
3.5978428739281436
3.60250941117347
3.6071499174821735
3.6117658065369005
3.61635838598755
3.6209288653431444
3.625478361778629
3.630007914560139
3.6345184945943005
3.639011008339599
3.643486299474617
3.6479451658031765
3.6523883510778874
3.656816564557963
3.661230475623094
3.6656307159214037
3.6700178956597993
3.674392592874692
3.6787553655322043
3.6831067438412575
3.687447252682897
3.691777387022851
3.6960976370369782
3.7004084772316577
3.704710375604699
3.709003787078923
3.71328916183064
3.7175669417050448
3.7218375669283827
3.726101466129208
3.73035907661037
3.7346108265724984
3.7388571410547247
3.7430984508458054
3.747335179923548
3.7515677613282987
3.7557966233516615
3.7600221958523825
3.7642449114501684
3.7684652083852463
3.7726835245610943
3.776900306763363
3.781115997255328
3.7853310530381115
3.789545920805767
3.7937610649475633
3.7979769490010247
3.8021940451498417
3.806412825659032
3.8106337717847416
3.8148573697786365
3.8190841123907555
3.8233144937176746
3.8275490200596285
3.831788207478877
3.8360325651460223
3.840282622067515
3.8445389031462365
3.848801951023041
3.853072306690237
3.8573505209672843
3.8616371543471155
3.8659327714684086
3.870237943972132
3.8745532571822565
3.878879292738285
3.883216655124883
3.887565942313605
3.891927768767267
3.8963027558536796
3.9006915286880326
3.905094727403825
3.9095129940420468
3.913946990084827
3.9183973688676716
3.9228648077437214
3.927349989444889
3.931853597418023
3.936376338698923
3.9409189129170463
3.9454820409076965
3.950066450974436
3.954672883217749
3.9593020795888156
3.963954797425546
5.615222897356734
5.592893819076527
5.571437795673235
5.55083982217807
5.5310807009905245
5.5121388543943155
5.493991521387428
5.476615490433867
5.45998754269785
5.444084787655672
5.428884796806575
5.4143657588453875
5.400506512695563
5.387286602047973
5.374686288920938
5.362686541693855
5.35126904837561
5.340416172507753
5.330110971957818
5.3203371544248155
5.3110790580365626
5.302321647199771
5.294050478538521
5.286251678375485
5.278911924669476
5.272018421863854
5.265558898307227
5.259521552159731
5.253895064176402
5.248668578430126
5.243831645325705
5.239374259655956
5.235286803068164
5.231560051944297
5.228185141309024
5.225153569897519
5.222457175190181
5.220088118620133
5.218038885368988
5.216302260868361
5.214871310045504
5.213739397011982
5.21290014503719
5.212347430935458
5.212075388234777
5.212078392867553
5.212351039785009
5.212888156987245
5.213684793536138
5.214741949094801
5.21604360160934
5.217591116476695
5.219374455035548
5.221401349019165
5.2236621805372545
5.226153331574257
5.228871382459215
5.231813082201077
5.234975379739746
5.2383554118569275
5.241950541026815
5.245758352299302
5.249776710310725
5.254003809055287
5.258438270481604
5.263079287095717
5.267926897591252
