0.016402336427251935
0.01736749594167389
0.018341878672059265
0.019321177721870197
0.020301125355658402
0.021277791077981213
0.022247718038644084
0.023208004865345334
0.024156348918429573
0.025091055131973246
0.02601101505017689
0.026915662181195767
0.027804910584551482
0.02867908353435449
0.02953883835538087
0.030385092378810083
0.031218953660279648
0.03204165883682995
0.03285451939712563
0.0336588767615552
0.034456065928448756
0.03524738702033398
0.03603408382312148
0.036817328309419715
0.03759821013444021
0.03837773015446633
0.039156797116079334
0.03993622677967689
0.040716742858419516
0.04149897926135485
0.04228348326293371
0.04307071921339898
0.04386107263386133
0.04465485445257727
0.045452305277330324
0.0462535995799467
0.04705884979874423
0.04786811023486959
0.048681380780182235
0.04949861044819923
0.05031970071205756
0.051144508657470625
0.051972849962480326
0.05280450171852763
0.053639205108452964
0.05447666795743881
0.05531656716952024
0.05615855108081289
0.05700224170540043
0.0578472369315391
0.05869311265107667
0.05953942482711871
0.06038571153976921
0.061231494975063756
0.062076283321771966
0.0629195729835487
0.0637608500495056
0.06459959247001414
0.06543527182881483
0.06626735516255726
0.0670953067486197
0.0679185898581503
0.06873666847076057
0.06954900894678409
0.0703550816526949
0.07115436253500015
0.07194633463787811
0.07273048955978695
0.07350632884435422
0.07427336530107573
0.07503112425161479
0.07577914469780393
0.07651698040796001
0.07724420091846357
0.07796039244817285
0.07866515872372123
0.07935812171431078
0.08003892227529745
0.08070722070025636
0.08136269718198147
0.08200505218329723
0.08263400671916234
0.0832493025520518
0.08385070230304084
0.08443798948147486
0.0850109684364751
0.08556946423392454
0.08611332246281933
0.08664240897500089
0.08715660956295984
0.08765582994312282
0.08813999386840311
0.08860904482779901
0.08906294407019394
0.08950167039926202
0.08992521957567608
0.09033360368803327
0.09072791031637154
0.09111406403345265
0.09149203494841536
0.09186181056218588
0.09222339322644539
0.09257679864110968
0.09292205455987242
0.0932591996382156
0.09358828237718472
0.09390936016874889
0.09422249840758075
0.09452776968749949
0.09482525306078439
0.09511503335788077
0.09539720056152798
0.09567184923039167
0.09593907796778312
0.09619898893167196
0.09645168738247188
0.09669728126558423
0.09693588082589527
0.09716759825177376
0.09739254734633276
0.09761084322390123
0.09782260202991563
0.09802794068251816
0.09822697663434389
0.0984198276531228
0.09860661161973146
0.09878744634258792
0.09896244938727226
0.09913173792029698
0.09929542856614121
0.09945363727668341
0.0996064792121469
0.09975406863284883
0.09989651880102424
0.1000339418920404
0.10016644891438954
0.10029414963788587
0.1004171525294868
0.10053556469624166
0.10064949183487489
0.10075903818755065
0.10086430650338493
0.10096539800529787
0.10106241236186014
0.10115544766372539
0.10124460040434317
0.10132996546464354
0.10141163610139746
0.10148970393892719
0.10156425896399952
0.10163538952355496
0.10170318232511262
0.10176772243962778
0.10182909330654176
0.1018873767409297
0.10194265294247129
0.101995000506171
0.10204449643458054
0.10209121615146051
0.1021352335166948
0.10217662084233946
0.10221544890970784
0.10225178698736873
0.10228570284993696
0.10231726279758964
0.10234653167622346
0.10237357289812311
0.10239844846311467
0.10242121898012244
0.1024419436890405
0.10246068048287033
0.10247748593008986
0.10249241529716249
0.10250552257116269
0.10251686048248043
0.10252648052753537
0.10253443299150385
0.10254076697097257
0.10254553039653956
0.10254877005530245
0.10255053161321274
0.10255085963728311
0.10254979761761798
0.10254738798924411
0.10254367215373184
0.10253869050059106
0.10253248242842265
0.10252508636581557
0.10251653979197563
0.10250687925709377
0.10249614040239972
0.10248435797997685
0.10247156587221336
0.10245779711101274
0.10244308389665803
0.10242745761638851
0.10241094886265932
0.10239358745107158
0.10237540243801412
0.10235642213796176
