16.912540564807774
16.216053258013805
16.07353897526694
15.951148520289047
15.834974630204442
15.724517163578044
15.619583477995384
15.519960920190973
15.425416665832582
15.335704483394762
15.250570450616943
15.169757583278905
15.093009605398759
15.020073930185202
14.950704007344276
14.884661130538067
14.821715789784028
14.761648643100603
14.704251170472675
14.649326064680483
14.59668740593591
14.546160660710676
14.497582539422806
14.45080074264145
14.405673621078922
14.362069770783823
14.319867581570373
14.278954753762202
14.239227795751264
14.200591512633505
14.162958494247494
14.126248609277942
14.090388510663214
14.055311156336842
14.02095534831299
13.987265292271253
13.954190179086417
13.92168378916429
13.889704119968844
13.858213036742608
13.827175946118658
13.796561492085408
13.766341273585747
13.736489582898452
13.706983163856732
13.677800988896673
13.64892405389355
13.620335189730065
13.592018889543324
13.563961150613775
13.536149329886184
13.50857201214647
13.481218889918514
13.454080654188806
13.427148895112687
13.400416011903875
13.373875131156824
13.347520032898945
13.321345083716777
13.29534517634548
13.269515675154988
13.243852367008058
13.21835141700559
13.19300932867234
13.167822908171964
13.14278923217395
13.117905619026212
13.093169602916868
13.068578910735534
13.044131441370162
13.019825247198867
12.995658517557697
12.971629563985529
12.947736807065464
12.923978764699145
12.900354041665924
12.87686132033287
12.853499352394591
12.830266951533968
12.80716298690526
12.784186377351142
12.761336086274179
12.738611117091038
12.716010509205592
12.693533334443167
12.671178693894605
12.648945715124075
12.626833549699484
12.604841371008774
12.582968372329258
12.56121376512101
12.539576777518162
12.524652881637243
12.514510566441079
12.50773388665521
12.503325468415774
12.50058359378868
12.49901458434638
12.49827112785955
12.498108885260748
12.498355961222218
12.498891425640783
12.499630203034307
12.500512442023554
12.501496036662832
12.502551365140425
12.503657588416235
12.504800046282813
12.505968425467868
12.507155470871309
12.508356078900459
12.509566659614435
12.510784687978553
12.512008388160192
12.513236511421724
12.514468179860753
12.515702776475555
12.516939867821735
12.51817914959756
12.519420408360709
12.520663494593968
12.521908303755394
12.523154762946035
12.524402821529755
12.525652444533696
12.526903608005028
12.528156295744056
12.529410497005756
12.530666204882634
12.531923415166853
12.533182125549775
12.534442335058682
12.535704043660497
12.536967251982992
12.538231961118665
12.539498172486647
12.540765887735718
12.54203510867593
12.543305837230616
12.54457807540255
12.545851825250224
12.547127088871129
12.54840386839
12.549682165950554
12.55096198370969
12.552243323833459
12.553526188494173
12.554810579868402
12.556096500135578
12.557383951477052
12.558672936075363
12.559963456113804
12.561255513776082
12.562549111246103
12.563844250707803
12.565140934345058
12.56643916434163
12.567738942881116
12.569040272146907
12.570343154322186
12.571647591589944
12.572953586132929
12.574261140133686
12.575570255774556
12.576880935237648
12.578193180704917
12.57950699435806
12.580822378378622
12.582139334947948
12.583457866247176
12.584777974457301
12.58609966175911
12.58742293033319
12.588747782359984
12.590074220019725
12.591402245492464
12.59273186095807
12.594063068596231
12.59539587058641
12.596730269107903
12.59806626633976
12.599403864460854
12.600743065649805
12.602083872085046
12.603426285944723
12.60477030940677
12.606115944648849
12.607463193848364
12.608812059182418
12.61016254282784
12.611514646961165
12.612868373758578
12.614223725395972
12.615580704048861
12.616939311892422
12.618299551101451
12.619661423850355
12.621024932313135
12.622390078663374
12.623756865074206
