120.0
117.75116963467484
115.50765043578713
113.26990253379626
111.03827812694522
108.81306541033142
106.59451425296675
104.38285162944369
102.17829095701276
99.98103781214249
97.79129350160419
95.60925736725802
93.43512834887063
91.26910611823872
89.11139197251335
86.96218960026765
84.82170578988344
82.69015112397562
80.56774068852812
78.45469481684981
76.35123988380617
74.25760916352937
72.17404376306717
70.10079364469094
68.03811875055794
65.98629024497117
63.94559189154064
61.91632158512444
59.89879306156004
57.89333781195939
55.900307232846586
53.92007504880278
51.95304005072732
49.99962920054463
48.06030116245326
46.135550331952665
44.2259114472973
42.3319648841949
40.45434275406995
38.593735949737926
36.75090231068275
34.92667611420449
33.12197913948837
31.337833600112205
29.575377297462815
27.83588141327686
26.120771433353177
24.43165177333952
22.770334754952664
21.138874642742156
19.539607471761055
17.975197389061904
16.448689519052888
14.963570247653147
13.523832485850546
12.13404336586052
10.799407506755227
9.525813437408429
8.319841965201388
7.188702827803013
6.140050764301482
5.181618880681339
4.320607785229303
3.562804613433244
2.9115001399715967
2.366423621618204
1.9230579009893556
1.572698714794975
1.3033861977905992
1.1014565567771217
0.9532010022108568
0.8461585656368744
0.7698308520765557
0.7158676066414611
0.677906257367899
0.6512481975316184
0.6325007363369194
0.6192528281851529
0.6098100515275613
0.6029908050852305
0.5979754978998657
0.5941977225179239
0.5912670241486188
0.5889147029656026
0.5869560661803331
0.5852642706326512
0.583752259042746
0.5823603141246254
0.5810474964034431
0.579785759650626
0.5785559090952889
0.5773448263730097
0.5761437184758028
0.5749463254209113
0.5737485285799969
0.5725474116508222
0.5713413146589228
0.5701290418106343
0.5689098299525246
0.567683214338733
0.566448952149267
0.5652069083886835
0.5639570618778739
0.5626994593874401
0.5614341940187886
0.5601613903932279
0.5588811944865877
0.5575937666409423
0.5562992767513256
0.5549979009429358
0.5536898192707533
0.5523752141212374
0.5510542690967207
0.549727168232131
0.5483940954409058
0.5470552341193337
0.545710766860689
0.5443608752457838
0.5430057396869529
0.5416455393096503
0.540280451860792
0.5389106536363152
0.5375363194227268
0.536157622449142
0.5347747343472099
0.5333878251172354
0.5319970630993062
0.5306026149484909
0.5292046456135465
0.5278033183186279
0.5263987945479149
0.5249912340323795
0.5235807947390768
0.5221676328624935
0.5207519028178973
0.5193337572365799
0.5179133469628986
0.5164908210530312
0.5150663267753699
0.513640009612474
0.5122120132645214
0.5107824796541833
0.509351548932861
0.5079193594882239
0.506486047952985
0.5050517492148557
0.5036165964276187
0.5021807210232683
0.5007442527251537
0.49930731956208085
0.4978700478833094
0.49643256237439937
0.4949949860738549
0.49355744039051513
0.49212004512164154
0.4906829184716632
0.4892461770715233
0.4878099359985856
0.4863743087970671
0.48493940749894054
0.4835053426452754
0.4820722233079762
0.48064015711187885
0.4792092502571705
0.4777796075420968
0.47635133238592026
0.4749245268521021
0.47349929167167093
0.47207572626675165
0.4706539287742221
0.4692339960694781
0.4678160237902677
0.46640010636058055
0.4649863929063315
0.46357490108213123
0.4621657274252733
