211.7890326834074
41.966420190476754
250.45387833803693
43.027265672359455
250.42334305947273
43.45725326999366
250.43590852505534
43.87225688006125
250.49608054647138
44.273880945216774
250.60317730483933
44.66367858971374
250.75541718352804
45.04302390340553
250.9508033450545
45.41311377153413
251.18734020308028
45.77499086434062
251.46309623791362
46.129566691472945
251.77622671443734
46.47764137457432
252.12498300067145
46.81992012807815
252.50771578460026
47.157026958349334
252.9228748378973
47.48951608601972
253.36900664918386
47.817881511516816
253.8447507367831
48.14256506186895
254.3488351805938
48.46396318982404
254.8800717414762
48.78243274318161
255.43735081970564
49.09829588028751
256.0196364222256
49.41184427443775
256.62596125080097
49.72334272353997
257.255421982494
50.03303226029665
257.90717478533895
50.34113284125191
258.5804310921549
50.647845679403424
259.27445364166186
50.95335527403387
259.9885527867002
51.25783118243058
260.7220830631303
51.561429570826235
261.4744400089931
51.86429457587327
262.2450572211058
52.16655950301357
263.03340363496756
52.46834788400876
263.83898101331766
52.76977441250114
264.66132162869883
53.07094577364941
265.4999861257187
53.37196138152062
266.3545615492917
53.67291403594244
267.22465952585935
53.97389050885481
268.10991458537484
54.27497206879793
269.00998261266574
54.57623495098546
269.9245394176088
54.87775077940536
270.8532794143538
55.17958694653306
271.795914400608
55.48180695551195
272.75217242871275
55.78447072902847
273.7217967609418
56.087634888575046
274.70454489531755
56.39135300422961
275.7001877026265
56.69567583955962
276.70850852846746
57.000651528621866
277.7293024877271
57.306325796777145
278.76237571516646
57.61274211739472
279.80754470581115
57.91994187227366
280.8646356953051
58.22796449518814
281.9334840830377
58.53684760306814
283.0139338946502
58.84662711600866
284.1058372808382
59.15733736717088
285.20905404961144
59.469011203522065
286.32345122942235
59.78168007826059
287.44890266079364
60.095374135683045
288.5852886142661
60.41012228917079
289.7324954326792
60.72595229290457
290.8904151959517
61.042890807852956
292.05894540668487
61.36096346252623
293.2379886950498
61.680194908938354
294.4274525415347
62.0006088741752
295.62724901625893
62.32222820793106
296.8372945336396
62.64507492633736
298.05750962131873
62.96917025237987
299.2878187023216
63.29453465317076
300.5281498895105
63.62118787431779
301.77843479146384
63.9491489716113
303.03860832897715
64.27843634022817
304.3086085614439
64.60906774163514
305.5883765224304
64.94106032835697
306.8778560638043
65.2744306667602
308.17699370782964
65.60919475799062
309.48573850667873
65.94536805718987
310.8040419088518
66.28296549110532
312.13185763203126
66.62200147419975
313.46914154193263
66.9624899233547
314.8158515367334
67.3044442712572
316.1719474367112
67.64787747854895
317.5373908787195
67.99280204481225
318.912145215178
68.33923001846
320.2961754172597
68.68717300559142
321.68944798198476
69.03664217787068
323.09193084294725
69.38764827947973
324.50359328441573
69.74020163319376
325.9244058585701
70.09431214562258
327.3543403056403
70.44998931165792
328.79336947674204
70.80724221816394
330.2414672591992
71.16607954694383
331.6986085041653
71.5265095770142
333.16476895636475
71.8885401862151
334.63992518577885
72.25217885218099
336.12405452111597
72.61743265269752
337.617134984915
72.9843082654641
339.1191452301239
73.35281196728336
340.6300644780266
73.72294963269438
342.14987245737257
74.09472673206608
343.678549344585
74.46814832916574
345.21607570492677
74.84321907821558
346.7624324344966
75.21994322044972
348.3176007029506
75.59832458018161
349.8815618968338
75.9783665603921
351.4542975634106
76.36007213784629
353.03578935489986
76.74344385774639
354.6260189730049
77.12848382792808
356.2249681136443
77.51519371260441
357.832618411785
77.90357472566365
359.44895138628937
78.29362762352427
361.07394838467394
78.68535269755013
362.7075905277016
79.07874976602967
364.3498586537061
79.4738181657195
366.0007332625726
79.87055674295534
367.6601944592782
80.26896384432983
369.3282218969114
80.6690373069387
371.0047947190871
81.07077444819403
372.68989150166533
81.47417205520495
374.3834901936991
81.87922637372391
376.0855680575216
82.28593309665791
377.7961016078925
82.69428735214193
379.515066550117
83.10428369117352
381.2424377170604
83.515916074805
382.9781890049696
83.9291778608918
384.72229330802264
84.34406179039286
386.4747224515212
84.76055997322071
388.2354471236454
85.1786638736379
390.0044368056837
85.59836429519568
391.78165970066254
86.01965136521275
393.5670826602835
86.44251451878854
395.3606711100907
86.86694248234956
397.1623889727853
87.29292325672333
398.9721985895987
87.72044409973766
400.7900606396482
88.14949150834101
402.61593405718855
88.58005120024103
404.4497759466745
89.01210809505805
406.29154149555757
89.44564629499051
408.14118388472946
89.8806490649899
409.9986541965351
90.31709881244292
411.8639013202727
90.7549770663594
413.736871855102
91.19426445606395
415.617510010279
91.6349406893911
417.5057575026473
92.07698453038446
419.4015534513041
92.52037377649903
421.3048342693658
92.96508523530933
423.2155335527712
93.41109470072553
425.1335819660413
93.85837692872052
427.058907124938
94.30690561257276
428.99143347595157
94.75665335763051
430.9310821725641
95.20759165560446
432.8777709482258
95.65969085839738
434.83141398599827
96.11292015148098
436.7919217848117
96.56724752683145
438.7592010222997
97.0226397554381
440.7331544141737
97.47906235940046
442.7136805701051
97.93647958363202
444.7006738460933
98.3948543671911
446.6940241933108
98.85414831426232
448.6936170034028
99.31432166481324
450.69933295026215
99.77533326495673
452.71104782827615
100.23714053704971
454.7286323870726
100.6996994495642
456.75195216280156
101.16296448676971
458.78086730598864
101.62688861826987
460.8152324060282
102.09142326844042
462.8548963123813
102.55651828581985
464.89970195256814
103.02212191250864
466.9494861470573
103.48818075363874
469.00407942117243
103.95463974697819
471.0633058141525
104.4214421327438
473.12698268552657
104.88852942369786
475.19492051897646
105.35584137561328
477.2669227238933
105.82331595819572
479.3427854348463
106.29088932655938
481.4222973092099
106.75849579335903
483.50523932323455
107.22606780168802
485.5913845668458
107.69353589885982
487.68049803751455
108.16082871119777
489.77233643355436
108.62787291996464
491.8666479472364
109.09459323857413
493.96317205815336
109.5609123912309
496.06163932728697
110.02675109315702
498.16177119228223
110.49202803256988
500.26327976445793
110.956659854584
502.36586762813903
111.42056114721954
504.4692276429099
111.88364442970723
506.57304274946773
112.34582014328751
508.67698577975756
112.80699664471099
510.78071927215194
113.26708020265332
512.8838952924579
113.72597499726615
514.9861552615911
114.18358312309277
517.0871297908067
114.63980459558177
519.1864385254124
115.0945373614401
521.2836899979504
115.54767731306966
523.3784814918696
115.99911830733627
525.4703989167588
116.44875218892254
527.559019513662
116.89646957271073
529.6439005707505
117.34215684539987
531.7245930487024
117.78570000930786
533.8006421751653
118.22698473954473
535.8715727697287
118.66589256856518
537.9369006638661
119.10230404614826
539.9961298708679
119.5360980232734
