-434.8779178899981
-351.5024737646574
-346.14926848971425
-341.1395604684452
-336.46570698505144
-332.10242366133417
-328.0232008505918
-324.20360006284824
-320.6216604680509
-317.25772935862534
-314.09420479343
-311.11528962097395
-308.30677385123545
-305.65584534087736
-303.1509256128682
-300.78152740179985
-298.5381308596868
-296.41207577318005
-294.3954675276623
-292.48109488877634
-290.66235795883426
-288.9332049094949
-287.28807629885347
-285.7218559561451
-284.22982756532525
-282.80763620410363
-281.4512542011025
-280.1569507637714
-278.92126490597707
-277.74098126910934
-276.6131084857567
-275.53485978210546
-274.50363555548296
-273.5170076979115
-272.5727054660823
-271.66860272356996
-270.8027064029522
-269.9731460543791
-269.1781643634299
-268.416108535218
-267.685422453964
-266.9846395378952
-266.31237621861925
-265.66732598221176
-265.0482539163296
-264.45399171386043
-263.88343308906207
-263.33552956691244
-262.80928661060227
-262.3037600558046
-261.818052823641
-261.3513118871411
-260.90272546857784
-260.4715204473211
-260.0569599598894
-259.6583411756604
-259.2749932333274
-258.9062753245998
-258.5515749129397
-258.2103060762606
-257.88190796354746
-257.5658433562694
-257.2615973262972
-256.9686759827578
-256.68660530095167
-256.4149300270478
-256.1532126528198
-255.9010324551774
-255.65798459570166
-255.42367927577436
-255.19774094328702
-254.97980754722337
-254.76952983671944
-254.56657070148455
-254.3706045507028
-254.18131672778122
-253.99840295849876
-253.82156883031658
-253.6505293007706
-253.48500823303553
-253.3247379568884
-253.16945885344097
-253.0189189621135
-252.87287360846688
-252.73108505157873
-252.59332214976916
-252.459360043553
-252.32897985478985
-252.2019684010643
-252.07811792440768
-251.95722583353054
-251.83909445879044
-251.72353081918837
-251.61034640072052
-251.49935694546417
-251.39038225082618
-251.2832459784183
-251.17777547205506
-251.07380158441705
-250.97115851193973
-250.86968363753957
-250.76921738078684
-250.66960305519856
-250.57068673230876
-250.47231711223424
-250.37434540044882
-250.27662519051123
-250.1790123525088
-250.0813649269973
-249.98354302422825
-249.88540872848483
-249.78682600734294
-249.6876606257056
-249.58778006446119
-249.48705344363054
-249.38535144988785
-249.28254626832967
-249.17851151840912
-249.0731221939324
-248.96625460703504
-248.85778633607467
-248.74759617736942
-248.63556410071553
-248.52157120865786
-248.40549969944396
-248.28723283364278
-248.166654904394
-248.04365121125377
-247.91810803763187
-247.78991263179296
-247.65895319141993
-247.5251188517264
-247.38829967712246
-247.24838665642858
-247.10527170164747
-246.95884765029493
-246.80900827130395
-246.6556482745075
-246.49866332372042
-246.33795005342154
-246.17340608906707
-246.00493007103617
-245.83242168222938
-245.65578167933828
-245.47491192779086
-245.28971544039464
-245.10009641968557
-244.90596030398493
-244.70721381718437
-244.50376502224898
-244.29552337844288
-244.0823998022797
-243.864306732177
-243.6411581968079
-243.41286988713264
-243.17935923207443
-242.94054547781727
-242.69634977067798
-242.44669524350726
-242.19150710556139
-241.93071273577715
-241.66424177937373
-241.3920262476945
-241.11400062118292
-240.83010195538753
-240.54026998986689
-240.2444472598513
-239.9425792105093
-239.63461431364914
-239.32050418665696
-239.00020371348037
-238.67367116741562
-238.34086833546212
-238.00176064397766
-237.65631728533324
-237.30451134527323
-236.94631993062458
-236.5817242970036
-236.21070997612694
-235.83326690230496
-235.4493895376781
-235.0590769957101
-234.66233316243395
-234.25916681490818
-233.84959173631304
-233.43362682706848
-233.01129621134325
-232.58262933826938
-232.14766107715025
-231.70643180591296
-231.25898749202395
-230.80537976504166
-230.3456580528638
-229.87990089460493
-229.40817893065787
-228.93054906382548
-228.44710071368723
-227.9579204207102
-227.46310059084675
-226.96273946291274
-434.8779178899981
-351.5024737646574
-346.14926848971425
-341.1395604684452
-336.46570698505144
-332.10242366133417
-328.0232008505918
-324.20360006284824
-320.6216604680509
-317.25772935862534
-314.09420479343
-311.11528962097395
-308.30677385123545
-305.65584534087736
-303.1509256128682
-300.78152740179985
-298.5381308596868
-296.41207577318005
-294.3954675276623
-292.48109488877634
-290.66235795883426
-288.9332049094949
-287.28807629885347
-285.7218559561451
-284.22982756532525
-282.80763620410363
-281.4512542011025
-280.1569507637714
-278.92126490597707
-277.74098126910934
-276.6131084857567
-275.53485978210546
-274.50363555548296
-273.5170076979115
-272.5727054660823
-271.66860272356996
-270.8027064029522
-269.9731460543791
-269.1781643634299
-268.416108535218
-267.685422453964
-266.9846395378952
-266.31237621861925
-265.66732598221176
-265.0482539163296
-264.45399171386043
-263.88343308906207
-263.33552956691244
-262.80928661060227
-262.3037600558046
-261.818052823641
-261.3513118871411
-260.90272546857784
-260.4715204473211
-260.0569599598894
-259.6583411756604
-259.2749932333274
-258.9062753245998
-258.5515749129397
-258.2103060762606
-257.88190796354746
-257.5658433562694
-257.2615973262972
-256.9686759827578
-256.68660530095167
-256.4149300270478
-256.1532126528198
-255.9010324551774
-255.65798459570166
-255.42367927577436
-255.19774094328702
-254.97980754722337
-254.76952983671944
-254.56657070148455
-254.3706045507028
-254.18131672778122
-253.99840295849876
-253.82156883031658
-253.6505293007706
-253.48500823303553
-253.3247379568884
-253.16945885344097
-253.0189189621135
-252.87287360846688
-252.73108505157873
-252.59332214976916
-252.459360043553
-252.32897985478985
-252.2019684010643
-252.07811792440768
-251.95722583353054
-251.83909445879044
-251.72353081918837
-251.61034640072052
-251.49935694546417
-251.39038225082618
-251.2832459784183
-251.17777547205506
-251.07380158441705
-250.97115851193973
-250.86968363753957
-250.76921738078684
-250.66960305519856
-250.57068673230876
-250.47231711223424
-250.37434540044882
-250.27662519051123
-250.1790123525088
-250.0813649269973
-249.98354302422825
-249.88540872848483
-249.78682600734294
-249.6876606257056
-249.58778006446119
-249.48705344363054
-249.38535144988785
-249.28254626832967
-249.17851151840912
-249.0731221939324
-248.96625460703504
-248.85778633607467
-248.74759617736942
-248.63556410071553
-248.52157120865786
-248.40549969944396
-248.28723283364278
-248.166654904394
-248.04365121125377
-247.91810803763187
-247.78991263179296
-247.65895319141993
-247.5251188517264
-247.38829967712246
-247.24838665642858
-247.10527170164747
-246.95884765029493
-246.80900827130395
-246.6556482745075
-246.49866332372042
-246.33795005342154
-246.17340608906707
-246.00493007103617
-245.83242168222938
-245.65578167933828
-245.47491192779086
-245.28971544039464
-245.10009641968557
-244.90596030398493
-244.70721381718437
-244.50376502224898
-244.29552337844288
-244.0823998022797
-243.864306732177
-243.6411581968079
-243.41286988713264
-243.17935923207443
-242.94054547781727
-242.69634977067798
-242.44669524350726
-242.19150710556139
-241.93071273577715
-241.66424177937373
-241.3920262476945
-241.11400062118292
-240.83010195538753
-240.54026998986689
-240.2444472598513
-239.9425792105093
-239.63461431364914
-239.32050418665696
-239.00020371348037
-238.67367116741562
-238.34086833546212
-238.00176064397766
-237.65631728533324
-237.30451134527323
-236.94631993062458
-236.5817242970036
-236.21070997612694
-235.83326690230496
-235.4493895376781
-235.0590769957101
-234.66233316243395
-234.25916681490818
-233.84959173631304
-233.43362682706848
-233.01129621134325
-232.58262933826938
-232.14766107715025
-231.70643180591296
-231.25898749202395
-230.80537976504166
-230.3456580528638
-229.87990089460493
-229.40817893065787
-228.93054906382548
-228.44710071368723
-227.9579204207102
-227.46310059084675
-226.96273946291274
