-50.70826765427948
-42.087862317346755
-30.537978644436656
-25.346522373825476
-30.75252758661862
-25.524597996531643
-30.819676782534348
-25.58033182935926
-30.919997796336496
-25.663598271140078
-31.032452501543286
-25.756935676826068
-31.14561241905746
-25.85085840872948
-31.253697013764572
-25.94056862268657
-31.353999314988297
-26.023819533027236
-31.445441182334395
-26.09971628322077
-31.527725373942083
-26.168012162521755
-31.60093706452295
-26.228777865941083
-31.665344815651608
-26.282236299586554
-31.72130557094254
-26.32868372665933
-31.769219758410436
-26.368452502412936
-31.809509973957027
-26.401893381447145
-31.842610516810335
-26.429366832122636
-31.86896178734384
-26.451238386750827
-31.889006783655642
-26.46787573375457
-31.903188730773895
-26.479646749908653
-31.91194735739978
-26.48691641003652
-31.915719439398163
-26.4900472381074
-31.914933807876313
-26.489395163941726
-31.910010538726095
-26.485308850531094
-31.90135850154858
-26.478127659645725
