139.49711
131.85846097311736
131.15287131592265
130.45692739293247
129.77217862436183
129.09999238416447
128.44159461781481
127.79806505823261
127.17032767018526
126.55914367356763
125.9651084395215
125.38865233496607
124.83004524805318
124.28940436552038
123.76670467445946
123.26179160562387
122.77439521763858
122.3041453364395
121.85058710581824
121.41319646613766
120.99139515204936
120.584564879859
120.19206047542251
119.81322176969776
119.44738415812262
119.09388777984458
118.75208532251155
118.42134849772455
118.10107326184219
117.79068387753803
117.48963592451537
117.19741837436062
116.91355484593159
116.6376041551336
116.36916026749707
116.10785175455337
115.85334084636928
115.60532216335778
115.36352120108971
115.12769263264599
114.8976184843057
114.67310623222363
114.45398686030364
114.24011291276078
114.0313565688867
113.82760776227066
113.62877236213497
113.43477043047099
113.2455345652553
113.06100833711533
112.88114482435992
112.70590524922187
112.53525771643518
112.36917605384596
112.20763875358172
112.0506280113576
111.89812886073629
111.75012842351403
111.60661497123398
111.46757808648556
111.33300709173507
111.20289125980896
111.07721926347403
110.95597885019481
110.83915657442617
110.72673758244595
110.618705444916
110.51504203251788
110.41572743019748
110.32073988574182
110.23005578864924
110.14364967545794
110.0614942579529
109.98356010455481
109.90981715189152
109.84023263767968
109.77477260229738
109.71340163692315
109.65608298710113
109.60277866077323
109.55344953900452
109.50805548789276
109.46655547020497
109.42890765571049
109.39506952906143
109.36499799442286
109.33864947610786
109.31598001456906
109.29694535764266
109.28150104553265
109.26960249115996
109.26120505376936
109.2562641068287
109.25473509978188
109.25657361371806
109.26173541101505
109.27017647905706
109.28185306816604
109.29672172391574
109.31473931402392
109.33586305003915
109.36005050405564
109.38725962070187
109.41744872465905
109.45057652397132
109.48660210941438
109.52548495019076
109.56718488621937
109.61166211728748
109.65887718932728
109.70879097807816
109.7613646703897
109.81655974341469
109.87433794193672
109.93466125406941
109.99749188555852
110.06279223291085
110.13052485556781
110.20065266761749
110.27313802924132
110.34794403390516
110.4250336028425
110.50436967368779
110.58591517128187
110.66963253218026
110.75548544321514
110.84343621535864
110.933447415457
111.02548147988323
111.11950067236846
111.2154670580172
111.31334248086628
111.41308854327029
111.51466658696312
111.61803812670426
111.72316305118846
111.83000223079104
111.9385158359551
112.04866368867845
112.16040527348054
112.27369973508846
112.38850587615164
112.50478215694771
112.62248669739009
112.74157728139988
112.8620113636611
112.98374607876333
113.1067382527251
113.23094441687869
113.35632082409022
113.48282346727409
113.61040810015324
113.73903026020393
113.86864529371564
113.99920838288325
114.13067457484168
114.26299881254154
114.39613596735538
114.53004087329604
114.66466836271911
114.79997330337524
114.93591063666891
115.07243541697673
115.20950285187074
115.34706834308776
115.48508752808365
115.62351632200605
115.76231095991976
115.90142803911638
116.04082456134029
116.18045797476417
116.32028621555013
116.46026774883347
116.60036160897263
116.74052743891153
116.88072552850743
117.02091685168412
117.1610631026044
117.30112672843204
117.44107096551038
117.58054099821614
117.72042432465247
117.85979956213603
117.99891679064469
118.137743547537
118.27624838099325
118.41440081400012
118.5521713535733
118.68953150489858
118.82645378435973
118.96291173055285
119.09887991316107
119.23433393968597
119.36925046006046
119.50360716917587
119.63738280736742
119.77055715890798
119.90311104856704
120.03502633630058
120.16628591013884
