21.4437173615151
21.118551801680628
20.800939730544563
20.490889362367167
20.188178492241544
19.89261274551779
19.60398125858106
19.322073489559866
19.04668375203313
18.77761368779876
18.51467348093878
18.257682307128864
18.00646832224098
17.760868381532692
17.520727608477696
17.285898888926354
17.05624233673003
16.831624760672266
16.611919149177997
16.397004183470305
16.18676378389217
15.981086691398765
15.779866084412056
15.582999230043837
15.390387167770516
15.201934423263525
15.01754875029828
14.837140898119445
14.660624402228581
14.487915396100606
14.318932442043145
14.153596378983364
13.99183018571638
13.833558857773797
13.678709296680081
13.527210210178596
13.378992022126791
13.233986791148823
13.092128137079083
12.95335117437553
12.817592451506092
12.684789895953607
12.554882763938219
12.427811594565625
12.303518167744139
12.181945465494296
12.06303763629186
11.946739962073394
11.832998827597002
11.721761691985698
11.612977062029303
11.50659446721386
11.40256443620354
11.300838474630751
11.201369044048866
11.104109541912882
11.00901428249164
10.916038478539773
10.825138223787484
10.736270476017896
10.649393040747169
10.56446455541762
10.481444474064457
10.400293052405072
10.32097133330297
10.243441132584945
10.167665025168152
10.09360633148034
10.021229104123718
9.950498114842318
9.881378841636062
9.813837456139133
9.747840811193639
9.68335642857001
9.620352486923435
9.558797809930788
9.498661854472799
9.439914699161134
9.382527032826989
9.326470143319916
9.271715906369337
9.218236774586353
9.16600576665838
9.114996456649678
9.06518296345451
9.016539940379172
8.9690425648969
8.922666528492238
8.877388026676822
8.833183749133445
8.790030870002711
8.747907038302305
8.706790368492147
8.666659431169796
8.627493243909798
8.589271262239034
8.551973370752771
8.5155798743669
8.480071489709607
8.445429336650927
8.411634929971518
8.378670171172235
8.346517340399172
8.315159088542732
8.284578429445071
8.254758732254324
8.225683713908936
8.197337431760888
8.169704276329814
8.142768964190182
8.116516530991213
8.090932324607133
8.066001998415851
8.041711504709514
8.018047088227531
7.994995279817186
7.972542890230669
7.950677004023987
7.929384973593884
7.908654413329822
7.888473193887213
7.8688294365757985
7.849711507868181
7.831108014018257
7.813007795795383
7.795399923330543
7.778273691069081
7.761618612835686
7.745424417002001
7.7296810417607285
7.714378630502268
7.69950752729385
7.6850582724566046
7.670733043641378
7.656764593982789
7.643146274656302
7.6298717214342595
7.616934822499145
7.6043296900388935
7.592050635096014
7.580092145265309
7.5684488649110016
7.557115577622796
7.546087190679009
7.535358721303395
7.52492528454063
7.51478208257597
7.504924395361175
7.495347572410655
7.48604702564719
7.477018223191061
7.468256683991121
7.459757973211436
7.451517698291415
7.443531505605518
7.435795077657478
7.428304130748456
7.421054413064605
7.4140417031353
7.407261808616883
7.400710565363811
7.3943838367487915
7.3882775132008165
7.38238751193299
7.376709776831105
7.371240278482558
7.36597501432262
7.360910008880651
7.356041314108464
7.3513650097767735
7.346877203926304
7.342574033361568
7.338451664177847
7.334506292310681
7.330734144102163
7.327131476875227
7.323694579510725
7.320419773021521
7.317303411119502
7.314341880771723
7.311531602741782
7.308869032114139
7.306350657717446
7.303973005903327
7.301732637661342
7.299626151117675
7.297650179108689
7.2958013924536615
7.294076499336042
7.29247224563677
7.2909854152414635
7.289612830321033
7.288351351586249
7.28719787851624
7.286149349561637
7.285202742322405
7.2843550737010325
7.2836034000313905
7.282944817183728
7.282376460645888
