8.408138802720408
8.316618616862758
8.230304486917095
8.148902020203083
8.072122018044013
7.999682027034936
7.931307689051236
7.8667338717253585
7.805705583721217
7.747978684240849
7.693320399882063
7.641509664246185
7.592337298261945
7.545606048916332
7.501130505187953
7.4587369092698
7.418262880450951
7.379557067929743
7.342478747518302
7.306897375757262
7.272692113462843
7.23975132923358
7.207972091994953
7.177259660288952
7.147526974743727
7.118694158998814
7.090688033320438
7.0634416442195205
7.036893812579564
7.010988702106299
6.985675409318461
6.96090757580014
6.936643023020854
6.912843409690221
6.889473911340741
6.866502921616348
6.8439017745777475
6.821644487210985
6.799707521236647
6.778069563257571
6.756711322247927
6.735615343371555
6.714765837118451
6.694148522762206
6.673750485165056
6.6535600439885405
6.633566634404908
6.613760698445247
6.59413358616393
6.574677465843943
6.555385242513246
6.536250484087747
6.51726735450122
6.498430553226084
6.479735260631103
6.461177088662514
6.442752036373669
6.424456449864893
6.4062869862298415
6.38824058113721
6.370314419707143
6.352505910370222
6.334812661423483
6.317232460022646
6.299763253372583
6.2824031318993105
6.265150314206307
6.248003133636002
6.230960026273826
6.214019520247514
6.197180226188185
6.18044082873261
6.163800078957653
6.147256787648597
6.130809819312684
6.114458086858115
6.098200546866738
6.082036195395905
6.065964064251673
6.049983217681392
6.034092749439251
6.018291780183119
6.002579455165527
5.986954942185558
5.9714174297719795
5.955966125571239
5.940600254916731
5.925319059558438
5.910121796534302
5.895007737166804
5.879976166170072
5.865026380854522
5.865026380854522
5.865026380854522
5.865026380854522
5.865026380854522
5.865026380854522
5.865026380854522
5.865026380854522
5.865026380854522
5.865026380854522
5.865026380854522
5.865026380854522
5.865026380854522
5.865026380854522
5.865026380854522
5.865026380854522
5.865026380854522
5.865026380854522
5.865026380854522
5.865026380854522
5.865026380854522
5.865026380854522
5.865026380854522
5.865026380854522
5.865026380854522
5.865026380854522
5.865026380854522
5.865026380854522
5.865026380854522
5.865026380854522
5.865026380854522
5.865026380854522
5.865026380854522
5.865026380854522
5.865026380854522
5.865026380854522
5.865026380854522
5.865026380854522
5.865026380854522
5.865026380854522
5.865026380854522
5.865026380854522
5.865026380854522
5.865026380854522
5.865026380854522
5.865026380854522
5.865026380854522
5.865026380854522
5.865026380854522
5.865026380854522
5.865026380854522
5.865026380854522
5.865026380854522
5.865026380854522
5.865026380854522
5.865026380854522
5.865026380854522
5.865026380854522
5.865026380854522
5.865026380854522
5.865026380854522
5.865026380854522
5.865026380854522
5.865026380854522
5.865026380854522
5.865026380854522
5.865026380854522
5.865026380854522
5.865026380854522
5.865026380854522
5.865026380854522
5.865026380854522
5.865026380854522
5.865026380854522
5.865026380854522
5.865026380854522
5.865026380854522
5.865026380854522
5.865026380854522
5.865026380854522
5.865026380854522
5.865026380854522
5.865026380854522
5.865026380854522
5.865026380854522
5.865026380854522
5.865026380854522
5.865026380854522
5.865026380854522
5.865026380854522
5.865026380854522
5.865026380854522
5.865026380854522
5.865026380854522
5.865026380854522
5.865026380854522
5.865026380854522
5.865026380854522
5.865026380854522
5.865026380854522
5.865026380854522
5.865026380854522
5.865026380854522
5.865026380854522
5.865026380854522
5.865026380854522
5.865026380854522
5.865026380854522
5.865026380854522
