0.07674048727178767
0.0866070622411924
0.0875628623154811
0.08852320339185528
0.08948762212525242
0.09045568432065337
0.09142704637868791
0.09240142566325465
0.09337858655216011
0.09435833012974372
0.0953404865885651
0.09632490952083482
0.09731147152817554
0.09830006076324758
0.09929057814378325
0.10028293506365515
0.1012770514765117
0.10227285427284184
0.10327027588176736
0.10426925305921418
0.1052697258264235
0.10627163653557906
0.10727492904107877
0.10827954796755027
0.1092854380552439
0.11029254358065149
0.11130080783886541
0.11231017268638409
0.11332057813725635
0.1143319620036475
0.11534425958754124
0.11635740340763887
0.11737132296639678
0.11838594455305711
0.11940119107721692
0.12041698193465111
0.1214332329006068
0.12244985604974487
0.12346675969792104
0.12448384837118119
0.12550102279080183
0.1265181798804546
0.1275352127922121
0.12855201094524749
0.12956846008648676
0.13058444235613254
0.13159983637588507
0.13261451734323504
0.13362835713705692
0.13464122443607518
0.1356529848432989
0.13666350102067915
0.13767263282949538
0.13868023747833852
0.1396861696783304
0.14069028180156803
0.14169242404320073
0.14269244458988814
0.1436901897913659
0.14468550433228322
0.14567823141065703
0.14666821291306922
0.14765528959449828
0.14863930125961872
0.14962008694021117
0.1505974850774266
0.1515713337004978
0.15254147060822162
0.15350773354301553
0.15446996037127803
0.15542798925619952
0.1563816588314906
0.15733080837037464
0.15827527795584687
0.1592149086442182
0.16014954262699105
0.16107902339056554
0.16200319587278367
0.16292190661009553
0.16383500388876396
0.1647423378879945
0.1656437608183208
0.16653912705791826
0.16742829328084233
0.16831111858465164
0.169187464611843
0.1700571956651365
0.17092017881874078
0.1717762840253788
0.17262538421598264
0.173467355398074
0.17430207674375503
0.1751294306793653
0.17594930296237266
0.17676158275806222
0.17756616270855496
0.17836293899876388
0.17915181141488637
0.1799326833987296
0.18070546209652405
0.18147005840384636
0.18222638700260949
0.1829743663945196
0.183713918932268
0.18444497084026343
0.18516745223604067
0.1858812971417989
0.18658644349581838
0.18728283315659552
0.18797041190268352
0.18864912942930992
0.18931893934015628
0.1899797991336057
0.19063167018859822
0.1912745177411119
0.1919083108630865
0.19253302243228396
0.19314862910171982
0.19375511126554376
0.19435245301973417
0.19494064212212864
0.19551966994635744
0.19608953143783264
0.19665022506136137
0.19720175274953647
0.1977441198494654
0.19827733506338266
0.19880141039228383
0.19931636107287054
0.19982220551489271
0.20031896523611978
0.2008066647972212
0.20128533173311852
0.2017389091720756
0.20218392770048033
0.20262040557650127
0.20304836847042904
0.20346784778273425
0.203878879534137
0.20428150360967168
0.20467576323034362
0.20506170457312348
0.20543937648275526
0.20580883025099586
0.20617011943499025
0.2065232997065902
0.20686842872221686
0.20720556600665604
0.20753477284915303
0.2078561122064169
0.20816964861449236
0.20847544810337135
0.20877357811783048
0.20906410744182086
0.2093471061248952
0.20962264541225312
0.20989079767727992
0.21015163635602785
0.21040523588392301
0.21065167163322693
0.21089101985410968
0.21112335761537038
0.21134876274672545
0.21156731378440863
0.21177908991516498
0.21198417092354105
0.21218263713912913
0.21237456938588253
0.21256004893160618
0.21273915743897337
0.2129119769176001
0.21307858967662685
0.21323907827865352
0.21339352549539967
0.21354201426256625
0.21368462763720678
0.21382144875578035
0.21395256079275138
0.21407804692040033
0.21419799027003308
0.2143124738935492
0.21442158072618317
0.21452539437706972
0.21462399657838863
0.21471746970365418
0.2148058951572772
0.21488935552178146
0.21496793231122543
0.21504170669214784
0.2151107594543907
0.215175170983511
0.21523502123381466
0.21529038970274686
0.2153413554060256
0.21538799685415602
0.21543039202973852
0.2154686183659109
0.21550275272578126
0.21553287138299412
0.21555905000323158
