20.021937004179314
13.953773034752473
13.936525797019826
13.918536003849702
13.899873578541705
13.880573023774756
13.860681474785908
13.840260398825581
13.819381467262206
13.798122390954072
13.776563438939894
13.754784659565654
13.732863736073385
13.710874399365816
13.688885323207938
13.666959422980701
13.645153483999092
13.623518050167268
13.602097509383254
13.580930322652137
13.560049350946263
13.539482244160814
13.519251863340013
13.499376715280144
13.47987138336614
13.460746944759668
13.442011365790668
13.42366987230579
13.405725292043137
13.388178367925047
13.37102804561587
13.354271730101944
13.337905521107771
13.321924419885923
13.306322520189196
13.291093168723402
13.276229121022977
13.261722666492751
13.247565746260797
13.2337500543375
13.220267126732233
13.207108418430217
13.194265370718067
13.181729468337588
13.169492288876341
13.157545544022549
13.145881113931992
13.134491075925279
13.123367727036753
13.112503601801773
13.101891485480438
13.091524424031583
13.081395728988698
13.07149898086844
13.061828011953
13.052376972441504
13.043140222588217
13.034112395847618
13.025288373651598
13.01666327644665
13.008232453785984
12.999991473333736
12.99193610961698
12.984062332001589
12.976366292534872
12.96884431362352
12.961492875704144
12.954308604822291
12.947288260734034
12.94042872489245
12.933726989158313
12.927180144595555
12.920785370922621
12.914539926374818
12.908441138229515
12.902486393654279
12.896673131330981
12.890998833614361
12.885461019175919
12.880057236277354
12.874785056608191
12.86964206961991
12.86462587740669
12.859734090019499
12.85496432129504
12.850314185059892
12.845781291554903
12.841363244782604
12.837057639383143
12.832860340024327
12.828774069663801
12.824791228012325
12.820911067265724
12.817131102545856
12.813448827330888
12.809861711714664
12.806367200653758
12.802962712168423
12.799645635324561
12.799649839600626
12.80060179841934
12.80158098163441
12.802586022928088
12.803615613490619
12.804668505120548
12.8057434836624
12.806839373490526
12.807955040618708
12.809089371187447
12.810241307123203
12.81140981262285
12.812593887357856
12.813792563297238
12.81500490382413
12.816230003080248
12.817466985085856
12.818715003272331
12.81997323965964
12.82124090416787
12.822517234076452
12.82380149332968
12.82509297189136
12.8263909851726
12.827694873315414
12.829004000699307
12.830317755234017
12.831635547793205
12.832956811584292
12.83428100159206
12.835607594013988
12.836936085493914
12.838265992817677
12.839596852090143
12.840928218321125
12.842259664824468
12.84359078263901
12.844921180042151
12.846250481904075
12.847578329318
12.848904378987278
12.850228302763952
12.851549787096832
12.852868532605239
12.854184253577426
12.855496677523034
12.856805544750433
12.85811060781159
12.859411631231586
12.86070839099035
12.862000674158669
12.863288278430483
12.864571011810122
12.865848692283882
12.867121147309877
12.868388213583387
12.869649736681046
12.870905570685338
12.872155577877896
12.873399628489159
12.874637600322623
12.875869378433142
12.877094855010942
12.878313928913302
12.879526505537159
12.880732496458277
12.881931819337806
12.883124397486522
12.884310159803134
12.885489040461827
12.886660978744322
12.887825918803173
12.888983809494029
12.890134604121867
12.891278260317677
12.892414739877317
12.893544008526476
12.894666035786821
12.895780794800759
12.8968882622096
12.897988417958349
12.899081245231958
12.900166730256144
12.901244862116272
12.902315632774233
12.903379036786845
12.904435071331651
12.905483735998045
12.906525032709947
12.90755896562163
12.908585541000015
12.90960476716062
12.910616654325406
12.911621214630724
12.912618461910997
12.913608411663883
12.914591081053256
12.915566488684378
12.916534654695175
12.917495600553114
12.918449349020376
20.021937004179314
13.953773034752473
13.936525797019826
13.918536003849702
13.899873578541705
13.880573023774756
13.860681474785908
13.840260398825581
13.819381467262206
13.798122390954072
13.776563438939894
13.754784659565654
13.732863736073385
13.710874399365816
13.688885323207938
13.666959422980701
13.645153483999092
13.623518050167268
13.602097509383254
13.580930322652137
13.560049350946263
13.539482244160814
13.519251863340013
13.499376715280144
13.47987138336614
13.460746944759668
13.442011365790668
13.42366987230579
13.405725292043137
13.388178367925047
13.37102804561587
13.354271730101944
13.337905521107771
13.321924419885923
13.306322520189196
13.291093168723402
13.276229121022977
13.261722666492751
13.247565746260797
13.2337500543375
13.220267126732233
13.207108418430217
13.194265370718067
13.181729468337588
13.169492288876341
13.157545544022549
13.145881113931992
13.134491075925279
13.123367727036753
13.112503601801773
13.101891485480438
13.091524424031583
13.081395728988698
13.07149898086844
13.061828011953
13.052376972441504
13.043140222588217
13.034112395847618
13.025288373651598
13.01666327644665
13.008232453785984
12.999991473333736
12.99193610961698
12.984062332001589
12.976366292534872
12.96884431362352
12.961492875704144
12.954308604822291
12.947288260734034
12.94042872489245
12.933726989158313
12.927180144595555
12.920785370922621
12.914539926374818
12.908441138229515
12.902486393654279
12.896673131330981
12.890998833614361
12.885461019175919
12.880057236277354
12.874785056608191
12.86964206961991
12.86462587740669
12.859734090019499
12.85496432129504
12.850314185059892
12.845781291554903
12.841363244782604
12.837057639383143
12.832860340024327
12.828774069663801
12.824791228012325
12.820911067265724
12.817131102545856
12.813448827330888
12.809861711714664
12.806367200653758
12.802962712168423
12.799645635324561
12.799649839600626
12.80060179841934
12.80158098163441
12.802586022928088
12.803615613490619
12.804668505120548
12.8057434836624
12.806839373490526
12.807955040618708
12.809089371187447
12.810241307123203
12.81140981262285
12.812593887357856
12.813792563297238
12.81500490382413
12.816230003080248
12.817466985085856
12.818715003272331
12.81997323965964
12.82124090416787
12.822517234076452
12.82380149332968
12.82509297189136
12.8263909851726
12.827694873315414
12.829004000699307
12.830317755234017
12.831635547793205
12.832956811584292
12.83428100159206
12.835607594013988
12.836936085493914
12.838265992817677
12.839596852090143
12.840928218321125
12.842259664824468
12.84359078263901
12.844921180042151
12.846250481904075
12.847578329318
12.848904378987278
12.850228302763952
12.851549787096832
12.852868532605239
12.854184253577426
12.855496677523034
12.856805544750433
12.85811060781159
12.859411631231586
12.86070839099035
12.862000674158669
12.863288278430483
12.864571011810122
12.865848692283882
12.867121147309877
12.868388213583387
12.869649736681046
12.870905570685338
12.872155577877896
12.873399628489159
12.874637600322623
12.875869378433142
12.877094855010942
12.878313928913302
12.879526505537159
12.880732496458277
12.881931819337806
12.883124397486522
12.884310159803134
12.885489040461827
12.886660978744322
12.887825918803173
12.888983809494029
12.890134604121867
12.891278260317677
12.892414739877317
12.893544008526476
12.894666035786821
12.895780794800759
12.8968882622096
12.897988417958349
12.899081245231958
12.900166730256144
12.901244862116272
12.902315632774233
12.903379036786845
12.904435071331651
12.905483735998045
12.906525032709947
12.90755896562163
12.908585541000015
12.90960476716062
12.910616654325406
12.911621214630724
12.912618461910997
12.913608411663883
12.914591081053256
12.915566488684378
12.916534654695175
12.917495600553114
12.918449349020376
