633.2118313272745
629.5385740447038
625.8473566008016
622.139746793747
618.417342823088
614.681764235305
610.9346416595561
607.177606473601
603.4122807867043
599.6402679598763
595.8631438275826
592.0824487474515
588.2996805692644
584.5162885800748
580.7336684497157
576.9531581714567
573.1760349671212
569.4035131051437
565.636742564039
561.8768084624732
558.1247311702349
554.3814670113753
550.6479094710442
546.924890820425
543.2131840790503
539.5135052400634
535.8265156911762
532.1528247716935
528.4929924136998
524.847531823034
521.2169121628299
517.6015612090044
514.001867953088
510.4181851331229
506.8508316780402
503.300095054945
499.7662335121614
496.2494782137284
492.75003526337764
489.2680876178951
485.8037968912512
482.3573050520152
478.9287360174104
475.51819714796
472.12578064707
468.7515648701193
465.39561554772797
462.057986927867
458.73872284139264
455.4378576954469
452.1554173989859
448.89142022449374
445.64587760971716
442.41879490303063
439.21017205581643
436.0200042650237
432.8482825548819
429.6949943680875
426.5601240428811
423.4436532870593
420.345561616262
417.26582675321924
414.2044249942034
411.161331544547
408.13652082498305
405.12996675047384
402.14164298310857
399.17152316057366
396.2195811016274
393.2857909899492
390.37012753767095
387.47256612984455
384.59308293126514
381.7316550536667
378.8882605947023
376.0628787354479
373.255489806577
370.46607534196033
367.6946181206114
364.94110219785716
362.20551292657603
359.4878369692951
356.78806230190736
354.10617820972294
351.44217527653143
348.79604536731216
346.1677816051912
343.55737834320837
340.9648311314178
338.3901366798132
335.83329281753265
333.2942984487654
330.7731535057506
328.26985889922787
325.784416466669
323.3168289185925
320.8670997832361
318.4352333498352
316.0212346107337
313.62510920252873
311.24686334642917
308.88650378798997
306.54403773636307
304.2194728031898
301.9128169412415
299.62407838290363
297.3532655785805
295.10038713508885
292.8654517540952
290.64846817064216
288.4494450917989
286.26839113546464
284.1053147693449
281.9602242501143
279.833127562777
277.72403236022643
275.6329459073729
273.55987500768896
271.5048259571438
269.4678044798207
267.44881566846504
265.44786392520683
263.46495285056716
261.5000853449532
259.55326338333543
257.6244880157308
255.71375930794798
253.82107628325818
251.94643686437186
250.0898378156489
248.25127468555053
246.43074174935632
244.62823195217896
242.8437369049229
241.07724666569015
239.328749852045
237.59823352627592
235.88568314136106
234.19108248684933
232.51441363531617
230.8556568895553
229.21479073060166
227.59179176667288
225.98663468312387
224.3992921935101
222.82973499186224
221.27793170627635
219.74384885392925
218.22745079763013
216.72869970402334
215.2475555035573
213.78397585233787
212.33791609598322
210.90932923559853
209.49816589598765
208.10437429621655
206.7279002226431
205.36868700452322
204.02667549230065
202.70180403868235
201.39400848259797
200.10322213613506
198.8293757745348
197.5723976293277
196.33221338467894
195.1087461770068
193.90191659792663
192.7116427005659
191.5378400092844
190.3804215328239
189.23929778090212
188.11437678425426
187.00556411811456
185.91276292911968
184.83587396560534
183.7747956112552
182.72942392206247
181.6996526664748
180.6853733688208
179.68647535570668
178.70284580546348
177.73436980047444
176.7809303822824
175.84240860935935
174.91868361741052
174.0096326820797
173.11513128391462
172.23505317544607
171.36927045022924
170.51765361369053
169.68007165562094
168.856392124152
168.0464812010501
167.25020377816173
166.4674235348427
165.6980030162037
164.94180371200554
164.1986861360379
163.46850990581888
162.7511338224535
