14.704428305380842
14.888167863890159
15.066453590283759
15.23934416996848
15.406935201920916
15.569354836700615
15.72675925437836
15.87932814269098
16.02726028741992
16.170769365897996
16.310080013848317
16.445424216721012
16.577038056784914
16.705158833681857
16.830022560894676
16.95186183016107
17.070904027527085
17.187369878320336
17.301472294235076
17.413415493266168
17.52339436221774
17.63159403163493
17.738189633991997
17.843346217577203
17.947218790539573
18.04995247183591
18.15168272820328
18.252535678679063
18.352628450519628
18.452069572576605
18.550959394239943
18.64939051992941
18.74744825080182
18.845211026839007
18.942750863797556
19.040133780645444
19.137420214095172
19.234665417682447
19.331919843547773
19.429229505670914
19.526636323798098
19.624178447703038
19.72189056174683
19.819804169959976
19.917947862071788
20.01634756106698
20.115026752964354
20.214006699594382
20.313306635207308
20.41294394777596
20.51293434587202
20.61329201199475
20.71402974322018
20.815159080018496
20.916690424061375
21.018633145808966
21.120995682631744
21.22378562818499
21.327009813715268
21.43067438193926
21.534784854096184
21.639346190736763
21.744362846774063
21.849838821285342
21.955777702518994
22.062182708527455
22.169056723815125
22.27640233236035
22.384221847342232
22.492517337876382
22.601290653038877
22.710543443434286
22.820277180542167
22.930493174055947
23.041192587409814
23.1523764516716
23.264045677963903
23.376201068560793
23.488843326794083
23.601973065890466
23.715590816849627
23.82969703546282
23.944292108561825
24.059376359579577
24.17495005349569
24.291013401232824
24.40756656356335
24.524609654579564
24.642142744775516
24.760165863783335
24.878679002802624
24.99768211675742
25.053754625452875
25.11028724910261
25.167278306534623
25.22472612271962
25.28262902874852
25.340985361810127
25.399793465168834
25.459051688142434
25.51875838608
25.578911920339824
25.639510658267515
25.700552973174062
25.762037244314065
25.823961856864027
25.886325201900714
25.949125676379577
26.012361683113284
26.07603163075033
26.140133933753688
26.204667012379595
26.26962929265637
26.335019206363313
26.40083519100971
26.46707568981388
26.533739151682337
26.60082403118899
26.668328788554426
26.736251889625308
26.804591805853793
26.873347014277062
26.942515997496916
27.012097243659422
27.082089246434695
27.152490504996678
27.223299524003036
27.294514813575148
27.36613488927811
27.43815827210087
27.510583488436396
27.58340907006192
27.656633554119303
27.730255483095387
27.804273404802508
27.878685872359
27.953491444169845
28.028688683907315
28.10427616049176
28.180252448072434
28.256616126008357
28.333365778849306
28.41049999631684
28.48801737328542
28.56591650976354
28.644196010875014
28.72285448684027
28.801890552957715
28.88130282958519
28.961089942121486
29.04125052098793
29.121783201610018
29.202686624399146
29.28395943473439
29.365600282944335
29.447607824289026
29.52998071894192
29.612717631971954
29.69581723332564
29.779278197809248
29.86309920507106
29.947278939583654
30.03181609062632
30.116709352267453
30.20195742334707
30.287559007459393
30.373512812935445
30.459817552825772
30.546471944883177
30.633474711545567
30.72082457991879
30.808520281759634
30.89656055345878
30.984944136023906
31.073669775062818
31.162736220766607
31.252142227892953
31.3418865557494
31.43196796817674
31.522385233532454
31.613137124674232
31.704222418943477
31.795639898148966
31.88738834855051
31.9794665608427
32.07187333013869
32.164607455954076
32.257667742190776
32.35105299712103
32.44476203337142
32.53879366790696
32.63314672201526
32.72782002129071
32.822812395618755
32.91812267916021
33.01374971033565
33.109692331809846
33.20594939047623
33.302519737441486
33.39940222801011
