-147.35163754170836
-109.40014226493557
-110.35060826472044
-111.26359827777462
-112.13653833875186
-112.96711166307603
-113.75333731127867
-114.49360071468777
-115.18666778102588
-115.83168869495383
-116.42819293553842
-116.97607641645936
-117.47558174608561
-117.92727276619281
-118.33200463653611
-118.69089076787198
-119.00526787248664
-119.27666031044855
-119.50674477606941
-119.69731620752268
-119.85025562739874
-119.96750044550437
-120.05101758730825
-120.10277965924496
-120.12474423024294
-120.1188361995995
-120.08693313508932
-120.03085340093588
-119.95234685096801
-119.85308783531202
-119.73467025645907
-119.59860440961322
-119.4463153501359
-119.27914254521806
-119.09834058553803
-118.9050807538246
-118.70045326958396
-118.48547005165726
-118.2610678619783
-118.02811171434152
-117.78739845081685
-117.5396604054603
-117.28556909008756
-117.02573885012164
-116.76073044996201
-116.49105455707229
-116.21717510218593
-115.93951249984755
-115.65844671908528
-115.37432019852172
-115.0874406038065
-114.79808342804797
-114.50649443803636
-114.21289197062757
-113.91746908476586
-113.62039557536951
-113.32182015792522
-113.0218710553525
-112.72065922626965
-112.41827913320317
-112.11481009900315
-111.81031774538226
-111.50485522856414
-111.1984643891861
-110.89117682175518
-110.58301486873557
-110.27399254403392
-109.9641163903364
-109.65338627448496
-109.3417961247526
-109.02933461368991
-108.71598578993077
-108.40173065327967
-108.08654380511335
-107.77039966632968
-107.45326919477078
-107.13512122332394
-106.81592284625448
-106.49563977336538
-106.17423665430853
-105.85167737424966
-105.52792532419713
-105.20294364640662
-104.87669545746306
-104.54914405039818
-104.22025307744877
-103.88998671494357
-103.55830981172706
-103.22518802245226
-102.8905879270037
-102.5544771372408
-102.21682439218306
-101.8775996426916
-101.53677412663959
-101.19432043549813
-100.85021257320841
-100.5044260081475
-100.15693771894412
-99.80772623484225
-99.4567716712605
-99.10405576114594
-98.74956188266964
-98.39327508376876
-98.0351821039934
-97.67527139407564
-97.31353313359742
-96.94995924709377
-96.58454341889615
-96.21728110697809
-95.84816955603938
-95.47720781002825
-95.10439672427296
-94.72973897736428
-94.3532390829043
-93.97490340120957
-93.59474015103189
-93.21275931675481
-92.82897308991807
-92.44339521829217
-92.0560414733271
-91.66692954407365
-91.27607904938748
-90.883512391761
-90.48925122878286
-90.09332210369287
-89.69575243370262
-89.29657165153641
-88.89581118897048
-88.49350448164287
-88.08968697594666
-87.68439613511647
-87.27767144394213
-86.86955441186633
-86.4600876989974
-86.04931877765479
-85.637294147148
-85.22406344017391
-84.80967827060663
-84.39419224637146
-83.9776609590294
-83.56014196725907
-83.14169477655346
-82.72238081531023
-82.30226340720773
-81.88140773972225
-81.45988082865297
-81.03775147853177
-80.61509023881327
-80.1919693557581
-79.76846271993948
-79.34464580932462
-78.92059562790452
-78.49639063986498
-78.07211069931734
-77.6478369756296
-77.22365187442468
-76.79963895433313
-76.37588283961779
-75.9524691288078
-75.52948429950781
-75.10701560956815
-74.68515099483025
-74.26397896368061
-73.84358848867042
-73.4240688954769
-73.00550974950471
-72.58800074044031
-72.1716315650896
-71.75649180884577
-71.34267082614069
-70.93025762025098
-70.51934072283136
-70.11000807355738
-69.70234690026204
-69.29644359995109
-68.89238362108266
-68.49025134661261
-68.0901299843351
-67.69210144637813
-67.29624624913075
-66.90264340294279
-66.51137031057704
-66.12250266848963
-65.73611437212729
-65.35227742551308
-64.97106185537349
-64.59253563003746
-64.2167645833113
-63.84381234351426
-63.47374026783007
-63.10660738210608
-62.742470326206096
-62.38138330499855
-62.02339804503314
-61.668563756936585
-61.31692710353199
-60.96853217366482
-60.62342046168956
-60.28163085255665
-59.94319961241219
-147.35163754170836
-109.40014226493557
-110.35060826472044
-111.26359827777462
-112.13653833875186
-112.96711166307603
-113.75333731127867
-114.49360071468777
-115.18666778102588
-115.83168869495383
-116.42819293553842
-116.97607641645936
-117.47558174608561
-117.92727276619281
-118.33200463653611
-118.69089076787198
-119.00526787248664
-119.27666031044855
-119.50674477606941
-119.69731620752268
-119.85025562739874
-119.96750044550437
-120.05101758730825
-120.10277965924496
-120.12474423024294
-120.1188361995995
-120.08693313508932
-120.03085340093588
-119.95234685096801
-119.85308783531202
-119.73467025645907
-119.59860440961322
-119.4463153501359
-119.27914254521806
-119.09834058553803
-118.9050807538246
-118.70045326958396
-118.48547005165726
-118.2610678619783
-118.02811171434152
-117.78739845081685
-117.5396604054603
-117.28556909008756
-117.02573885012164
-116.76073044996201
-116.49105455707229
-116.21717510218593
-115.93951249984755
-115.65844671908528
-115.37432019852172
-115.0874406038065
-114.79808342804797
-114.50649443803636
-114.21289197062757
-113.91746908476586
-113.62039557536951
-113.32182015792522
-113.0218710553525
-112.72065922626965
-112.41827913320317
-112.11481009900315
-111.81031774538226
-111.50485522856414
-111.1984643891861
-110.89117682175518
-110.58301486873557
-110.27399254403392
-109.9641163903364
-109.65338627448496
-109.3417961247526
-109.02933461368991
-108.71598578993077
-108.40173065327967
-108.08654380511335
-107.77039966632968
-107.45326919477078
-107.13512122332394
-106.81592284625448
-106.49563977336538
-106.17423665430853
-105.85167737424966
-105.52792532419713
-105.20294364640662
-104.87669545746306
-104.54914405039818
-104.22025307744877
-103.88998671494357
-103.55830981172706
-103.22518802245226
-102.8905879270037
-102.5544771372408
-102.21682439218306
-101.8775996426916
-101.53677412663959
-101.19432043549813
-100.85021257320841
-100.5044260081475
-100.15693771894412
-99.80772623484225
-99.4567716712605
-99.10405576114594
-98.74956188266964
-98.39327508376876
-98.0351821039934
-97.67527139407564
-97.31353313359742
-96.94995924709377
-96.58454341889615
-96.21728110697809
-95.84816955603938
-95.47720781002825
-95.10439672427296
-94.72973897736428
-94.3532390829043
-93.97490340120957
-93.59474015103189
-93.21275931675481
-92.82897308991807
-92.44339521829217
-92.0560414733271
-91.66692954407365
-91.27607904938748
-90.883512391761
-90.48925122878286
-90.09332210369287
-89.69575243370262
-89.29657165153641
-88.89581118897048
-88.49350448164287
-88.08968697594666
-87.68439613511647
-87.27767144394213
-86.86955441186633
-86.4600876989974
-86.04931877765479
-85.637294147148
-85.22406344017391
-84.80967827060663
-84.39419224637146
-83.9776609590294
-83.56014196725907
-83.14169477655346
-82.72238081531023
-82.30226340720773
-81.88140773972225
-81.45988082865297
-81.03775147853177
-80.61509023881327
-80.1919693557581
-79.76846271993948
-79.34464580932462
-78.92059562790452
-78.49639063986498
-78.07211069931734
-77.6478369756296
-77.22365187442468
-76.79963895433313
-76.37588283961779
-75.9524691288078
-75.52948429950781
-75.10701560956815
-74.68515099483025
-74.26397896368061
-73.84358848867042
-73.4240688954769
-73.00550974950471
-72.58800074044031
-72.1716315650896
-71.75649180884577
-71.34267082614069
-70.93025762025098
-70.51934072283136
-70.11000807355738
-69.70234690026204
-69.29644359995109
-68.89238362108266
-68.49025134661261
-68.0901299843351
-67.69210144637813
-67.29624624913075
-66.90264340294279
-66.51137031057704
-66.12250266848963
-65.73611437212729
-65.35227742551308
-64.97106185537349
-64.59253563003746
-64.2167645833113
-63.84381234351426
-63.47374026783007
-63.10660738210608
-62.742470326206096
-62.38138330499855
-62.02339804503314
-61.668563756936585
-61.31692710353199
-60.96853217366482
-60.62342046168956
-60.28163085255665
-59.94319961241219
