309.3113243716325
307.2729144311732
305.46502837025884
303.85673927767914
302.4321131923452
301.1717504601659
300.05864546619335
299.07736360534625
298.214016736909
297.4561732244291
296.79273928421924
296.2138316308635
295.71065236026175
295.275371333894
294.9010185232342
294.5813868986011
294.3109458093222
294.08476402245793
293.8984417441249
293.74805055563417
293.6300804589704
293.5413932054513
293.4791811273984
293.4409307801949
293.4243908224216
293.4275436422231
293.44858020429905
293.48587778536125
293.53798017971803
293.6035801441815
293.68150375353133
293.77069650687935
293.87021091222834
293.979195437815
294.09688461443955
294.2225901884624
294.3556932351116
294.4956370846023
294.64192097363934
294.79409433878413
294.95175173911343
295.11452825387676
295.28209538590954
295.4541573428136
295.63044771318744
295.8107264708291
295.99477727782283
296.182405055522
296.37343380141584
296.5677046000522
296.76507386134335
296.9654117108533
297.16860054273775
297.37453371399374
297.58311436597853
297.794254360574
298.0078733147928
298.2238977488303
298.4422602871641
298.6628989568334
298.8857565488826
299.1107800417222
299.3379200805197
299.5671305072304
299.7983679363836
300.03159137234485
300.2667618640519
300.5038421937303
300.74279660046074
300.98359051421926
301.22619034251244
301.4705632607665
301.71667702434104
301.9644998170613
302.21400009205985
302.4651464267736
302.71790743898407
302.97225164014884
303.22814737850786
303.4855627274987
303.7444654203749
304.004822793082
304.2666017156118
304.52976854429284
304.794289077242
305.06012851935276
305.3272514376501
305.59562174350265
305.8652026645621
306.1359567241745
306.40784572432835
306.68083073173267
306.95487206680184
307.22992929516016
307.5059612214977
307.7829258854901
308.06078055960035
308.3394817485395
308.61898519022947
308.8992458580992
309.1802179645792
309.46185496283033
309.74410956074627
310.02693371863785
310.3102786591674
310.59409487503996
310.8783321372205
311.16293950366577
311.4478653284597
311.7330572713124
312.01846230737533
312.30402673731595
312.5896961976051
312.87541567101147
313.16112949721435
313.4467813857883
313.73231442028657
314.01767107607674
314.30279322899486
314.58762216638127
314.8720985981654
315.15616266795706
315.4397539641861
315.7228115312211
316.00527388051927
316.2870790017898
316.5681643741465
316.8484669773016
317.1279233027515
317.40646936499536
317.6840407127791
317.9605724403841
318.2359991989487
314.3524203661035
310.6787323370576
307.2027727820424
303.9131935338403
300.7993994934453
297.8514922453113
295.06021807713057
292.4169200975332
289.9134941511294
287.542348241337
285.29636518565593
283.168868244496
281.15358947909425
279.2446406176879
277.436486217128
275.7239189302806
274.1020367022735
272.56622173377605
271.112121063157
269.73562863206837
268.4328687107156
267.2001805698576
266.034104296472
264.9313676590619
263.88887393683933
262.9036906345503
261.9730390115577
261.0942843600427
260.26492697284607
259.4825937466336
258.74503037075425
258.05009405640607
257.3957467646077
256.7800488949768
256.2011534005215
255.65730029655145
255.14681153446506
254.66808621357592
254.21959610633112
253.79988147400584
253.4075471534235
253.0412588927532
252.69973992156167
252.3817677374308
252.08617109443804
251.8118271796681
251.55765896498409
251.32263272225717
251.1057556911462
250.90607394856556
250.72267017139995
250.55466188800102
250.40119954800429
250.26146497497092
250.13466959950796
250.02005300544937
249.91688151071435
249.8244468324074
249.74206483102896
249.66907432903395
249.60483599931518
249.54873131951678
249.50016158838866
249.45854700070305
249.42332577756764
249.39395334931535
249.369901588572
