9.662820808951693
9.695253087574077
9.727554027346073
9.759724023812847
9.791763405111134
9.823672487658202
9.855451582719724
9.88710099747779
9.918621035479031
9.950011997007278
9.981274179442016
10.012407877609764
10.043413384129769
10.074290989754482
10.105040983705376
10.135663654004567
10.16615928780264
10.196528171703198
10.226770592084502
10.256886835418635
10.286877188588607
10.31674193920375
10.346481375913807
10.376095788722067
10.405585469297883
10.434950711288911
10.464191810633375
10.493309065872687
10.52230277846466
10.551173253097643
10.579920798005771
10.608545725285634
10.637048351214508
10.66542899657042
10.693687986954183
10.721825653113596
10.749842331269916
10.777738363446755
10.805514097801487
10.833169888959233
10.8607060983495
10.888123094545438
10.9154212536058
10.94260095941948
10.969662604052639
10.996606588098274
11.023433321028136
11.050143221546797
11.076736717947703
11.103214248470975
11.129576261662615
11.155823216734895
11.181955583927483
11.20797384486895
11.233878492938155
11.259670033625033
11.285348984890241
11.310915877523
11.336371255496518
11.361715676320262
11.38694971138828
11.412073946322755
11.437088981311895
11.461995431441206
11.486793927017098
11.511485113881765
11.536069653718204
11.560548224344146
11.584921519993594
11.609190251584717
11.633355146972612
11.657416951185521
11.681376426642986
11.705234353354362
11.728991529096017
11.752648769565624
11.776206908511716
11.799666797836831
11.823029307672346
11.846295326423222
11.869465760780754
11.892541535701469
11.915523594350221
11.93841289800564
11.961210425925994
11.983917175173604
12.006534160395935
12.029062413561581
12.051502983649332
12.073856936288665
12.096125353349997
12.11830933248318
12.140409986602805
12.162428443318992
12.184365844312516
12.206223344653198
12.22800211206076
12.24970332610745
12.27132817736193
12.292877866474226
12.31435360320168
12.33575660537611
12.35708809781275
12.378349311161584
12.399541480702242
12.420665845083759
12.441723645010855
12.46271612187871
12.483644516358533
12.504510066936604
12.525314008409667
12.546057570340084
12.566741975474322
12.587368438128772
12.607938162547176
12.628452341234292
12.648912153270711
12.669318762613981
12.689673316391564
12.709976943191279
12.730230750811966
12.750435826207637
12.77059323215532
12.790704006150717
12.810769158778589
12.830789672118527
12.850766498192652
12.870700557461824
12.890592737376863
12.910443890991134
12.93025483564071
12.950026351698156
12.969759181405648
12.989454027792958
13.009111553685363
13.032026613076596
13.059905298893622
13.092602306831456
13.129981228156
13.171913137651083
13.218275557333772
13.268951668868956
13.323829698685424
13.382802426222954
13.44576678199545
13.512623512615727
13.583276896806922
13.657634501029158
13.73560696648117
13.817107821399816
13.902053314097833
13.99036226326063
14.081955922803832
14.176757859165749
14.274693839335063
14.375691728235726
14.47968139433736
14.586594622550974
14.696365033620838
14.80892800934399
14.92422062304688
15.042181574829188
15.162751131152248
15.285871068406319
15.411484620140156
15.53953642767897
15.669972493894905
15.802740139928723
15.937787964692964
16.07509723031407
16.214628216638403
16.356334520988664
16.500170872882244
16.646093095048414
16.79405809366679
16.944023835273583
17.095949330840035
17.249794622992557
17.405520776848814
17.563089874925105
17.722465016711315
17.88361032369079
18.04649095081705
18.211073105768314
18.37732407771106
18.545212277857594
18.714707294857575
18.88577996910835
19.058402491535837
19.2325485344895
19.408193425430415
19.585314378580723
19.76389080648419
19.94390474391977
20.125341433287698
20.308190147932613
20.492445376347106
20.67810857261389
20.865190832168153
21.053717156948977
