173.59301022073268
175.56711296950033
177.46627546926737
179.29142755636272
181.04394822996625
182.72560917846025
184.33851719607296
185.88505702490713
187.36783597183796
188.78963139129758
190.15334186338814
191.4619426574647
192.71844582527376
193.92586509936876
195.0871855862675
196.20533812014537
197.2831780402213
198.32346808247186
199.32886502895303
200.3019097320081
201.24502012207307
202.16048681291846
203.05047093357243
203.91700383885959
204.76198837793956
205.5872014303554
206.39429745027365
207.1848127905607
207.9601706081765
208.7216861804508
209.47057248773098
210.20794594143612
210.93483215763902
211.6521716949465
212.36082569175448
213.0615813520608
213.75515724110178
214.44220836232142
215.1233309957849
215.7990672852921
216.46990956732103
217.1363044396962
217.7986565716949
218.4573322603072
219.1126627396844
219.76494725255017
220.41445589360916
221.06143223584883
221.7060957511685
222.34864403704063
222.9892548609714
223.62808803442059
224.26528712760387
224.90098103626474
225.53528541109347
226.16830396000722
226.80012963300948
227.4308456988264
228.06052672199155
228.68923944851917
229.31704360778483
229.94399263771987
230.57013433993174
231.1955114708855
231.8201622748252
232.44412096368353
233.0674181488147
233.69008122900226
234.3121347388299
234.93360066116296
235.55449870717243
236.17484656703883
236.79466013419892
237.4139537057439
238.03274016134574
238.65103112286994
239.26883709663483
239.886167600095
240.50303127455805
241.1194359853902
241.73538891102612
242.35089662196987
242.9659651508558
243.5806000545337
244.19480646904313
244.80858915825561
245.42195255688318
246.03490080847843
246.64743779898708
247.25956718635453
247.8712924266338
248.48261679699547
248.46659668156875
248.45478516652565
248.44715120038484
248.44366402293903
248.44429314391837
248.44900832750463
248.45777958096696
248.47057714620132
248.48737149331527
248.50813331565575
248.53283352585487
248.56144325259524
248.59393383788483
248.63027683469366
248.67044400484758
248.71440731710723
248.76213894537918
248.81361126702447
248.868796861238
248.92766850748094
248.9901991839539
249.0563620661015
249.12613052514266
249.19947812662085
249.27637862897288
249.35680598211246
249.44073432602798
249.52813798939263
249.61899148818662
249.7132695243305
249.8109469843292
249.91199893792654
250.01640063677007
250.12412751308582
250.23515517836273
250.34945942204703
250.46701621024607
250.58780168444156
250.71179216021235
250.83896412596647
250.96929424168226
251.10275933765882
251.23933641327545
251.37900263576037
251.52173533896783
251.6675120221647
251.81631034882548
251.96810814543628
252.12288340030716
252.2806142623937
252.44127904012635
252.60485620024906
252.77132436666568
252.94066231929523
253.11284899293514
253.28786347613303
253.4656850100664
253.64629298743077
253.8296669513355
254.0157865942081
254.20463175670614
254.39618242663704
254.59041873788624
254.78732096935246
254.9868695438909
255.18904502726468
255.39382812710306
255.60119969186772
255.81114070982642
256.0236323080343
256.23865575132214
256.45619244129256
256.6762239153231
256.8987318455765
257.12369803801874
257.3511044314434
257.58093309650366
257.8131662347514
258.0477861776829
258.2847753857916
258.52411644762805
258.7657920788663
259.00978512137726
259.25607854230884
259.5046554331727
259.7554990089375
260.0085926071292
260.2639196869374
260.5214638283285
260.781208731165
261.0431382143318
261.3072362148678
261.5734867871053
261.8418741018141
262.1123824453531
262.3849962188271
262.6596999372506
262.9364782287169
263.2153158335739
263.4961976036052
263.7791085012178
264.0640335986357
264.3509580770987
264.6398672260677
264.9307464424354
265.22358122974316
265.518357197403
265.81506005992566
