0.05174
-0.04222375236913899
-0.03975838575296951
-0.03757040088655851
-0.035634850320572405
-0.03392734034536643
-0.03242507076794995
-0.031107098936565804
-0.02995442395206703
-0.028949953187860852
-0.02807839815549849
-0.027326132709826093
-0.026681035545757653
-0.026132330897137068
-0.025670435757993965
-0.0252868181935914
-0.024973868868485016
-0.024724786386614375
-0.024533476118311325
-0.024394461672053103
-0.024302807911282753
-0.02425405432122899
-0.024244157533143088
-0.024269441871860427
-0.024326556879842528
-0.024412440871132923
-0.024524289670443684
-0.02465953424364142
-0.024815803660990086
-0.024990920292706487
-0.025182876915447554
-0.025389822233280693
-0.02561004800938821
-0.025841977814563075
-0.026084157126522962
-0.026335244554243166
-0.026594003997212328
-0.026859297580689924
-0.027130079234613736
-0.027405388807430795
-0.02768434662577629
-0.027966148428121142
-0.02825006061494763
-0.028535415770153342
-0.028821608418386165
-0.029108090991555542
-0.029394369984230773
-0.029680002283215417
-0.029964591660691015
-0.03024778542367319
-0.03052927121463124
-0.030808773960125754
-0.031086052965128654
-0.031360899151527004
-0.03163313243949404
-0.031902599270406916
-0.03216917026993382
-0.032432738049369955
-0.03269321514300346
-0.03295053207883451
-0.03320463557947853
-0.03345548688944056
-0.03370306022485798
-0.033947341341069394
-0.03418832621318034
-0.034426019824673124
-0.03466043505847154
-0.0348915916852942
-0.03511951544348613
-0.035344237204939746
-0.035565792221376694
-0.03578421944568723
-0.035999560922746775
-0.036211861244689836
-0.03642116706542942
-0.03662752666964412
-0.036830989591671776
-0.03703160627974677
-0.03722942780167432
-0.03742450558786283
-0.03761689120813226
-0.03780663617896886
-0.03799379179802342
-0.0381784090029806
-0.0383605382521137
-0.03854022942412966
-0.038717531735059096
-0.03889249367009921
-0.03906516292874889
-0.03923558638134798
-0.039403810035756735
-0.03956987901267341
-0.03973383752852082
-0.03989572888470892
-0.0400555954624911
-0.040213478722455835
-0.04036941920792732
-0.04052345655174195
-0.04067562948568846
-0.04082597585222218
-0.04097453261800943
-0.041121335888865726
-0.04126642092588503
-0.04140976549392667
-0.04155157325474358
-0.04169170694238087
-0.041830255363878195
-0.04196724979755893
-0.042102720807635156
-0.04223669823942871
-0.04236921123748899
-0.042500288263494494
-0.04262995711379928
-0.042758244936751774
-0.04288517824956086
-0.0430107829548216
-0.04313508435666466
-0.043258107176458616
-0.043379875568132144
-0.04350041313304474
-0.04361974293448216
-0.04373788751172559
-0.0438548688936873
-0.04397070861221154
-0.044085427714890955
-0.0441990467776078
-0.04431158591661845
-0.04442306480031754
-0.044533502660620734
-0.04464291830404953
-0.04475133012246113
-0.04485875610342171
-0.04496521384033056
-0.0450707205422244
-0.04517529304326419
-0.0452789478119959
-0.04538170096027087
-0.04548356825196168
-0.04558456511140643
-0.04568470663161487
-0.0457840075822182
-0.045882482417217305
-0.045980145282498115
-0.04607701002312708
-0.04617309019047826
-0.04626839904910005
-0.04636294958345213
-0.04645675450440571
-0.04654982625561007
-0.046642177019662084
-0.0467338187240929
-0.046824763047216875
-0.04691502142383137
-0.04700460505072608
-0.04709352489207485
-0.04718179168468557
-0.04726941594309803
-0.047356407964541526
-0.04744277783380646
-0.04752853542792268
-0.04761369042077196
-0.047698252287558286
-0.04778223030917794
-0.04786563357643543
-0.04794847099422715
-0.04803075128554842
-0.04811248299542736
-0.04819367449479316
-0.048274333984169485
-0.04835446949734847
-0.04843408890496985
-0.04851319991793509
-0.048591810090842166
-0.04866992682526944
-0.048747557372997366
-0.04882470883914608
-0.04890138818526946
-0.048977602232312345
-0.049053357663578614
-0.049128661027536595
-0.04920351874065486
-0.04927793709007548
-0.049351922236307195
-0.04942548021580576
-0.049498616943519105
-0.04957133821532007
-0.049643649710494474
-0.04971555699403744
-0.049787065519010916
-0.04985818062875817
-0.0499289075591459
-0.04999925144068606
-0.050069217300662654
-0.05013881006518453
-0.0502080345611845
-0.05027689551839747
-0.05034539757129379
-0.05041354526093452
-0.05048134303683836
-0.05054879525875278
