12.364848869488668
12.364737188656308
12.364929659196221
12.365398774018221
12.3661259685698
12.367094166278104
12.368286928661341
12.369688339844279
12.371282973281076
12.373055868282698
12.374992508305395
12.377078800094118
12.379301053565351
12.381645962401473
12.38410058533834
12.386652328129024
12.389288926166959
12.391998427751833
12.394769177982049
12.397589803257754
12.400449196378831
12.403336502222702
12.406241103987162
12.409152609983959
12.412060840969303
12.414955817998024
12.417827750788593
12.42066702658677
12.423464199516218
12.426209980404925
12.428895227076946
12.43151093509941
12.434048228975445
12.436498353774208
12.438852667189707
12.44110263202082
12.443239809065355
12.445255850421638
12.447142493191624
12.44889155358012
12.450494921385204
12.451944554875466
12.453232476050236
12.45435076627937
12.455291562319815
12.4560470527064
12.45660947451501
12.456971110496513
12.457124286580264
12.457061369746512
12.456774766267179
12.456256920314996
12.455500312941108
12.454497461421687
12.453240918974153
12.451723274844019
12.449937154763195
12.44787522178112
12.445530177469795
12.442894763504095
12.439961763618525
12.436724005941663
12.433174365709368
12.429305768357647
12.425111192995853
12.420583676260772
12.415716316551428
12.410502278644568
12.404934798689874
12.399007189583681
12.392712846719256
12.386045254111155
12.378997990890309
12.371564738165793
12.363739286248286
12.355515542229357
12.346887537909572
12.337849438067483
12.328395549060254
12.31852032774547
12.308218390712453
12.297484523809919
12.286313691955371
12.274701049210233
12.262641949102974
12.25013195518101
12.237166851770372
12.223742654920454
12.209855623509386
12.195502270483743
12.180679374204534
12.165383989869452
12.14961346097966
12.133365430817394
12.116637853898958
12.099429007365718
12.08173750227406
12.06356229474349
12.044902696920342
12.025758387713127
12.006129423253867
11.986016247038561
11.965419699698586
11.94434102835379
11.922781895497083
11.900744387359563
11.878231021704721
11.855244754999939
11.831788988913368
11.807867576084483
11.783484825117101
11.758645504744308
11.733354847115885
11.707618550160142
11.681442778973837
11.65483416619584
11.627799811322763
11.600347281636584
11.572484600997651
11.54422025434335
11.515563179295016
11.486522759789692
11.457108818350646
11.4273316071057
11.397201797544065
11.366730469008079
11.33592909592204
11.30480953376653
11.273384003813003
11.241665076639874
11.20966565445814
11.177398952281214
11.144878477980583
11.112118011275577
11.079131581712378
11.063671123864347
11.046931244401499
11.028943155227399
11.009746963589995
10.989391042648965
10.96793000571208
10.945422975224238
10.921932202943243
10.897521970129349
10.872257705006657
10.846205270092838
10.819430383813975
10.791998149430594
10.763972670596724
10.73541673752733
10.70639157122589
10.676956615846445
10.647169371260214
10.617085259427645
10.586757519359145
10.556237126366607
10.52557273202581
10.494810621832924
10.46399468798188
10.433166415038857
10.402364876565828
10.371626740961588
10.34098628495734
10.310475413333261
10.280123683518525
10.249958333804278
10.22001750979024
10.190339806336764
10.160945304906354
10.131851957744168
10.103075599833053
10.074629970615314
10.046526723019753
10.018775429232196
9.991383578317878
9.964356563565175
9.937697656862403
9.911407966905509
9.885486377367002
9.859929460285796
9.83473135879737
9.809883631820968
9.78537505132667
9.761191340137579
9.73731483462147
9.71372405171477
9.690393132947893
9.66729112868054
9.644381072360458
9.621618775361833
9.59895124480351
9.576314584799288
9.553631177768551
9.530805842996385
9.507720510474238
9.484226685316298
9.460134528500936
9.435196577410247
9.40908262397616
9.381339263852492
