7.1037222021412445
-16.099535276566904
-16.501547076651867
-16.935123697139506
-17.398061541292204
-17.88879230372988
-18.40573095264113
-18.947201315874555
-19.51144934518293
-20.096669129283107
-20.701029427975087
-21.32269814239849
-21.95986384020012
-22.610753956750663
-23.273649579897985
-23.946896931243852
-24.62891580043909
-25.318205277112533
-26.013347167274077
-26.713007487455624
-27.415936411245273
-28.120967008433155
-28.827013074191616
-29.53306630023038
-30.238192995539897
-30.941530523550327
-31.642283586552384
-32.33972045764881
-33.03316923499408
-33.72201416902166
-34.405692122889555
-35.08368913443807
-35.75553717326475
-36.420811042523056
-37.07912545515642
-37.73013226098551
-38.3735178746048
-39.00900082662369
-39.63632948898145
-40.25527994509776
-40.8656540022978
-41.467277339906374
-42.05999778630176
-42.6436837183522
-43.218222576745795
-43.783519492325304
-44.33949600914675
-44.88608891979043
-45.42324916911103
-45.95094086664832
-46.46914036247343
-46.977835391520216
-47.47702432957332
-47.966715446188395
-48.44692622578018
-48.91768291849817
-49.379019744398065
-49.830978547314
-50.273608279949535
-50.706964566082554
-51.131109293689285
-51.546110235301676
-51.952040692201194
-52.348979159300704
-52.73700900787878
-53.11621818356657
-53.48669891729199
-53.84854744713707
-54.201863749318655
-54.54675127676875
-54.88331670401114
-55.211669677256864
-55.531922568865525
-55.84419023547771
-56.14858977933044
-56.44524031240256
-56.7342627231746
-57.015779445927
-57.28991423255972
-57.55679192704599
-57.81653824265725
-58.069279542169
-58.31514262128255
-58.554254495509824
-58.78674219078088
-59.012732538020316
-59.2323519713954
-59.44572633448923
-59.65298068106209
-59.85423909606006
-60.049621385132944
-60.23925858175117
-60.42326125183445
-60.60175101381075
-60.77484443317616
-60.94265607852594
-61.105298361199864
-61.26410265517353
-61.42495067835608
-61.58147241792508
-61.733799720307104
-61.88205662140504
-62.02636215119433
-62.16683103401578
-62.30357397397724
-62.436697898079046
-62.56630637007076
-62.69249942287589
-62.81537411878278
-62.935024515671486
-63.051541848048316
-63.165014653617135
-63.27552888678068
-63.383168020932295
-63.48801314116872
-63.5901430287849
-63.689634238756724
-63.786561171212234
-63.88099613777235
-63.973009423497366
-64.06266934506627
-64.15004230573555
-64.23519284751832
-64.31818370097321
-64.39907583292769
-64.4779284923891
-64.55479925489145
-64.62974406545155
-64.7028172802797
-64.77407170739278
-64.84355864622341
-64.91132792630127
-64.97742794508822
-65.04190570501352
-65.10480684975299
-65.16617569978509
-65.22605528725684
-65.28448739016581
-65.34151256588645
-65.39717018404208
-65.45149845873769
-65.5045344801529
-65.5563142455018
-65.60687268936915
-65.65624371340819
-65.70446021541845
-65.75155411779842
-65.79755639537623
-65.84249710260887
-65.88640540018056
-65.92930958096497
-65.97123709538639
-66.01221457617198
-66.05226786248565
-66.09142202348019
-66.12970138123724
-66.16712953313528
-66.2037293736182
-66.23952311540538
-66.27453231012547
-66.30877786839166
-66.34228007933251
-66.37505862957788
-66.40713262170961
-66.43852059219657
-66.46924052881683
-66.49930988756918
-66.52874560910247
-66.55756413466109
-66.585781421555
-66.61341295817176
-66.64047377854305
-66.66697847646495
-66.69294121919206
-66.7183757607201
-66.7432954546499
-66.76771326666773
-66.79164178662498
-66.81509324025637
-66.83807950052278
-66.86061209860091
-66.88270223453084
-66.90436078752317
-66.92559832594223
-66.94642511697155
-66.96685113597445
-66.98688607555302
-67.00653935431933
-67.02582012538528
-67.04473728458433
-67.06329947841695
-67.08151511176439
-67.09939235532038
-67.11693915281884
-67.13416322800124
-67.15107209137618
-67.16767304675234
-67.18397319755896
-67.19997945297324
-67.21569853383374
