12458.0042496
24673.580618058244
24903.43224469694
25133.603878349964
25364.007748066757
25594.617297901088
25825.412610916086
26056.37417779877
26287.482185096957
26518.71642544663
26750.056277851076
26981.480695889033
27212.968196883532
27444.496851267777
27676.044272082618
27907.58760461872
28139.103516226733
28370.568186320103
28601.957296596345
28833.246021503845
29064.409018981518
29295.42042150089
29526.253827439465
29756.882292817318
29987.278323428032
30217.413867397856
30447.260308206773
30676.788458207364
30905.96855267769
31134.770244446026
31363.1625991263
31591.11409100436
31818.592599615804
32045.565407057995
32271.999196079247
32497.860048989212
32723.11344743657
32947.724273098655
33171.656809331434
33394.87474382651
33617.341172323984
33839.01860342948
34059.86896458557
34279.85360924601
34498.93332530364
34717.06834482081
34934.21835511257
35150.3425112314
35365.39944990267
35579.3473049584
35792.14372431627
36003.74588855007
36214.11053109553
36423.19396013419
36630.95208219601
36837.34042751866
37042.31417719975
37245.82819217405
37447.837044045475
37648.295047800144
37847.15629642149
38044.37469742612
38239.90401133278
38433.69789207259
38625.70992934316
38815.893692903745
39004.20277880152
39190.5908575131
39375.01172398118
39557.419349511896
39737.76793550019
39916.01196893514
40092.10627963334
40266.00609913805
40437.66712121388
40607.04556385733
40774.09823273555
40938.7825859544
41101.05680004944
41260.879837083026
41418.211512720576
41573.0125651509
41725.24472470465
41874.870784016035
42021.85466856382
42166.161507417935
42307.75770400979
42446.611006735584
42582.6905791934
42715.96706984803
42846.41268090949
42974.001236204305
43098.70824781399
43220.51098124795
43339.38851891521
43455.32182165368
43568.293788074865
43678.28931147785
43785.295334086775
43889.300898365575
43990.29719516392
44088.277608452474
44183.23775640625
44275.1755286019
44364.09111909844
44449.98705517917
44532.86822154049
44612.74187972241
44689.61768258647
44763.507683660115
44834.42634117818
44902.39051666811
44967.41946794162
45029.534836371735
45088.760628355434
45145.123190875805
45198.65118110908
45249.37553003187
45297.329400015515
45342.54813641545
45385.07093655415
45424.933912220826
45462.18031365871
45496.85361562163
45528.99914578422
45558.664001921614
45585.89696386814
45610.74840048154
45633.27017186307
45653.515527109405
45671.538997897944
45687.396288232965
45701.14416070481
45712.84031963441
45722.54329150041
47406.476353173945
47979.983542531016
48537.29101879006
49080.80543259352
49612.50405378667
50134.04755790304
50646.84581475011
51152.10600395283
51650.86941967693
52144.04007872984
52632.40721426421
53116.663143693586
53597.41759718745
54075.20931005476
54550.51547980874
55023.75954194339
55495.31761084999
55965.52385252538
56434.674995977824
56903.03414503403
57370.83401773483
57838.279713912474
58305.55109085515
58772.80481074834
59240.17611073025
59707.78033614328
60175.714269255914
60644.05727894677
61112.87231121787
61582.20673561457
62052.09305853431
62522.549510712895
62993.580512807865
63465.17701974764
63920.89017156624
64371.94658021255
64822.352356668795
65272.03354923408
65720.90940175155
66168.87764420983
66615.8212358852
67061.60525544854
67506.07508685034
67949.0541770742
68390.3412264245
68829.7066758352
69266.88831501952
69701.58578082915
70133.45364118967
70562.09265857862
70987.03868606678
71407.74845080177
71823.58119722718
72233.77475308439
72637.41397888049
73033.38865827036
73420.33650483958
73796.56479788151
74159.940686875
74507.73446481847
74836.39030391639
75141.18153391128
75415.6751916536
75650.86712517803
75833.71604657939
