0.04669946375062846
0.046699032641443684
0.04669709510630083
0.046693787489070444
0.04668920202945491
0.04668342372320343
0.04667653449691992
0.04666861375121826
0.046659738500303326
0.04664998346607382
0.04663942116629209
0.046628122001056774
0.04661615433792388
0.04660358459560677
0.046590477326154886
0.04657689529552271
0.04656289956245444
0.04654854955562127
0.04653390314896391
0.04651901673519875
0.046503945297460464
0.046488742479059104
0.04647346065133908
0.046458150979633295
0.04644286348731288
0.04642764711793589
0.04641254979550569
0.04639761848285063
0.046382899238142206
0.046368437269570274
0.04635427698819586
0.046340462059004855
0.04632703545018737
0.04631403948066528
0.04630151586589644
0.046289505761979065
0.04627804980808362
0.04626718816723622
0.04625696056547944
0.04624740632943488
0.04623856442228988
0.046230473478231025
0.04622317183534559
0.046216697567010356
0.04621108851178522
0.046206382301829496
0.04620261638985379
0.04619982807462223
0.04619805452501509
0.046197332802661285
0.04619769988314851
0.04619919267581548
0.04620184804213076
0.046205702812658095
0.04621079380260911
0.046217157825978954
0.04622483170826145
0.04623385229773569
0.046244256475316825
0.04625608116295847
0.046269363330595246
0.04628414000161063
0.04630044825681356
0.04631832523690515
0.046337808143417474
0.046358934238100245
0.04638174084073541
0.04640626532535287
0.04643254511482387
0.046460617673803724
0.046490520499997454
0.04652229111371909
0.04655596704571567
0.04659158582322694
0.04662918495424998
0.04666880190997917
0.046710474105392544
0.04675423887795384
0.0468001334644029
0.04684819497560619
0.04689846036944193
0.046950966421693704
0.04700574969493237
0.047062846505363305
0.04712229288762389
0.047184124557515486
0.04724837687265948
0.04731508479107184
0.047384282827652176
0.04745600500859247
0.047530284823712604
0.04760715517673781
0.04768664833353985
0.0477687958683703
0.04785362860812183
0.04794117657466382
0.04803146892530497
0.04812453389144769
0.048220398715506894
0.04831908958617967
0.04842063157216093
0.04852504855441401
0.04863236315711715
0.0487425966774198
0.048855769014157946
0.048971898595688124
0.049091002307019405
0.04921309541643256
0.04933819150179419
0.049466302376787216
0.04959743801729463
0.04973160648818964
0.04986881387079912
0.05000906419132303
0.0501523593505071
0.05029869905487915
0.05044808074987296
0.0506004996299197
0.05075594826636129
0.05091441702999169
0.05107589370285195
0.051240363511942166
0.05140780908106385
0.05157821038708188
0.051751544720983846
0.05192778665411548
0.05210690800996187
0.05228887784184007
0.052473662416856276
0.052661225206466586
0.05285152688396483
0.053044525329199656
0.053240175640798325
0.05343843015615193
0.05363923847938106
0.05373295664891095
0.05383468494509637
0.053944311814462895
0.05406167255973443
0.05418655214020706
0.054318696597803036
0.054457822746037464
0.05460362578359828
0.05475578527524287
0.05491396988864233
0.05507784117948793
0.055247056642841186
0.055421272194468345
0.055600144206178106
0.0557833311898004
0.05597049520250242
0.056161303029602205
0.05635542718849749
0.05655254678774236
0.056752348267960856
0.0569545260456298
0.057158783076413366
0.05736483135138429
0.05757239233690778
0.0577811973670244
0.057990987995724774
0.05820151631546373
0.058412545247545286
0.058623848809568696
0.05883521236491941
0.059046432859293306
0.05925722422464802
0.05946729070838657
0.05967646458536896
0.059884590239638595
0.060091524524208136
0.06029713707501383
0.0605013106927525
0.060703941758718946
0.060904940706754916
0.06110423257055397
0.06130175762825434
0.061497472171134764
0.06169134942946423
0.061883380696582196
0.06207357670271066
0.062261969303641716
0.06244861356748754
0.06263359036674704
0.06281700961541498
0.06299901433512448
0.0631797857954139
0.06335955005863148
0.06353858638112198
0.06371723809681028
0.06389592686490889
0.06407517154516863
0.06425561354625935
0.06443805140223419
0.06462348879148463
0.06481320262861714
0.06500884200553629
0.06521257617868446
0.06542732376715184
0.06565712327789773
