77.67546554972243
77.12772969429618
76.63627027192567
76.19375660221425
75.79643690628721
75.43965101734388
75.11929095773712
74.83161087414588
74.57322917207158
74.34111170627968
74.13254609306885
73.94511270860677
73.7766554723247
73.62525396932269
73.48919768477167
73.36696260358438
73.25719023620886
73.15866891351344
73.07031721926859
72.99116931920913
72.92036200489036
72.85712325985635
72.80076216397862
72.75065997019536
72.7062622174051
72.66707176037865
72.63264258957206
72.60257435994288
72.57650752667786
72.5541190321225
72.53511846217724
72.51924463439643
72.50626254987615
72.49596068177723
72.4881485475569
72.48265453985157
72.47932399399477
72.47801745566261
72.47860912733465
72.48098547232466
72.48504397410831
72.49069201220276
72.49784586232443
72.50642978966808
72.51637523864359
72.52762010386462
72.54010807361881
72.55378803947241
72.56861356604891
72.58454240802806
72.60153608301545
72.61955948134214
72.63858051569325
72.65856980510897
72.67950038988201
72.70134747450392
72.72408819459677
72.74770141124723
72.77216751815921
72.79746827258862
72.82358664123251
72.85050666145189
72.87821331577952
72.90669241859935
72.93593051415142
72.96591478417183
72.99663296476103
73.02807327116436
73.06022433135713
73.09307512153092
73.12661491467895
73.16083322978326
73.19571978632466
73.23126446733072
73.26745728071297
73.3042883238666
73.34174776294415
73.37982579690285
73.4185126433588
73.45779851098254
73.4976735830101
73.53812800285341
73.57915185669616
73.62073516134133
73.66286785253378
73.70553977564543
73.74874067406398
73.79246018400447
73.8366878267542
73.88141300283421
73.92662498676859
73.97231292289611
74.01846582146685
74.06507255577013
74.11212185952552
74.15960232490075
74.20750240085262
74.25581039198855
74.30451445772744
74.35360261179862
74.40306272196044
74.45288250944964
74.50304955131436
74.55355127866122
74.60437497816945
74.65550779277
74.70693672273613
74.75864862666204
74.81063022269532
74.86286808985719
74.9153486693907
74.96805826621475
75.02098305051526
75.07410905920987
75.12742219774123
75.18090824213272
75.23455283919581
75.28834150990576
75.34225965059096
75.39629253481048
75.45042531513508
75.50464302510396
75.55893058096292
75.61327278370025
75.66765432093827
75.72205976880753
75.77647359402621
75.83088015574903
75.88526370766316
75.93960839999592
75.99389828157601
76.04811730184733
76.10224931300806
76.24730078104716
76.3954425560615
76.54617034478267
76.69901792123493
76.85355442064241
77.0093818151994
77.16613256484987
77.32346743370682
77.48107346200408
77.63866208361405
77.79596737868629
77.9527444523843
78.10876792874578
78.26383055429666
78.41774190017296
78.57032715686262
78.72142601446261
78.87089162191614
79.01858961960343
79.16439723968756
79.30820246935176
79.44990327241366
79.58940686502606
79.72662904163806
79.86149354767163
79.99393149560865
80.12388082152268
80.25128577911734
80.37609646886901
80.49826839978648
80.61776208148686
80.73454264476335
80.84857948850554
80.95984595135822
81.0683190063724
81.17397897720632
81.2768092743868
81.37679615032546
81.47392847187697
81.56819750908991
81.65959673983994
81.74812166787119
81.83376965475357
81.91653976415311
81.99643261776471
82.07345026210746
82.14759604545584
82.2188745042837
82.28729125855396
82.35285293114511
82.4155670106459
82.47544181909791
82.53248640668168
82.5867105252827
82.63812452289746
82.68673930092305
82.73256626200074
82.77561726257964
82.81590456993102
82.85344082328754
82.88823899887089
82.92031237853884
82.94967452186971
82.97633924149457
83.00032058155598
83.02163279922488
83.04029034932563
