3.159
8.892276108082294
9.0583737544951
9.22528067627457
9.392654693899244
9.560247585700221
9.727841011965769
9.89523705419685
10.062258185668394
10.228748439660963
10.394574274147963
10.559624871763237
10.723811857665481
10.887068478644663
11.049348310499807
11.2106235733238
11.370883140604654
11.530130329257467
11.688380554686296
11.845658928649001
12.001997869002269
12.157434780254567
12.312009853072311
12.465764020147217
12.618737095669356
12.770966116426457
12.92248389449038
13.073317784657442
13.223488664283577
13.373010118832255
13.52188782321644
13.670119106725068
13.817692687827954
13.96458856430036
14.110778043759767
14.256223899740615
14.400880638740793
14.544694864170033
14.687605723748385
14.829545427588915
14.970439824916081
15.110209028096307
15.248768073370822
15.386027608378683
15.521894597234684
15.65627303458514
15.789064660704472
15.92016967032674
16.049487408525714
16.17691704757453
16.30235823933125
16.425711738310238
16.546879991213935
16.665767689311203
16.78228228065758
16.896334439750966
17.00783849280622
17.116712808511295
17.22288016277772
17.3262677714487
17.426807992138112
17.524438178442445
17.61910092206805
17.710744161360317
17.79932124884305
17.88479098009367
17.967117586363
18.046270693517506
18.122225250011017
18.194961426710787
18.264464491404613
18.330724660897946
18.393736933529954
18.453501369085128
18.510021069468593
18.563304647522614
18.61336425755193
18.660215798923023
18.70387868640934
18.74437561807376
18.781732342608315
18.815977427884413
18.847142032066195
18.875259678919974
18.90036603821353
18.922498712406057
18.941697030439617
18.95800184941361
18.971455364407767
18.982100927896727
18.98998287747203
18.995146373750263
18.997637247630525
18.997501857290576
18.994786954857847
18.98953956267244
18.981806858999054
18.97163607299532
18.95907438870068
18.944168857774482
18.92696632068193
18.907513336004687
18.885856117533113
18.862040478785637
18.836111784590187
18.808114909359368
18.778094201686454
18.746093454892883
18.712155883159138
18.67632410287675
18.63864011886646
18.59914531511484
18.557880449691815
18.514885653521084
18.470200432685875
18.423863673964213
18.375913653298834
18.326388046917376
18.275323798753586
18.222757714931603
18.1687256217816
18.113262951089045
18.05640462159621
17.998185060312085
17.93864007899197
17.877799584310992
17.815698360100992
17.752369149392027
17.687844279864954
17.62215572523262
17.55533513510735
17.48741386013152
17.418422976083708
17.348393307376313
17.27735360835119
17.205337855241815
17.132374565264733
17.058493727896646
16.983725229327824
16.908098833905367
16.831644195575734
16.75439087248939
16.676368340842444
16.59760600733922
16.518133220140278
16.437979278236874
16.357173439209397
16.275744925337438
16.19372292803707
16.111136610608927
16.028015109289147
15.944387532603415
15.86028295903271
15.775730433007517
15.690758959255891
15.605397495538726
15.519674943813241
15.433620139875185
15.347261841535296
15.260628715396257
15.173749322300388
15.086652101527507
14.999365353827068
14.911917223375713
14.824335678756107
14.736648493057785
14.648883223205438
14.561067188622983
14.473227449345563
14.385390783692788
14.297583665619628
14.209832241860475
14.122162308983453
14.034599290471082
13.947168213941449
13.859893688623192
13.772799883194065
13.685910504128508
13.59924877439078
13.51283741335879
13.426771662623299
13.340867803098282
13.2553380960939
13.170144121645112
13.085305920734903
13.000842822908428
12.916773521600714
12.833116075051192
12.749887897268568
12.667105748643031
12.584785727650353
12.502943263873938
12.42159311238682
12.340749349499212
12.26042536986831
12.180633884958558
12.101386922835177
12.022695829267002
11.944571270109616
11.867023234934022
