428.201712
310.2491568645256
316.3741945425318
322.77714473691697
329.45767378634673
336.421329986283
343.67432506081235
351.2227798024873
359.07264587988277
367.2297324141788
375.6997497922679
384.48835571743854
393.60119964081946
403.04396382209023
412.82240004587175
422.94236157264436
433.4098303244074
444.2309396211665
455.41199298553937
466.95947963534434
478.8800873112261
491.18071305262265
503.86847246966596
516.9507079674465
530.4349962873271
544.3291556332035
558.6412525689138
573.3796087984297
588.5528078930269
604.1697011107882
620.2394172412723
636.7713641409192
653.7752386980106
671.2610312519864
689.2390337064999
707.7198397230496
726.7143573229266
746.2338095568897
766.2897407884598
786.8940218822063
808.0588555970796
829.7967823910673
852.1206868803642
875.0438052495932
898.5797339396304
922.742437654111
947.5462710880186
973.0059798229845
999.1367279494883
1025.9541166812726
1053.4742140662659
1081.7135715929
1110.6892795003926
1140.4189960537676
1170.9208219474963
1202.2140565181653
1234.318225564472
1267.2538381435104
1301.0423020285152
1335.706019146985
1371.2684933699795
1407.7544518774148
1445.1899813433702
1483.6026805545034
1523.0218308100707
1563.4785861557702
1605.0061853110324
1647.6401876263021
1691.4187356519567
1736.3828472743035
1782.5767408120132
1830.0481969874384
1878.8489622791683
1929.0351989102592
1980.6679875625782
2033.8138899522899
2088.5455796005
2144.942550609352
2203.0919159881346
2263.0893091759326
2325.0399049441417
2389.059578915991
2455.2762286718726
2523.831283939123
2594.8814389348204
2668.6006426864997
2745.1824232932295
2824.8425262762908
2907.8220610306666
2994.6135782331457
3084.8531631762917
3179.5498430722178
3278.8672796998057
3383.2430852164844
3493.174989362059
3609.2312210408772
3732.0631127946704
3862.4205094660138
4001.1707382578834
4041.6385747963764
4052.2137229950076
4062.0920293487884
4071.2834534543476
4079.811866262375
4087.6862236214797
4094.921726138903
4101.53392378362
4107.538810261514
4112.951635658646
4117.7897963294
4122.06931625434
4125.806646793095
4129.018282128783
4131.720717189516
4133.930408350062
4135.66373694154
4136.936975514297
4137.766256833189
4138.167545523394
4138.1566122930035
4137.749010652796
4136.960056031231
4135.804807181699
4134.298049782288
4132.454282104316
4130.287702651193
4127.812199641857
4125.041342232481
4121.988373358027
4118.666204086503
4115.087409381104
4111.264225147791
4107.208546492504
4102.931927062773
4098.445579398838
4093.760376194695
4088.8868523842034
4083.835207976355
4078.61531155133
4073.2367043594936
4067.708604943751
4062.039914229634
4056.2392210161693
4050.3148078191543
4044.2746570118134
4038.126457215804
4031.877609903349
4025.5352361596315
4019.106183581762
4012.597033270604
4006.014106892016
3999.363473772101
3992.650958005269
3985.882145558902
3979.0623913397435
3972.1968262150162
3965.2903639708857
3958.3477081886945
3951.3733590295587
3944.371619919285
3937.3466041197867
3930.3022411749744
3923.242283239803
3916.1703112652776
3909.089741054286
3902.0038291673104
3894.9156786937506
3887.828244865509
3880.744340530707
3873.666641473198
3866.5976915851934
3859.539907889864
3852.4955854161244
3845.4669019243547
3838.4559224862674
3831.464603923493
3824.4947991004415
3817.5482610794747
3810.626647135887
3803.7315226415376
3796.8643648122234
3790.0265663295577
3783.219438835467
3776.44421629982
3769.702058274751
3762.9940530239005
3756.321220544774
3749.6845154763955
3743.0848299003424
3736.5229960381457
3729.999788845934
3723.5159285125546
3717.072082860161
3710.66886965714
3704.30685883835
3697.986574637973
3691.7084976451924
3685.473066771653
3679.2806811480937
3673.1317019428134
