0.00429
0.004455259583275936
0.004446810797596272
0.004442365813657478
0.004439807352169866
0.004438222279616937
0.004437208497157436
0.004436581718320848
0.004436251275377101
0.004436167418206795
0.004436298867728077
0.0044366231815187104
0.004437122553090409
0.004437781923410069
0.004438588083884701
0.004439529211352306
0.00444059459737281
0.004441774470064031
0.004443059864200027
0.004444442519651441
0.004445914798647276
0.004447469616851074
0.004449100385271131
0.004450800960992075
0.004452565605223937
0.004454388947476522
0.004456265954868557
0.004458191930193551
0.004460162392366844
0.004462173200183031
0.004464220440506414
0.0044663004363762904
0.004468409733498147
0.004470545088127511
0.0044727034560917015
0.004474881982734289
0.004477077993605002
0.004479288985755022
0.004481512619516562
0.0044837467106797375
0.0044859892229910155
0.004488238260921006
0.004490492062660241
0.004492748993316208
0.004495007538290512
0.004497266296829179
0.004499523975738354
0.004501779383266518
0.004504031423156385
0.004506279088873497
0.004508521458015255
0.0045107576869110955
0.004512987005419374
0.004515208711928693
0.004517422168569562
0.004519626796641207
0.004521822072258115
0.004524007522218316
0.0045261827200927
0.004528347282537574
0.004530500865827567
0.00453264316260346
0.0045347738988348605
0.004536892830988418
0.00453899974339676
0.004541094445822502
0.004543176771205206
0.0045452465735887765
0.004547303726214773
0.0045493481197774995
0.004551379660827368
0.004553398270317767
0.0045554038822816405
0.004557396442632801
0.0045593759080804945
0.00456134224514904
0.004563295429295905
0.004565235444117021
0.004567162280635574
0.0045690759366640386
0.004570976416233612
0.004572863729085473
0.00457473789021679
0.004576598919476557
0.004578446841205726
0.0045802816839170726
0.004582103480011404
0.004583912265523169
0.004585708079896727
0.004587490965784426
0.004589260968868174
0.004591018137698754
0.004592762523552674
0.004594494180302183
0.004596213164298705
0.004597919534266969
0.004599613351207155
0.004601294678306982
0.004602963580858768
0.004604620126183197
0.004606264383557911
0.004607896424149678
0.004609516320950797
0.004611124113447821
0.0046127199839316076
0.004614303904668721
0.004615875990647261
0.004617436323115132
0.004618984984807792
0.0046205220598966755
0.0046220476339388205
0.004623561793828001
0.004625064627744357
0.0046265562251068025
0.00462803667652392
0.004629506073746228
0.004630964509618856
0.004632412078034205
0.004633848873885282
0.0046352749930192285
0.0046366905321911876
0.004638095589019047
0.0046394902619376665
0.004640874650154695
0.004642248853605455
0.0046436129729096574
0.004644967109327783
0.00464631136471804
0.004647645841493686
0.00464897064258172
0.0046502858713813955
0.004651591631722972
0.004652888027827935
0.0046541751642695285
0.004655453145933552
0.004656722077980336
0.004657982065806717
0.004659233215009289
0.00466047563134789
0.004661709420710175
0.00466293468907634
0.004664151542485119
0.004665360086999939
0.004666560428675952
0.004667752673528214
0.00466893692749976
0.004670113296431061
0.004671281886029632
0.004672442801840932
0.004673596149219617
0.004674742033301426
0.004675880558975742
0.004677011830859348
0.004678135953270367
0.004679253030202601
0.004680363165301733
0.0046814664618408715
0.004682563022697302
0.004683652950330526
0.004684736346759633
0.0046858133135425275
0.004686883951755082
0.004687948361971464
0.00468900664424426
0.004690058898086296
0.004691105222452242
0.004692145715721036
0.0046931804756793335
0.004694209599504567
0.004695233183749566
0.004696251324327777
0.004697264116497556
0.00469827165484907
0.004699274033290334
0.004700271345034287
0.004701263682586164
0.0047022511377318565
0.004703233801525913
0.004704211764281448
0.004705185115558426
0.004706153944154896
0.0047071183380966485
0.004708078384628502
0.004709034170205526
0.004709985780485091
0.004710933300318704
0.0047118768137452745
0.004712816403983533
0.004713752153426314
0.004714684143633673
0.0047156124553279066
0.004716537168387789
0.00471745836184364
0.0047183761138732405
0.004719290501796878
0.004720201602073954
0.0047211094902996084
0.004722014241201147
0.00472291592863549
0.0047238146255864895
