7384.595059200001
63.57218902035966
65.89754395956824
68.18716901307981
70.4391966396076
72.65537788328153
74.83790999906545
76.98891957063837
79.1105463847392
81.20464960759755
83.27308848695579
85.31759517560273
87.33980400986313
89.3412553376423
91.3233991282317
93.28759851065946
95.2351333209444
97.1672036992293
99.08493374970872
100.98937525716542
102.8815114419556
104.76226072834466
106.63248049844788
108.49297080352666
110.34447800634518
112.18769833094935
114.02328129977617
115.85183304171014
117.67391945840953
119.49006923978581
121.30077672270913
123.1065045898988
124.90768640840783
126.70472900918972
128.4985832517446
130.28790380037913
132.07473477794136
133.85882878256788
135.6404893531858
137.42000451847395
139.19764818397806
140.97368143106416
142.74835371548153
144.52190397043853
146.29456162082096
148.06654751514859
149.83807478164604
151.6093496144375
153.3805719955614
155.15193635815217
156.92363219578007
158.69584462261435
160.46875488874997
162.24254085471892
164.01737742891228
165.79343697135914
167.57088966704046
169.34990387166522
171.13064643261208
172.91328298752225
174.69797824282637
176.48489623430996
178.2742005716502
180.0660546687083
181.86062196122327
183.65806611340173
185.45855121482228
187.262241968931
189.06930387432516
190.87990339994195
192.6942081551962
194.51238705599957
196.3346104876254
198.16105046520738
199.99188079275262
201.82727722137557
203.66741760754442
205.51248207200385
207.36265316012498
209.21811600426764
211.0790584889327
212.9456714192375
214.81815796773537
216.6966966194605
218.5814974026042
220.4727642843405
222.37070597205843
224.2755342861653
226.1874656292325
228.10672085349455
230.0335258149134
231.9681104610729
233.9107029729959
235.86156026864947
237.82092128792326
239.78903896106328
241.76617255914638
243.75258802130602
245.7485583004296
247.75436372914163
249.77029240779308
251.7966406162421
253.83371325141087
255.88182429283182
257.9412972985116
260.01246593373315
262.0956745356919
264.1912787170904
266.2996460121872
268.42115656915706
270.5562038929996
272.70519564375957
274.8685544952846
277.0467190603753
279.24014488886553
281.44930554590474
283.67469377863097
285.9168227803891
288.17622756282094
290.4534664474402
292.7491226898537
295.0638062514623
297.39815573564016
299.75284050749974
302.1285630193428
304.5260613668579
306.9461121049777
309.38953335663336
311.8571882528436
314.3499887486744
316.86889986688334
319.41494442971725
321.989208349819
324.5928465636335
327.22708970594294
329.8932516425824
332.5927380009162
335.3270558654777
338.0978248403499
340.906789722683
343.7558350851201
346.647002132557
349.58250828428504
352.5647700427861
355.5964298524965
358.6803878374319
361.81983955115345
365.0183211980848
368.27976422402844
371.60856177246006
375.00965033109117
378.488611055783
382.0517969177598
385.70649423052026
389.4611306860146
393.32554744543444
397.31136124701715
401.43245594872377
405.7056651386578
410.15174550850776
414.79680877972834
419.67450817402414
424.8295320444658
430.324069687841
436.24664317422315
442.7363377068176
450.0309869368507
458.6111351879725
469.8219688227879
409.69514773608535
412.3221336259073
414.9608135978616
417.61197704306204
420.275749479978
422.9522234447652
425.6414875620026
428.34363066261767
431.05874233375164
433.78691296204045
436.528233708067
439.2827964741328
442.05069387411504
444.8320192063279
447.6268664293153
450.43533014041924
453.25750555678786
456.0934884987189
458.9433753751177
461.8072631708485
464.68524943595025
467.5774322763632
470.4839103462733
473.4047828417539
476.3401494957251
479.29011057402255
482.25476687258544
485.2342197156015
488.2285709545565
491.2379229681323
494.26237866286317
