188.63512196131134
205.28054967989678
201.1369236869568
197.0459458728419
193.00978719529627
189.03077135707008
185.1110710922887
181.25267022954802
177.4573646448148
173.72676822769117
170.06231845742468
166.46528059856465
162.93675039785083
159.4776554610989
156.08875564107856
152.7706428369246
149.5237406206293
146.34830407810728
143.24442019666574
140.2120090620911
137.2508260536719
134.3604651541619
131.5403634260829
128.78980665002257
126.10793607413527
123.49375618854519
120.94614341093578
118.46385555190857
116.04554191672919
113.68975378921685
111.3949558108374
109.15953643031156
106.98181953496157
104.8600755194444
102.79253225046757
100.77738541964837
98.81280936233708
96.89696653580145
95.02801694248149
93.2041268982136
91.42347719915995
89.68427065966313
87.9847390039231
86.32314910282508
84.69780855597534
83.10707057198972
81.54933848247052
80.02306909758062
78.52677600766991
77.05903204667392
75.61847130350593
74.20379041407597
72.81374980107225
71.44717402792023
70.10295301711412
68.78003746871748
67.47744484202208
66.1942539340756
64.92960480376921
63.68269729741629
62.45278935029676
61.23919509345921
60.041282794078576
58.85847265645132
57.69023450940975
56.536085404867606
55.39558715070087
54.268343799877925
53.15399911639534
52.05223403704286
50.962764146737115
49.88533718352208
48.81973058804384
47.76574911072204
46.72322248848471
45.69200320140846
44.671964318328534
43.66299743901614
42.665010739267316
41.677927123987786
40.70168249215037
39.73622411639879
38.781509139012016
37.83750318499918
36.90417909220625
35.9815157584095
35.0694970977786
34.16811112220052
33.27734911613862
32.397200814472086
31.527674138684667
30.66875445798654
29.82044394769341
28.982741609447146
28.15564692408193
27.33915969981625
26.533280000591702
25.738008150277132
24.95334480921319
24.79136728659467
24.802534132110743
24.813518072690897
24.824321390678275
24.83494805897714
24.84540006818785
24.855680189077695
24.86579121067855
24.875735790996316
24.885517069450195
24.895137581239155
24.904600202803046
24.913907711463924
24.92306286749215
24.932068410146247
24.94092705417049
24.949641486691934
24.958214364511992
24.96664831172968
24.974945917687158
24.983109735211578
24.9911422791158
24.999046024944544
25.006823407944378
25.014476822229675
25.022008620140873
25.029421111760644
25.036716564586705
25.043897203337686
25.050965209885383
25.05792272329635
25.064771839965267
25.071514613853154
25.078153056785208
25.084689138833486
25.091124788752555
25.09746189447107
25.103702303632026
25.109847824167712
25.115900224919137
25.121861236275105
25.127732550841575
25.133515824125855
25.139212675242476
25.14482468762777
25.15035340976447
25.15580035591342
25.16116700684317
25.166454810570634
25.171665183091264
25.176799509111124
25.181859142770126
25.186845408363865
25.191759601058497
25.196602987587358
25.20137680694936
25.206082271092157
25.21072056558141
25.21529285026154
25.21980025990582
25.224243904847615
25.22862487160097
25.232944223475346
25.2372030011615
25.241402223318882
25.2455428871371
25.249625968896062
25.253652424496607
25.257623189993527
25.261539182103242
25.265401298704703
25.269210419323077
25.272967405602618
25.276673101763926
25.28032833505198
25.283933916171584
25.287490639705307
25.290999284525018
25.294460614188228
25.297875377326918
25.301244308019495
25.30456812615857
25.30784753780189
25.311083235513678
25.314275898702956
25.317426193940562
25.320534775278542
25.323602284550386
25.326629351667524
25.329616594906508
25.332564621185394
25.33547402633549
25.338345395361326
25.3411793026979
25.343976312452874
25.346736978647055
25.349461845450545
25.352151447402033
25.354806309634125
25.357426948080867
25.360013869685208
188.63512196131134
205.28054967989678
201.1369236869568
197.0459458728419
193.00978719529627
189.03077135707008
185.1110710922887
181.25267022954802
177.4573646448148
173.72676822769117
170.06231845742468
166.46528059856465
162.93675039785083
159.4776554610989
156.08875564107856
152.7706428369246
149.5237406206293
146.34830407810728
143.24442019666574
140.2120090620911
137.2508260536719
134.3604651541619
131.5403634260829
128.78980665002257
126.10793607413527
123.49375618854519
120.94614341093578
118.46385555190857
116.04554191672919
113.68975378921685
111.3949558108374
109.15953643031156
106.98181953496157
104.8600755194444
102.79253225046757
100.77738541964837
98.81280936233708
96.89696653580145
95.02801694248149
93.2041268982136
91.42347719915995
89.68427065966313
87.9847390039231
86.32314910282508
84.69780855597534
83.10707057198972
81.54933848247052
80.02306909758062
78.52677600766991
77.05903204667392
75.61847130350593
74.20379041407597
72.81374980107225
71.44717402792023
70.10295301711412
68.78003746871748
67.47744484202208
66.1942539340756
64.92960480376921
63.68269729741629
62.45278935029676
61.23919509345921
60.041282794078576
58.85847265645132
57.69023450940975
56.536085404867606
55.39558715070087
54.268343799877925
53.15399911639534
52.05223403704286
50.962764146737115
49.88533718352208
48.81973058804384
47.76574911072204
46.72322248848471
45.69200320140846
44.671964318328534
43.66299743901614
42.665010739267316
41.677927123987786
40.70168249215037
39.73622411639879
38.781509139012016
37.83750318499918
36.90417909220625
35.9815157584095
35.0694970977786
34.16811112220052
33.27734911613862
32.397200814472086
31.527674138684667
30.66875445798654
29.82044394769341
28.982741609447146
28.15564692408193
27.33915969981625
26.533280000591702
25.738008150277132
24.95334480921319
24.79136728659467
24.802534132110743
24.813518072690897
24.824321390678275
24.83494805897714
24.84540006818785
24.855680189077695
24.86579121067855
24.875735790996316
24.885517069450195
24.895137581239155
24.904600202803046
24.913907711463924
24.92306286749215
24.932068410146247
24.94092705417049
24.949641486691934
24.958214364511992
24.96664831172968
24.974945917687158
24.983109735211578
24.9911422791158
24.999046024944544
25.006823407944378
25.014476822229675
25.022008620140873
25.029421111760644
25.036716564586705
25.043897203337686
25.050965209885383
25.05792272329635
25.064771839965267
25.071514613853154
25.078153056785208
25.084689138833486
25.091124788752555
25.09746189447107
25.103702303632026
25.109847824167712
25.115900224919137
25.121861236275105
25.127732550841575
25.133515824125855
25.139212675242476
25.14482468762777
25.15035340976447
25.15580035591342
25.16116700684317
25.166454810570634
25.171665183091264
25.176799509111124
25.181859142770126
25.186845408363865
25.191759601058497
25.196602987587358
25.20137680694936
25.206082271092157
25.21072056558141
25.21529285026154
25.21980025990582
25.224243904847615
25.22862487160097
25.232944223475346
25.2372030011615
25.241402223318882
25.2455428871371
25.249625968896062
25.253652424496607
25.257623189993527
25.261539182103242
25.265401298704703
25.269210419323077
25.272967405602618
25.276673101763926
25.28032833505198
25.283933916171584
25.287490639705307
25.290999284525018
25.294460614188228
25.297875377326918
25.301244308019495
25.30456812615857
25.30784753780189
25.311083235513678
25.314275898702956
25.317426193940562
25.320534775278542
25.323602284550386
25.326629351667524
25.329616594906508
25.332564621185394
25.33547402633549
25.338345395361326
25.3411793026979
25.343976312452874
25.346736978647055
25.349461845450545
25.352151447402033
25.354806309634125
25.357426948080867
25.360013869685208
