-0.5581584346699602
-0.45152242148879285
-0.45166097222137247
-0.4517777374755273
-0.45187811769226555
-0.45196372433004384
-0.45203554683650987
-0.45209440364202685
-0.45214115134169564
-0.4521764418997295
-0.4522009867639443
-0.4522154342643254
-0.4522203980681966
-0.4522164598054198
-0.4522041711233404
-0.4521840553299917
-0.45215660873775276
-0.4521223017952211
-0.45208158007499794
-0.45203486516833047
-0.4519825555240321
-0.4519250272580234
-0.4518626349513108
-0.45179571244725003
-0.4517245736540581
-0.45164951335460707
-0.4515708080229531
-0.4514887166452372
-0.45140348154147536
-0.4513153291842249
-0.4512244710098111
-0.45113110421803876
-0.45103541255643015
-0.4509375670855508
-0.45083775918821556
-0.45073604000406514
-0.45063264360894045
-0.4505276652545805
-0.4504212232123397
-0.45031342711772143
-0.45020437855418505
-0.45009417159995835
-0.4499828933442178
-0.4498706243738656
-0.44975743923180533
-0.44964340684754706
-0.44952859094109515
-0.44941305040120055
-0.44929683963904943
-0.44918000891856474
-0.4490626046644621
-0.44894466974924896
-0.448826243760322
-0.44870736324828914
-0.44858806195766315
-0.448468371040983
-0.44834831925739865
-0.44822793315675763
-0.44810723725010315
-0.4479862541675182
-0.4478650048041769
-0.4477435084554073
-0.44762178294155935
-0.4474998447233662
-0.4473777090085102
-0.44725538985002594
-0.4471329002371231
-0.4470102521789964
-0.44688745678215896
-0.4467645243217499
-0.44664146430729396
-0.44651828554333445
-0.4463949961853027
-0.4462716037910379
-0.4461481153682216
-0.44602453741811454
-0.44590087597581984
-0.4457771366473979
-0.44565332464401286
-0.4455294448134219
-0.44540550166892673
-0.44528149941608525
-0.44515744201853125
-0.4450333330552182
-0.44490917598978796
-0.44478497402547973
-0.4446607301573706
-0.44453644719908414
-0.4444121277907407
-0.44428777441503464
-0.4441633894070391
-0.44403897497390377
-0.4439145331549069
-0.44379006599784865
-0.443665575327184
-0.44354106291203305
-0.4434165304340426
-0.44329197949455046
-0.443167411621192
-0.44304282827401775
-0.4429182308511213
-0.44279362069385536
-0.4426689990916585
-0.44254436728651114
-0.44241972647707106
-0.4422950778225227
-0.44217042244613736
-0.442045761438594
-0.4419210958610795
-0.441796426748178
-0.44167175511059403
-0.4415470819376925
-0.44142240819990675
-0.44129773485101864
-0.44117306283031754
-0.44104839306467175
-0.4409237264705158
-0.4407990639557691
-0.4406744064217073
-0.4405497547647897
-0.440425109878464
-0.440300472654982
-0.4401758439871815
-0.4400512247703438
-0.4399266159040463
-0.4398020182941032
-0.43967743285456584
-0.43955286050984277
-0.4394283021969319
-0.43930375886780637
-0.4391792314919824
-0.43905472105932347
-0.4389302285830789
-0.43880575510324743
-0.43868130169029684
-0.43855686944931205
-0.43843245952465676
-0.4383080731052247
-0.43818371143040935
-0.4380593757969111
-0.43793506756657113
-0.43781078817539326
-0.43768653914405925
-0.4375623220901955
-0.43743813874280874
-0.4373139909593951
-0.4371898807463214
-0.4370658102833269
-0.43694178195319777
-0.4368177983780014
-0.43669386246377273
-0.4365699774561732
-0.4364461470105957
-0.4363223752815733
-0.43619866703835913
-0.4360750278166964
-0.43595146412155994
-0.4358279837034282
-0.4357045959433901
-0.4355813124043034
-0.4354581476445758
-0.43533512046506856
-0.43521225590818347
-0.4350895901058121
-0.4349671712285871
-0.43484507934898253
-0.4347234507697393
-0.4346025635017175
-0.43448319958925125
-0.4342410867245995
-0.4341160736383497
-0.4339911933473374
-0.43386639789443404
-0.4337416783783581
-0.4336170316155439
-0.43349245538406384
-0.43336794773564213
-0.4332435068891089
-0.43311913120734336
-0.43299481918654337
-0.4328705694476908
-0.4327463807287059
-0.4326222518770868
-0.43249818184297467
-0.4323741696726099
-0.4322502145021849
-0.4321263155520543
-0.4320024721212813
-0.4318786835825256
-0.43175494937721565
-0.4316312690110461
-0.43150764204971853
-0.43138406811496494
-0.4312605468808022
-0.43113707807003476
-0.4310136614509607
-0.4308902968342878
-0.43076698407025327
-0.4306437230459098
-0.4305205136825942
