0.004335449247559088
0.003925900193136318
0.003910531307276773
0.0039152625602491085
0.003921504420593288
0.003926175012102783
0.003928897785627612
0.003929930936622899
0.003929636059394683
0.00392833651540393
0.00392628907389314
0.003923686970055241
0.003920671508531961
0.003917344255629262
0.0039137774067736315
0.003910021880235949
0.0039061133648836143
0.0039020767286422737
0.0038979291868062194
0.003893682552007146
0.003889344896117301
0.003884921593456081
0.003880416251788187
0.0038758312596862206
0.0038711682406919372
