43744.23974999999
108459.05780202629
108006.70203937881
107657.86647450416
107391.56031094737
107193.7824459119
107054.3281466322
106965.28594937566
106920.27783133443
106914.03652766162
106942.14448350758
107000.85676562405
107086.97212441865
107197.7346092538
107330.75630074643
107483.95556374037
107655.50716808261
107843.80170543029
108047.41239422126
108265.067810768
108495.62940369059
108738.07288763061
108991.47279540022
109254.98961033301
109527.85901254822
109809.38286248177
110098.92161464767
110395.85753678696
110699.7112212505
111009.95335758543
111326.12367054066
111647.79666751726
111974.57870133444
112306.10541278755
112642.03948961593
112982.06868752917
113325.90406836773
113673.2784188658
114023.9448186908
114377.6753333898
114734.25981109458
115093.50476663146
115455.23233938892
115819.27931436471
116185.49619750158
116553.74633918352
116923.90510027138
117295.85905697355
117669.50524159303
118044.75041723977
118421.51038449403
118799.7093194441
119179.27914201921
119560.15891422058
119942.29426779723
120325.63686100801
120710.14386429219
121095.77747443735
121482.50445664501
121870.29571443441
122259.12588668904
122648.97297089016
123039.81797248533
123431.64457899517
123824.43885823918
124218.1889799806
124612.88495932512
125008.51842176734
125405.08238788668
125802.57107739447
126200.97973073366
126600.30444783936
127000.54204223261
127401.68991003532
127803.74591241503
128206.70827054013
128610.57547230732
129015.34618939357
129421.01920435527
129827.59334641558
130235.06743532176
130643.44023261756
131052.71039946644
131462.87646045434
131873.93677270808
132285.88949979693
132698.7325900379
133112.46375827753
133527.08047148376
133942.57993686228
134358.9590929098
134776.21460255975
135194.34284850035
135613.33993004178
136033.20166166284
136453.92357283825
136875.5009087994
137297.92863257506
137721.20142755072
138145.31370088144
138570.25958746285
138996.0329542999
139422.6274053987
139850.05714356262
140278.25269460608
140707.26947127277
141137.07922398366
141567.6743240801
141999.0469130465
142431.1889092788
142864.0920141055
143297.7477180193
143732.14730658807
144167.28186673374
144603.1422926507
145039.7192918488
145477.00339115702
145914.98494260455
146353.65412930283
146793.00097122492
147233.01533093533
147673.68691931706
148115.0053010827
148556.95990042496
148999.54000634368
149442.73477816637
149886.53325082848
150330.9243401244
150775.8968478483
151221.43946701026
151667.54078686127
152114.18929778255
152561.3733962737
153009.08138980748
153457.30150155752
153906.02187516494
154355.23057930943
154804.9156123324
155255.06490672103
155705.66633358915
156156.70770700488
156608.17678835572
157060.06129055427
157512.3488822137
157965.02719183595
158418.08381178393
158871.50630232863
159325.28219551675
159779.398999093
160233.8442002852
160688.60526951507
161143.66966405747
161599.02483170584
162054.658214286
162510.5572510783
162966.7093823548
163423.1020526408
163879.7227139979
164336.55882935997
164793.59787556482
165250.82734654314
165708.23475632022
166165.80764204243
166623.53356679523
167081.40012256443
167539.39493296575
167997.50565596498
168455.71998662
168914.02565956424
169372.41045162774
169830.86218439124
170289.36872640846
170747.9179957538
171206.49796223888
171665.09664966725
172123.70213798998
172582.30256549103
173040.8861307394
173499.44109476014
173957.95578274562
174416.41858617414
174874.8179644748
175333.14244687438
175791.3806340781
176249.5211999659
176707.5528930996
177165.46453840035
177623.24503848524
178080.8833752576
178538.3686111262
178995.6898904755
179452.83644083745
179909.79757412712
180366.5626878802
180823.12126624046
181279.4628811027
181735.57719315382
182191.45395274926
182647.08300089653
183102.45427006972
