3456.0000000000005
3445.3783188797393
3434.728951543221
3424.050701886318
3413.343345449873
3402.607201997854
3391.842902258526
3381.051249844401
3370.2331397317853
3359.3895103694567
3348.5213157622284
3337.6295094088946
3326.715035269342
3315.7788228956592
3304.8217850272013
3293.8448166418484
3282.848794867015
3271.834579398359
3260.8030132193744
3249.7549235015167
3238.6911226159705
3227.6124092190726
3216.519569391936
3205.4133778262762
3194.294599055605
3183.1639887357337
3172.022294981961
3160.8702597730726
3149.7086204347843
3138.5381112177342
3127.359464987852
3116.1734150499838
3104.9806971292405
3093.782051538764
3082.5782255676395
3071.3699761288008
3060.1580727140145
3048.9433007119146
3037.7264651557075
3026.5083949800683
3015.289947882425
3004.072015902693
2992.8555318583376
2981.6414767990236
2970.4308886777108
2959.224872473483
2948.024612045794
2936.8313840495402
2925.6465742933924
2914.471696974716
2903.3084172630797
2892.158577710737
2881.0242284915166
2869.907663741253
2858.8114597558842
2847.7385179874223
2836.6921083128213
2825.6759077990446
2814.6940256106504
2803.7509984357343
2792.8517324274267
2782.0013586302152
2771.204963926008
2760.4671686226534
2749.7915589838967
2739.1800564526784
2728.6323957621407
2718.145929401021
2707.7159029959275
2697.336156649755
2687.0000189582365
2676.701109277956
2666.4338677593596
2656.1937810280165
2645.9773809200974
2635.7821153013756
2625.606172756209
2615.4483100000853
2605.3077042479104
2595.183836431314
2585.0764031414587
2574.9852522483097
2564.910336778476
2554.8516823188647
2544.8093641880073
2534.7834915456206
2524.774196376683
2514.781625875402
2504.8059371888926
2494.8472937933907
2484.9058629975234
2474.981814222587
2465.075318581213
2455.186545247351
2445.315664435774
2435.4628454473227
2425.6282556791657
2415.812063248969
2406.0144333710787
2396.2355298334
2386.4755148864606
2376.73454917021
2367.0127918303792
2357.3104003787344
2347.6275306864345
2337.9643369815526
2328.3209718497073
2318.697586237065
2309.094329455159
2299.511349187123
2289.948791495065
2280.406800828346
2270.8855200326134
2261.3850903594634
2251.905651476642
2242.4473414787035
2233.010296898058
2223.5946527163774
2214.200542376283
2204.828097793311
2195.4774493680884
2186.1487259987107
2176.842055093277
2167.557562582562
2158.2953729327955
2149.0556091585277
2139.8383928355533
2130.6438441138753
2121.472081730689
2112.3232230233602
2103.197383942386
2094.0946790643147
2085.0152216046095
2075.959123430444
2066.9264950734055
2057.9174457421013
2048.932083334646
2039.9705144510224
2031.0328444053036
2022.1191772377197
2013.2296157265653
2004.3642613999307
1995.5232145472578
1986.706574230698
1977.9144382962725
1969.146903384833
1960.4040649427989
1951.68601723268
1942.992853343373
1934.324665200223
1925.6815435748533
1917.0635780947482
1908.470857252596
1899.9034684153764
1891.3614978332023
1882.8450306478996
1874.3541509013316
1865.8889415434658
1857.4494844401715
1849.0358603807574
1840.6481490852452
1832.286429211376
1823.950778361344
1815.6412730882705
1807.3579889024068
1799.1010002770636
1790.870380654283
1782.6662024502357
1774.4885370603522
1766.3374548641928
1758.213025230046
1750.1153165192698
1742.0443960903656
1734.000330302796
1725.9831792881844
1717.9930123813915
