33.78306988679298
17.513261097491952
17.556718786840097
17.60134348849863
17.646885235852825
17.693233897246017
17.74029623475299
17.78797904112795
17.836187899837245
17.884828176489318
17.933806237698196
17.98303057428452
18.03241276268499
18.081868247205218
18.13131694249022
18.18068366568196
18.229898414134873
18.27889650831288
18.3276186210492
18.376010714106876
18.424023901703897
18.47161425859196
18.5187425879581
18.565374161972034
18.6114784455293
18.657028811604185
18.702002254862798
18.746379108577234
18.79014276867044
18.833279427696304
18.875777820450637
18.917628982660716
18.9588260239592
18.999363914366374
19.03923928607784
19.07845024824759
19.11699621729148
19.15487775936335
19.192096446684435
19.228654726266075
19.264555800622734
19.299803519903417
19.334402284789434
19.36835695958005
19.401672794846164
19.43435535902042
19.46641047793886
19.497844182810848
19.528662664991028
19.55887223648985
19.588479298598862
19.617490312322087
19.64591177909076
19.673750220242205
19.70101216319553
19.727704134132324
19.75383264557055
19.77940419466435
19.80442525987209
19.82890230019205
19.85284175593247
19.87625005070893
19.8991335943521
19.921498786499985
19.943352020586417
19.964699688051763
19.985548182561686
20.005903904079265
20.02577326263508
20.045162681688666
20.064078600963853
20.082527478694296
20.10051579320389
20.11805004378629
20.135136750847813
20.15178245530984
20.167993717258277
20.18377711385802
20.199139236551844
20.214086687570923
20.228626075793642
20.242764011994726
20.256507103529827
20.269861948504705
20.282835129478435
20.295433206868992
20.3076627112482
20.31953013736516
20.331041934815058
20.342204187868305
20.353024177713262
20.3635072250315
20.37365983945811
20.383488127335436
20.392998101404075
20.402195672111993
20.41108663900125
20.419676682081214
20.427971353166342
20.434434428735162
20.4402555831634
20.44588678210284
20.451333851818433
20.456602338537962
20.46169762344129
20.466624914001372
20.471389261240315
20.475995571240297
20.480448589682904
20.48475295616676
20.48891315796044
20.49293356151461
20.496818411101657
20.50057183264402
20.50419783721405
20.50770032426976
20.51108308465652
20.514349803429226
20.51750406251594
20.520549343249144
20.523489028792834
20.526326406478578
20.52906467006569
20.531706921941197
20.5342561752621
20.536715356056426
20.539087305281583
20.54137478084942
20.543580459618056
20.54570693935508
20.547756740677652
20.54973230895742
20.55163601621074
20.553470162955232
20.555236980045724
20.556938630484034
20.55857721120136
20.560154754817876
20.561673231369756
20.56313455001386
20.564540560701165
20.56589305582342
20.567193771828016
20.568444390804345
20.56964654203907
20.570801803539617
20.5719117035296
20.572977721906835
20.574001291674648
20.574983800338096
20.575926591270537
20.576830965044852
20.577698180733
20.578529457177453
20.579325974225327
20.580088873933125
20.580819261741187
20.581518207615
20.582186747155312
20.582825882680304
20.583436584276793
20.584019790817724
20.584576410958434
20.58510732409663
20.585613381310075
20.586095406260934
20.586554196080595
20.586990522219985
20.587405131280217
20.587798745814332
20.58817206510634
20.58852576592492
20.588860503255304
20.58917691100585
20.589475602693216
20.589757172107504
20.590022193954134
20.590271224476393
20.59050480205672
20.590723447800446
20.590927666097965
20.591117945171543
20.591294757603826
20.59145856084567
20.59160979771292
20.591748896861017
20.59187627324884
20.59199232858455
20.592097451757333
20.592192019255467
20.592276395569115
20.592350933581635
20.592415974945045
20.592471850447236
20.59251888036384
20.59255737479716
20.5925876340089
20.592609948735376
20.59262460049788
20.592631861899857
33.78306988679298
17.513261097491952
17.556718786840097
17.60134348849863
17.646885235852825
17.693233897246017
17.74029623475299
17.78797904112795
17.836187899837245
17.884828176489318
17.933806237698196
17.98303057428452
18.03241276268499
18.081868247205218
18.13131694249022
18.18068366568196
18.229898414134873
18.27889650831288
18.3276186210492
18.376010714106876
18.424023901703897
18.47161425859196
18.5187425879581
18.565374161972034
18.6114784455293
18.657028811604185
18.702002254862798
18.746379108577234
18.79014276867044
18.833279427696304
18.875777820450637
18.917628982660716
18.9588260239592
18.999363914366374
19.03923928607784
19.07845024824759
19.11699621729148
19.15487775936335
19.192096446684435
19.228654726266075
19.264555800622734
19.299803519903417
19.334402284789434
19.36835695958005
19.401672794846164
19.43435535902042
19.46641047793886
19.497844182810848
19.528662664991028
19.55887223648985
19.588479298598862
19.617490312322087
19.64591177909076
19.673750220242205
19.70101216319553
19.727704134132324
19.75383264557055
19.77940419466435
19.80442525987209
19.82890230019205
19.85284175593247
19.87625005070893
19.8991335943521
19.921498786499985
19.943352020586417
19.964699688051763
19.985548182561686
20.005903904079265
20.02577326263508
20.045162681688666
20.064078600963853
20.082527478694296
20.10051579320389
20.11805004378629
20.135136750847813
20.15178245530984
20.167993717258277
20.18377711385802
20.199139236551844
20.214086687570923
20.228626075793642
20.242764011994726
20.256507103529827
20.269861948504705
20.282835129478435
20.295433206868992
20.3076627112482
20.31953013736516
20.331041934815058
20.342204187868305
20.353024177713262
20.3635072250315
20.37365983945811
20.383488127335436
20.392998101404075
20.402195672111993
20.41108663900125
20.419676682081214
20.427971353166342
20.434434428735162
20.4402555831634
20.44588678210284
20.451333851818433
20.456602338537962
20.46169762344129
20.466624914001372
20.471389261240315
20.475995571240297
20.480448589682904
20.48475295616676
20.48891315796044
20.49293356151461
20.496818411101657
20.50057183264402
20.50419783721405
20.50770032426976
20.51108308465652
20.514349803429226
20.51750406251594
20.520549343249144
20.523489028792834
20.526326406478578
20.52906467006569
20.531706921941197
20.5342561752621
20.536715356056426
20.539087305281583
20.54137478084942
20.543580459618056
20.54570693935508
20.547756740677652
20.54973230895742
20.55163601621074
20.553470162955232
20.555236980045724
20.556938630484034
20.55857721120136
20.560154754817876
20.561673231369756
20.56313455001386
20.564540560701165
20.56589305582342
20.567193771828016
20.568444390804345
20.56964654203907
20.570801803539617
20.5719117035296
20.572977721906835
20.574001291674648
20.574983800338096
20.575926591270537
20.576830965044852
20.577698180733
20.578529457177453
20.579325974225327
20.580088873933125
20.580819261741187
20.581518207615
20.582186747155312
20.582825882680304
20.583436584276793
20.584019790817724
20.584576410958434
20.58510732409663
20.585613381310075
20.586095406260934
20.586554196080595
20.586990522219985
20.587405131280217
20.587798745814332
20.58817206510634
20.58852576592492
20.588860503255304
20.58917691100585
20.589475602693216
20.589757172107504
20.590022193954134
20.590271224476393
20.59050480205672
20.590723447800446
20.590927666097965
20.591117945171543
20.591294757603826
20.59145856084567
20.59160979771292
20.591748896861017
20.59187627324884
20.59199232858455
20.592097451757333
20.592192019255467
20.592276395569115
20.592350933581635
20.592415974945045
20.592471850447236
20.59251888036384
20.59255737479716
20.5925876340089
20.592609948735376
20.59262460049788
20.592631861899857
