-0.8206841457988018
-1.0460596261375326
-1.0147917721960724
-0.9952323185027866
-0.9856378559723559
-0.9811220467516542
-0.9788880561608218
-0.9775075854150554
-0.9762988466596192
-0.9749539450205837
-0.9733443124397197
-0.9714248465614164
-0.9691882887612376
-0.9666439840102858
-0.9638081954272714
-0.9606997983515505
-0.9573384351550873
-0.9537437702553749
-0.9499352200380954
-0.9459318754144205
-0.9417524928841038
-0.9374155018143208
-0.9329390076066566
-0.9283407842061409
-0.9236382550523788
-0.8206841457988018
-1.0460596261375326
-1.0147917721960724
-0.9952323185027866
-0.9856378559723559
-0.9811220467516542
-0.9788880561608218
-0.9775075854150554
-0.9762988466596192
-0.9749539450205837
-0.9733443124397197
-0.9714248465614164
-0.9691882887612376
-0.9666439840102858
-0.9638081954272714
-0.9606997983515505
-0.9573384351550873
-0.9537437702553749
-0.9499352200380954
-0.9459318754144205
-0.9417524928841038
-0.9374155018143208
-0.9329390076066566
-0.9283407842061409
-0.9236382550523788
