24.82997
24.669373117840845
24.510419399789278
24.354025944467335
24.199961744484312
24.048071737377356
23.898250950583083
23.750424835719215
23.604537460578687
23.460544426935467
23.318408615232922
23.17809761982867
23.039582195356473
22.902835308097778
22.76783154966052
22.63454676791127
22.50295782844539
22.37304245472894
22.244779115861263
22.118146943339667
21.993125665631588
21.86969555379282
21.747837374015102
21.62753234456308
21.508762095497676
21.391508630136727
21.27575428752744
21.161481705389082
21.048673783083288
20.937313644214054
20.82738459847033
20.71887010230928
20.61175371804545
20.50601907086155
20.401649803191034
20.29862952584022
20.196941765116797
20.096569905107696
19.997497124100757
19.89970632396487
19.803180051087942
19.70790040721468
19.6138489482208
19.52100656850087
19.429353368229943
19.338868500285177
19.24952999309239
19.161314545124256
19.074197286269587
18.98815150095206
18.903148307879274
18.819156292035323
18.7361410881073
18.654064900842226
18.572886022779493
18.49255830907631
18.413030701489667
18.334246882432964
18.25614521331677
18.178659197767804
18.10171881612343
18.025253172183305
17.949194899799693
17.873486556459255
17.79808861863457
17.722987657487657
17.64820218713044
17.573783416843135
17.4998095128613
17.426374643148144
17.35357631875879
17.28150481488797
17.21023650348198
17.139831697433905
17.070335202121623
17.00177848807488
16.934182355279734
16.867559464893322
16.80191646667544
16.737255666393317
16.673576279320685
16.61087534680676
16.549148394020254
16.48838989640499
16.428593607956845
16.369752791312486
16.31186037860664
16.25490908398283
16.198891482387996
16.143800064953552
16.089627278133776
16.036365551581234
15.984007331449066
15.932544964366633
15.881970970830551
15.832277892464132
15.783458289104003
15.735504884904227
15.688410303980204
15.642167240301344
15.59676846019667
15.552206770293145
15.508475073420586
15.46556633714847
15.423473595778717
15.38218995225201
15.341708579802226
15.302022723415527
15.263125701130463
15.225010905202327
15.187671803146955
15.151101938674088
15.115294932517557
15.08024448316742
15.045944367508246
15.012388441366827
14.979570639972325
14.947484978331534
14.916125551521755
14.885486534903759
14.85556218425728
14.826346835841292
14.797834906381832
14.77002089298894
14.742899373006102
14.716465003793894
14.690712522450431
14.66563674547098
14.64123256834918
14.61749496512211
14.594418987861657
14.571999766114763
14.550232506294197
14.529112491022888
14.50863507843371
14.488795701427094
14.469589866888608
14.451013154868736
14.433061217726982
14.415729779242385
14.399014633692525
14.382911644903023
14.367416745269498
14.35252593475386
14.338235279856898
14.32454091256885
14.3114390292998
14.298925889791576
14.286997816012816
14.275651191038744
14.264882457917233
14.25468811852264
14.245064732398806
14.236008915592599
14.227517339479276
14.219586729581009
14.212213864379619
14.205395574124816
14.199128739638887
14.193410291118955
14.188237206937758
14.183606512443836
14.179515278762027
14.175960621595122
14.172939700027328
14.170449715330433
14.168487909773175
14.167051565434573
14.166138003021711
14.165744580692575
14.165868692884413
14.166507769148026
14.167659272988573
14.169320700713014
14.171489521472184
14.174163346549989
