1.4874567427765915
1.485932305024763
1.4856986037881814
1.4858036907249799
1.4860028456389895
1.4862291441797488
1.4864628991856021
1.4866971580795827
1.4869288233162035
1.4871561882156328
1.4873781787027094
1.4875940761545778
1.4878033915842894
1.488005796251775
1.4882010782120838
1.4883891129781623
1.4885698429914007
1.4887432626583272
1.488909407418996
1.4890683454063034
1.489220171077308
1.4893650002326753
1.4895029660644843
1.489634215890118
1.489758908531325
1.4898772120971613
1.489989302118038
1.4900953599418052
1.4901955713212567
1.490290125260225
1.4903792128852926
1.4904630265766785
1.4905417591219399
1.4906156029926112
1.4906847497029299
1.4907493892232073
1.4908097094984445
1.4908658960010892
1.490918131360583
1.4909665949787194
1.491011462800866
1.4910529070320955
1.4910910959342083
1.4911261936664004
1.4911583600996912
1.491187750774304
1.4912145167452775
1.4912388045536864
1.4912607561978948
1.491280509075836
1.4912981960214282
1.4913139452987711
1.4913278806433636
1.4913401212992843
1.4913507820588843
1.4913599733398437
1.491367801267221
1.4913743677485607
1.4913797705399936
1.4913841033682689
1.4913874559953093
1.491389914352788
1.49139156062794
1.4913924733575368
1.4913927275700494
1.4913923948635854
1.4913915435326015
1.4913902386524232
1.4913885422391648
1.4913865132956174
1.4913842079668547
1.4913816796253148
1.4913789789895542
1.491376154211827
1.4913732509897908
1.491370312655598
1.491367380291922
1.4913644927911904
1.491361687000842
1.4913589977715065
1.4913564580475207
1.4913540989750866
1.491351949955637
1.491350038755493
1.491348391557117
1.4913470330379832
1.491345986443594
1.4913452736664465
1.4913449152981417
1.4913449307097553
1.491345338085836
1.4913461545176245
1.4913473960126442
1.4913490775948575
1.4913512133319642
1.4913538163948006
1.491356899089074
1.4913604729127732
1.4913645485952118
1.4913691361386108
1.491374244845356
1.4913798833722296
1.4913860597705404
1.491392781480581
1.4914000554048388
1.4914078879049688
1.4914162848603147
1.4914252516675084
1.4914347932762886
1.4914449142166952
1.4914556186121588
1.4914669102002622
1.4914787923651172
1.491491268127594
1.4915043401985721
1.491518010957372
1.4915322824874877
1.4915471565858973
1.4915626347647648
1.491578718277211
1.4915954081118197
1.4916127050225605
1.491630609501027
1.4916491218172452
1.4916682420131984
1.4916879698922456
1.4917083050515336
1.49172924685083
1.4917507944398352
1.491772946752406
1.4917957025086812
1.4918190602000416
1.4918430180989775
1.4923416085222048
1.4927427030666707
1.4930772868054893
1.4933654906309295
1.4936205160590195
1.4938511113023223
1.494063143161741
1.4942606010569746
1.4944462422585751
1.4946220091276607
1.4947893005058681
1.494949149387457
1.4951023399099026
1.4952494849013778
1.495391077612572
1.495527526447405
1.4956591784703441
1.4957863354045062
1.4959092646546974
1.496028206934848
1.4961433816157543
1.4962549905306113
1.4963632207014754
1.4964682463283714
1.496570230268215
1.4966693251498986
1.496765674245826
1.4968594121347791
1.49695066525557
1.4970395523576205
1.4971261848521995
1.4972106671425562
1.4972930968796145
1.497373565195709
1.4974521568937365
1.497528950620196
1.497604019006541
1.4976774287871433
1.497749240901615
1.4978195105698298
1.4978882873411619
1.497955615139185
1.4980215322689576
1.4980860714056017
1.498149259565888
1.4982111180526958
1.4982716623692423
1.4983309021153388
1.4983888408529027
1.498445488929885
1.4985008225924141
1.4985548264078292
1.4986074666031204
1.4986587263319826
1.4987085681411145
1.4987569466006183
1.4988038078497459
1.4988490890781065
1.4988927179502942
1.4989346119577704
1.498974677699804
1.4990128100774305
1.4990488914004536
1.4990827903939994
1.4991143610971882
1.49914344164197
1.4991698529046782
