2038.7593612800001
2622.557676875784
2618.486901695355
2615.7620552432863
2613.6109005322287
2611.8532000132336
2610.43718150558
2609.339533440768
2608.543737278247
2608.0353739153015
2607.8011012952047
2607.8284182433845
2608.105591367075
2608.621612532088
2609.3661602976103
2610.329561062762
2611.5027500596284
2612.877232928843
2614.4450484940867
2616.1987331482487
2618.1312870955
2620.2361425703507
2622.5071340690542
2624.938470570253
2627.5247096835415
2630.2607336403635
2633.1417270274633
2636.16315615615
2639.3207499583073
2642.610482301252
2646.0285556166687
2649.571385743811
2653.2355878922745
2657.017963635888
2660.9154888550806
2664.925302551135
2669.0446964615994
2673.2711054115584
2677.60209834076
2682.0353699514712
2686.568732926475
2691.200110670876
2695.9275305351716
2700.749117480679
2705.6630881517253
2710.6677453217953
2715.761472683858
2720.9427299573267
2726.210048286488
2731.5620259073935
2736.997324061879
2742.514663139355
2748.1128190283534
2753.790619661428
2759.5469417381755
2765.3807076124012
2771.2908823305243
2777.2764708093077
2783.336515141903
2789.4700920219816
2795.6763102765703
2801.954308498809
2808.30325277252
2814.7223344810754
2821.2107681935204
2827.7677896214586
2834.392653640623
2841.0846323714636
2847.8430133134975
2854.667097528424
2861.5561978674973
2868.509637238727
2875.526746909982
2882.606864844122
2889.7493340626957
2896.9535010348495
2904.2187140883048
2911.5443218395694
2918.9296716405815
2926.374108039235
2933.876971251423
2941.43759564233
2949.05530821487
2956.7294271033406
2964.459260070463
2972.2441030061286
2980.0832384262685
2987.9759339704638
2995.9214408969365
3003.9189925737346
3011.967802965092
3020.0670651119317
3028.215949605741
3036.4136030550903
3044.65914654417
3052.951674082915
3061.290251048353
3069.6739126169628
3078.1016621879126
3086.5724697972914
3095.0852705234693
3103.638962883851
3112.2324072236243
3120.864424096997
3129.533792641708
3138.2392489477897
3146.979484421645
3155.753144146682
3164.558825241999
3173.395075220687
3182.260390349623
3191.153214012685
3200.0719350797167
3209.0148862835495
3217.980342607778
3226.96651968816
3235.9715722306596
3244.9935924495417
3254.0306085290267
3263.080583112284
3272.141411821899
3281.2109218160554
3290.2868703850113
3299.3669435927477
3308.4487549688074
3317.5298442557432
3326.6076762178072
3335.6796395167175
3344.743045660758
3353.795128033547
3362.833041009254
3371.853859161132
3380.8545765706294
3389.832106244455
3398.783279647349
3407.704846358371
3416.593473858858
3425.445747460328
3434.258170380818
3443.027163978216
3451.749068149426
3460.4201419041838
3469.036564122469
3477.5944345045223
3486.0897747225
3494.518529782717
3502.876569607543
3511.1596908456586
3519.3636189195945
3527.484010318916
3535.516455147535
3543.4564799331365
3551.2995507064675
3559.0410763578443
3566.6764122778122
3574.2008642883557
3581.6096928705506
3588.8981176939633
3596.0613224522763
3603.0944600091075
3609.9926578569944
3616.7510238917444
3623.3646525034137
3629.8286309841183
3636.1380462519633
3642.287991889013
3648.2735754903683
3654.0899263198157
3659.7322032665393
3665.195603095791
3670.4753689850445
3675.5667993359248
3680.465256850271
3685.1661778576145
3689.6650818793337
3693.957581413454
3698.0393919222247
3701.906342002946
3705.5543837208943
3708.9796030813695
3712.178230616303
3715.1466520589456
3717.8814190786493
3720.3792600458837
3722.637090795981
3724.6520253584167
3726.421386616874
3727.9427168636053
3729.213788210082
3730.2326128145432
3730.9974528854177
3731.5068304184174
3731.760047009686
3731.755120093281
3731.4915029129515
3730.969767188526
3730.1893930716233
3729.1506445734926
3727.85410291719
3726.300672070844
