15.979393340474829
15.979177184274404
15.97896104543394
15.978744826097577
15.97852843346064
15.978311780607774
15.978094786579435
15.977877376142885
15.977659479460453
15.977441031734875
15.97722197286369
15.977002247114571
15.976781802824792
15.976560592124711
15.976338570683652
15.976115697476228
15.97589193456699
15.97566724691154
15.975441602172246
15.975214970547027
15.974987324609819
15.974758639161465
15.974528891089998
15.97429805923938
15.974066124285946
15.973833068621808
15.973598876244703
15.973363532653561
15.973127024750207
15.972889340745423
15.972650470070237
15.972410403291676
15.97216913203286
15.971926648897208
15.971682947396618
15.971438021883397
15.971191867485912
15.97094448004768
15.970695856069922
15.970445992657371
15.970194887467258
15.969942538661378
15.969688944861105
15.969434105105268
15.969178018810798
15.968920685735966
15.968662105946237
15.968402279782461
15.968141207831508
15.967878890898989
15.967615329984188
15.967350526256952
15.967084481036476
15.966817195771899
15.966548672024553
15.966278911451825
15.966007915792504
15.965735686853483
15.965462226497785
15.965187536633785
15.964911619205527
15.964634476184099
15.96435610955992
15.964076521335945
15.96379571352162
15.963513688127616
15.96323044716118
15.962945992622132
15.962660326499396
15.96237345076803
15.962085367386676
15.961796078295464
15.961505585414214
15.961213890641009
15.960920995851021
15.960626902895601
15.960331613601577
15.96003512977078
15.9597374531797
15.959438585579303
15.95913852869501
15.958837284226734
15.958534853849034
15.958231239211372
15.95792644193839
15.957620463630292
15.957313305863229
15.957004970189757
15.956695458139302
15.95638477121866
15.9560729109125
15.955759878683905
15.955445675974891
15.955130304206955
15.954813764781601
15.95449605908089
15.954177188467964
15.953857154287581
15.953535957866633
15.953213600514646
15.952890083524313
15.952565408171955
15.952239575718023
15.951912587409716
15.95158444447281
15.951255148125085
15.950924699568088
15.950593099989735
15.950260350564724
15.949926452454937
15.949591406809835
15.949255214766843
15.948917877451713
15.948579395978875
15.948239771451812
15.947899004963379
15.947557097596142
15.947214050422696
15.946869864505972
15.946524540899562
15.946178080647975
15.945830484786963
15.945481754343774
15.94513189033743
15.944780893778994
15.94442876567182
15.944075507011817
15.943721118787662
15.943365601981064
15.94300895756698
15.942651186513839
15.942292289783776
15.941932268332819
15.941571123111107
15.941208855063092
15.940845465127744
15.940480954238726
15.940115323324589
15.939748573308949
15.93938070511067
15.939011719644032
15.938641617818904
15.938270400540906
15.937898068711565
15.937524623228486
15.93715006498548
15.936774394872733
15.936397613776956
15.936019722581497
15.935640722166521
15.935260613409104
15.9348793971834
15.934497074360756
15.934113645809834
15.93372911239673
15.933343474985111
15.932956734436331
15.932568891609524
15.93217994736174
15.931789902548054
15.93139875802165
15.93100651463395
15.930613173234711
15.930218734672124
15.9298231997929
15.929426569442386
15.929028844464645
15.928630025702557
15.928230113997897
15.92782911019143
15.927427015123007
15.927023829631615
15.926619554555506
15.926214190732239
15.925807738998776
15.925400200191545
15.924991575146544
15.924581864699382
15.924171069685363
15.923759190939558
15.92334622929688
15.922932185592131
15.92251706066009
15.922100855335556
15.921683570453443
15.9212652068488
15.920845765356896
15.920425246813279
15.920003652053824
15.919580981914793
15.919157237232891
15.918732418845325
15.918306527589836
15.917879564304773
15.917451529829139
15.917022425002626
15.916592250665678
15.916161007659523
15.915728696826239
15.915295319008779
