0.010657620425181915
0.01098156359954047
0.011016794658459228
0.010957963418361414
0.010856654207246425
0.010729432875194504
0.010583796171762786
0.010424244469108007
0.0102538983741742
0.010075061216618067
0.009889496213254825
0.009698593533487064
0.009503480775098811
0.009305098222013869
0.009104250558595667
0.008901642477850158
0.008697903193506488
0.00849360328961652
0.008289266272827459
0.008085376459340016
0.007882384323048523
0.007680710081192791
0.007480746070671618
0.007282858270166969
0.007087387250517191
