0.28872
0.2799241936368361
0.2930236421796456
0.30607826265585913
0.31908256242458916
0.33203420821822566
0.34493257278595063
0.3577779067940073
0.37057088722990417
0.3833123727878265
0.39600327279388986
0.408644477887319
0.4212368239453697
0.4337810736465831
0.4462779071809324
0.458727917512893
0.4711316077243287
0.4834893891085391
0.49580157929728796
0.5080684000224327
0.5202899742762191
0.5324663227116685
0.5445973591556824
0.556682885113306
0.5687225831325089
0.580716008880446
0.5926625817563176
0.6045615738337802
0.6164120968865694
0.6282130872036911
0.6399632878441667
0.6516612279128111
0.6633051983567583
0.6748932236831081
0.6864230288782647
0.6978920006642474
0.7092971420512574
0.7206350189325037
0.7319016972091777
0.7430926686220943
0.7542027630923173
0.7652260449272157
0.7761556897229994
0.786983838186735
0.797701422417636
0.808297959455142
0.8187613061839324
0.8290773691143402
0.8392297623662814
0.8491994078387951
0.8589640737887031
0.8684978532332849
0.877770640448225
0.8867473626270137
0.8953877032424092
0.903645559158741
0.9114690931996207
0.9188014827282137
0.9255829623503289
0.9317549661611494
0.9372673996106256
0.9420900681887412
0.9462286472605018
0.9497437013780136
0.9527677945290723
0.9555116276614267
0.9582488171465676
0.9612751034967462
0.9648518202144563
0.9691561187806498
0.9742590600360604
0.9801364885389412
0.9867004913500198
0.9938343497467241
1.0014190339442044
1.0093484769819456
1.0175355409837585
1.0259122897447708
1.0344275528854565
1.0430436537158996
1.0517332533285986
1.0604766880343732
1.0692598770871105
1.0780727464870212
1.0869080727492488
1.0957606491255742
1.1046266912068092
1.1135034162835336
1.1223887471967258
1.131281104494756
1.1401792608633674
1.1490822392867879
1.157989348323647
1.1668997005671156
1.1758128387681324
1.1847282565091413
1.1936453919859182
1.2025640582863475
1.2114837568259855
1.2204041374993022
1.22932487083172
1.2382456438727976
1.247166164916684
1.256086153263937
1.2650053417640885
1.2739234757855826
1.2828403124182377
1.291755619832261
1.3006691767488934
1.309580771991437
1.3184902040948927
1.327397280959188
1.3363018195352538
1.3452036455365814
1.354102593170853
1.3629985048879663
1.3718912311415947
1.3807806301624106
1.3896665677413507
1.398548917021906
1.407427558300514
1.4163023788343494
1.4251732726559716
1.4340401403945378
1.4429028891027242
1.4517614320895835
1.4606156887586959
1.4694655844513482
1.478311050294663
1.4871520230543291
1.4959884449918839
1.5048202637255073
1.5136474320963216
1.522469908037084
1.5312876544454017
1.5401006390602547
1.5489088343420396
1.5577122173558433
1.5665107696579197
1.575304477185116
1.5840933301473998
1.5928773229230049
1.601656453956415
1.6104307256589607
1.6192001443119108
1.6279647199719953
1.6367244663793372
1.645479400867604
1.6542295442764472
1.6629749208659548
1.6717155582332923
1.6804514872312686
1.6891827418888838
1.6979093593337315
1.7066313797162258
1.71534884613564
1.7240618045678386
1.7327703037946558
1.7414743953349037
1.7501741333770848
1.7588695747133998
1.7675607786754746
1.776247807071352
1.7849307241240804
1.793609596411502
1.8022844928074906
1.8109554844243776
1.819622644556807
1.8282860486265788
1.8369457741289699
1.8456019005798916
1.854254509464475
1.8629036841865503
1.8715495100192585
1.880191903756694
1.8888311917133584
