2493.8702015999997
98.6151179049333
98.34682349906446
98.05212336787855
97.76546105098657
97.4910303390912
97.22866765590912
96.9776611177837
96.73729424616491
96.50692743673878
96.28596623009115
96.07387516792318
95.87016417575454
95.67438239511293
95.48611334565848
95.30497110317239
95.13059724046762
94.96265833896624
94.80084392629003
94.6448647318286
94.494451180052
94.34935206258109
94.20933334588958
94.074177083707
93.94368041193734
93.81765461062481
93.69592422220806
93.57832621874927
93.46470921322035
93.35493271154994
93.24886640325087
93.14638948907724
93.04739004461227
92.9517644188537
92.85938882384492
92.77025780738998
92.68420627319603
92.60118573949826
92.52112614761486
92.44396271906652
92.36963563224623
92.29808967564865
92.22927391880738
92.16314140627887
92.09964887429005
92.0387564888976
91.98042760439718
91.92462854072032
91.87132837861577
91.8204987714356
91.77211377241258
91.72614967635504
91.6825848747482
91.64139972331321
91.60257642111081
91.56609890035512
91.53195272615581
91.50012500543401
91.47060430435265
91.4433805736128
91.4184450810384
91.39579035090941
91.37541010953983
91.35729923665681
91.34145372215539
91.32787062784348
91.31654805383992
91.30748510930326
91.30068188719905
91.29613944285934
91.29385977609456
91.2938458166439
91.29610141279494
91.30063132298251
91.30744121025512
91.31653763945332
91.32792807701297
91.34162089329185
91.35762536735785
91.37595169416
91.39661099406656
91.41961532470907
91.44498163954218
91.47271592988105
91.5028372008639
91.53536129535776
91.57030548025574
91.60768767577176
91.64752703211755
91.68984380747821
91.73465953617475
91.78199658407536
91.83187590470952
91.88432866620917
91.93937819443086
91.99705226314292
92.05738006252962
92.12039225593252
92.1861210405724
92.25460021264672
92.32586523712078
92.39995332255445
92.47690350133593
92.55675671575403
92.63955591036178
92.7253461311406
92.81417463204357
92.90609098953232
93.00114722580776
93.09939794150571
93.20090045871112
93.30571497525096
93.41390473132111
93.5255361896368
93.64067923043436
93.7594073628046
93.8817979540279
94.00793247878347
94.13789679034208
94.27178141612745
94.40968188034022
94.55169905669837
94.69793955478674
94.84851614395053
95.00354821929116
95.16316231493268
95.32749267053693
95.49668185793512
95.6708814758381
95.85025292185071
96.03496825253706
96.22521114409463
96.42117796837884
96.62307900162844
96.8311397864256
97.04560267128629
97.26672855700104
97.49479888467863
97.73011790762376
97.97301529817665
98.22384915187313
98.48300946550027
98.75092218369815
99.02805393194414
99.31491758375988
99.61207884915032
99.9201641229513
100.23986990062654
100.57197416191138
100.91735024951377
101.27698394559229
101.65199469535231
102.04366227931308
102.4534607479737
102.88310219245407
103.33459407732715
103.81031565465229
104.3131218465693
104.84648772325889
105.41471483018866
106.02323517011708
106.679076064453
107.39160405046468
108.17389707822923
109.04465540841039
110.03334915773168
111.19056410741125
112.61888325851213
114.60659921815231
102.09854441361145
102.25920361176968
102.42158170341504
102.58540984439041
102.75063522680941
102.91725103778607
103.0852570074984
103.25465377391075
103.42544208276442
103.59762267858919
103.77119629414574
103.94616365357018
104.12252547715337
104.30028248604727
104.4794354066687
104.65998497481206
104.84193193946295
105.02527706635627
105.21002114128454
105.39616497318137
105.58370939700096
105.7726552763959
105.9630035062272
106.15475501490452
106.34791076657886
106.54247176319292
106.73843904640668
106.93581369940291
107.13459684858452
107.334789665172
107.53639336671002
