0.06565712327789773
0.06851429981919749
0.07130760489092587
0.07402096205266438
0.07663951016176636
0.07915068233661357
0.08154458240681525
0.08381411731620068
0.08595496634199203
0.08796541882445187
0.08984611130140355
0.0915996973697667
0.09323048282184991
0.09474405466880809
0.09614692675424084
0.09744621803220534
0.09864937322517059
0.0997639301315028
0.10079733362640893
0.10175679343822205
0.10264918096052521
0.10348095946484692
0.10425814187236719
0.10498627050273823
0.10567041375929574
0.10631517538886204
0.10692471267255885
0.10750276059381296
0.10805265965627318
0.10857738555105555
0.1090795794219098
0.10956157757766724
0.1100254402301975
0.11047297864678236
0.1109057805383018
0.11132523346315365
0.1117325463828879
0.11212876919112563
0.11251481042924981
0.1128914532431746
0.1132593697070027
0.1136191336414231
0.11397123205553239
0.11431607533919477
0.1146540063268013
0.11498530834023642
0.11531021235506306
0.11562890329985766
0.11594152568531607
0.1162481885712899
0.11654896997662129
0.11684392076217211
0.11713306811842077
0.11741641862199638
0.11769396082210198
0.11796566826868658
0.11823150074624451
0.11849140684205568
0.11874532551005935
0.11899318761986687
0.11923491734930977
0.1194704334398785
0.11969965033152317
0.11992247919151271
0.12013882884974166
0.12034860665126734
0.120551719235289
0.12074807324852313
0.12093757599945097
0.12112013605928648
0.12129566381417957
0.12146407197278461
0.12162527603236871
0.12177919470623418
0.12192575031463623
0.12206486914118218
0.12219648175614335
0.12232052330799152
0.1224369337842997
0.12254565824291623
0.12264664701423997
0.12273985587538457
0.12282524619693272
0.12290278506301716
0.12297244536540303
0.12303420587234375
0.12308805127296699
0.12313397219777956
0.12317196521666249
0.12320203315983196
0.12322418369001438
0.12323843131096747
0.12324479590472627
0.12324330296916057
0.12323398350052818
0.12321687385854782
0.12319201561656565
0.12315945539807827
0.12311924470080757
0.12307839206253188
0.12303868989426774
0.12299996498769772
0.12296205959447568
0.12292482947810007
0.12288814252754013
0.12285187760649513
0.12281592354325926
0.12278017824111391
0.12274454790829693
0.1227089463581799
0.12267329440329845
0.1226375193122378
0.12260155432549383
0.12256533822189795
0.12252881492872278
0.12249193316974155
0.12245464614608768
0.12241691124579339
0.12237868977829343
0.12233994673070522
0.12230065054326898
0.12226077290162954
0.12222028854396791
0.12217917508135326
0.12213741282978934
0.12209498465279833
0.1220518758134278
0.12200807383479656
0.12196356836836492
0.12191835106926394
0.12187241547816909
0.12182575690905403
0.12177837234257075
0.12173026032453325
0.12168142086923915
0.12163185536733095
0.12158156649790726
0.1215305581447138
0.12147883531611439
0.12142640406874708
0.12137327143464563
0.12131944535170887
0.1212649345973393
0.12120974872514748
0.12115389800459073
0.1210973933634236
0.1210402463329009
0.12098246899554618
0.12092407393546797
0.12086507419108834
0.12080548321022926
0.12074531480742567
0.12068458312339514
0.1206233025866363
0.12056148787700233
0.12049915389121374
0.12043631571024273
0.12037298856848341
0.12030918782462477
0.12024492893419603
0.1201802274237073
0.12011509886626509
0.12004955885870369
0.11998362300007688
0.119917306871519
0.11985062601734968
0.11978359592745716
0.1197162320208116
0.11964854963012467
0.11958056398756634
0.11951229021151324
0.11944374329426263
0.11937493809068901
0.11930588930777199
0.11923661149495957
0.11916711903534749
0.11909742613761151
0.11902754682866526
0.1189574949469942
0.11888728413665196
0.11881692784185188
0.11874643930215774
0.11867583154823405
0.1186051173980851
0.1185343094538231
0.1184634200988652
0.11839246149559218
0.11832144558340994
0.11825038407719836
0.11817928846612953
0.11810817001281837
0.11803703975280665
0.1179659084943248
0.11789478681836407
0.11782368507899886
0.11775261340393879
0.11768158169533806
0.117610599630786
0.11753967666451849
0.1174688220288077
