34.46798381563396
34.50707214329964
34.546240252774076
34.58543705893915
34.62462438799578
34.66377129068138
34.70285137521481
34.741841470395386
34.78072088845565
34.81947097035915
34.85807477373508
34.89651684010158
34.934783011243944
34.972860279285385
35.01073666168505
35.048401095626964
35.085843347950714
35.123053937756396
35.16002406944864
35.19674557443267
35.23321086001225
35.26941286430343
35.30534501619047
35.34100119952234
35.376375720887054
35.41146328042106
35.44625894520232
35.480758124804765
35.514956548946266
35.548850246564186
35.58243552646169
35.615708959217166
35.648667360237674
35.68130777384161
35.713627458279404
35.74562387161541
35.77729465840642
35.80863763712749
35.83965078829868
35.87033224327854
35.9006802736914
35.93069328146145
35.960369789428704
35.98970843252544
36.01870794949003
36.04736717510071
36.075685032908176
36.10366052844827
36.13129274291518
36.15858082727797
36.18552399681906
36.21212152607693
36.238372744173475
36.26427703050653
36.28983381078864
36.31504255341226
36.33990276612332
36.36441399298459
36.38857581160884
36.412387830645585
36.43584968750418
36.45896104629406
36.481721595968914
36.50413104865722
36.52618913816418
36.54789561863301
36.56925026334859
36.590252863674706
36.610903228109585
36.63120118145135
36.65114656406026
36.67073923121096
36.68997905252277
36.708865911462276
36.7273997049092
36.74558034277834
36.76340774769267
36.78088185469956
36.79800261102695
36.81476997587362
36.83118392022873
36.84724442671794
36.86295148947173
36.87830511401327
36.893305317162586
36.90795212695466
36.922245582570326
36.936185734275426
36.94977264337016
36.96300638214362
36.975887033834624
36.98841469259634
37.00058946346491
37.01241146232978
37.02388081590626
37.03499766170968
37.04576214802891
37.05617443390157
37.06623468908801
37.07594309404527
37.0852998399005
37.09430512842292
37.10295917199531
37.111262193589496
37.119214426711935
37.12681611540824
37.13406751420325
37.14096888807212
37.14752051240407
37.153722672964335
37.1595756658543
37.16507979747126
37.170235384465336
37.17504275369677
37.17950224219074
37.18361419709132
37.18737897561447
37.19079694499961
37.19386848246035
37.19659397513391
37.19897382002957
37.20100842397664
37.202698203570684
37.204043585119976
37.20504500458993
37.20570290754775
37.20601774910613
37.205989993866
37.205620115858466
37.204908598486924
37.20385593446832
37.202462625773265
37.20072918356622
37.198656128145416
37.19624398888185
37.19349330415849
37.19040462130849
37.18697849655348
37.18321549494138
37.179116190284304
37.1746811650957
37.169911010527805
37.16480632630861
37.15936772067847
37.15359581032731
37.14749122033096
37.14105458408786
37.134286543255286
37.127187747686015
37.1197588553648
37.11200053234472
37.10391345268344
37.0954982983799
37.086755759310925
37.07768653316734
37.068291325391186
37.05857084911231
37.04852582508487
37.03815698162507
37.027465054547704
37.01645078710377
37.00511492991781
36.9934582409259
36.981481485313054
36.969185435451664
36.9565708708397
36.94363857803904
36.930389350614824
36.916823989073755
36.90294330080354
36.888748100013174
36.87423920767169
36.85941745144896
36.844283665655965
36.828838691185524
36.81308337545312
36.79701857233865
36.780645142127476
36.763963951453356
36.746975873239656
36.72968178664293
36.71208257699547
36.69417913574886
36.67597236041762
36.65746315452364
36.63865242753998
36.61954109483647
36.60013007762419
36.580420302901736
36.560412703400566
36.54010821753186
36.519507789333026
36.498612368414676
36.477422909908704
36.45594037441555
36.434165727952575
36.41209994190325
36.38974399296577
36.367098863102875
36.34416553949154
