0.01338
0.01712300578005995
0.01726233796668952
0.01739866632511369
0.0175322728180947
0.01766334701243461
0.01779204596398511
0.017918515493383497
0.018042896311008468
0.018165324745204665
0.018285931925551682
0.01840484283022616
0.018522175627194083
0.018638041370079527
0.0187525439886065
0.018865780488543673
0.018977841284567833
0.019088810606601676
0.01919876693703272
0.01930778344999917
0.019415928434356085
0.01952326568945322
0.019629854888105872
0.019735751904710403
0.01984100910881457
0.019945675625874983
0.02004979756786432
0.020153418304398985
0.02025657835537364
0.0203593160067936
0.02046166712867388
0.020563665387379974
0.020665342359698687
0.02076672763677867
0.020867848919829457
0.020968732109222447
0.021069401388353403
0.021169879303329052
0.021270186839402377
0.02137034349477573
0.021470367352311896
0.021570275149476403
0.021670082346749334
0.021769803194615175
0.021869450799199015
0.021969037186492155
0.02206857336513533
0.02216806938765067
0.022267534410009945
0.022366976749402342
0.02246640394011165
0.02256582278735233
0.022665239418981083
0.02276465933498614
0.022864087454685388
0.022963528161581776
0.02306298534583455
0.023162462444335678
0.023261962478412442
0.023361488089147807
0.023461041570369507
0.02356062489938208
0.02366023976545871
0.023759887596213017
0.02385956958191363
0.02395928669781883
0.024059039724672663
0.024158829267397538
0.02425865577215098
0.024358519541793213
0.02445842074991802
0.024558359453497124
0.024658335604291058
0.024758349059074914
0.024858399588803287
0.02495848688679785
0.02505861057602345
0.02515877021557047
0.025258965306374326
0.025359195296280026
0.02545945958450422
0.025559757525549086
0.025660088432637423
0.025760451580713894
0.025860846209065445
0.02596127152360244
0.026061726698829887
0.026162210879579813
0.026262723182479245
0.026363262697250648
0.026463828487813975
0.026564419593253077
0.02666503502863881
0.026765673785756207
0.026866334833725157
0.026967017119541963
0.027067719568568977
0.027168441084943012
0.027269180551961248
0.027369936832416435
0.027470708768903587
0.0275714951841092
0.027672294881072455
0.027773106662580673
0.02787392923543512
0.027974761403223462
0.028075601873370198
0.028176449354334995
0.028277302536339484
0.02837816009161425
0.028479020674639994
0.028579882922377006
0.02868074545452485
0.02878160687375724
0.028882465765989355
0.028983320700637836
0.02908417023088778
0.029185012893971428
0.02928584721144922
0.029386671689499985
0.029487484819217858
0.029588285076909353
0.029689070924408936
0.029789840809384543
0.02989059316566796
0.02999132641357121
0.030092038960220703
0.03019272919989422
0.0302933955143653
0.030394036273240443
0.03049464983431179
0.030595234543917663
0.030695788737294245
0.030796310738936246
0.030896798862965404
0.030997251413494128
0.031097666685001624
0.031198042962703215
0.03129837852292902
0.031398671633498465
0.03149892055410465
0.0315991235366916
0.03169927882584169
0.031799384659160795
0.03189943926765833
0.0319994408761412
0.03209938770359664
0.032199277963585196
0.032299109864624545
0.03239888161057944
0.03249859140105231
0.03259823743177357
0.032697817894984764
0.032797330979828926
0.032896774872743804
0.032996147757836825
0.033095447817279966
0.03319467323169412
0.033293822180523035
0.0333928928424271
0.03349188339565543
0.033590792018428337
0.03368961688930932
0.033788356187588145
0.033887008093644276
0.033985570789321955
0.03408404245829915
0.034182421286446475
0.034280705462200536
0.034378893176916524
0.034476982625219685
0.03457497200537718
0.034672859519631644
0.034770643374557056
0.034868321781401784
0.03496589295643149
0.035063355121261075
0.03516070650319822
0.0352579453355577
0.0353550698580098
0.03545207831688013
0.035548968965483256
0.03564574006442975
0.03574238988193954
0.035838916694143366
0.03593531878539225
0.03603159444854316
0.03612774198526481
0.03622375970631063
0.036319645931817586
0.03641539899157054
0.03651101722528553
0.03660649898287744
0.0367018426247162
0.03679704652189933
0.036892109056497244
0.03698702862180002
0.03708180362256945
0.0371764324752714
0.03727091360831369
