-16.272634541529168
-3.910513430234197
-5.865770145351296
-2.089657248023223
-0.048844241093261555
-0.07326636163989234
-1.3864361584827256
0.057325119792710905
0.08598767968906637
-0.6826727558703595
0.1624699833866172
0.24370497507992583
0.019306253996206377
0.2662865398099046
0.3994298097148569
0.7172938713940127
0.368497686046374
0.552746529069561
1.4091992350753826
0.4688486639939265
0.7032729959908897
2.0930709951240742
0.5671089863279714
0.8506634794919571
2.7671215527945603
0.6630748898609938
0.994612334791491
3.429746871826346
0.7565712387243341
1.134856858086501
4.079540636159339
0.8474526717717276
1.2711790076575915
4.715302520054501
0.9356039746389576
1.4034059619584365
5.336040738312141
1.0209397167056178
1.5314095750584267
5.940969302945475
1.1034032254674624
1.6551048382011937
6.5295006015601285
1.1829649922318737
1.7744474883478107
7.101234041365415
1.2596206162815256
1.8894309244222884
7.655941573653677
1.333388400459656
2.0000826006894834
8.193550931489703
1.4043067103448916
2.106460065517338
8.714127386010501
1.4724312029329867
2.2086468043994802
9.217854763827106
1.5378320203490872
2.306748030523631
9.70501637995302
1.6005910309430846
2.400886546414627
10.1759764375249
1.6607991854604884
2.491198778190733
10.631162336293619
1.718554040950009
2.5778310614250137
11.07104822381975
1.7739574905646143
2.6609362358469215
11.496140022096947
1.8271137240956186
2.7406705861434277
11.906962071771146
1.878127432379771
2.8171911485696564
12.304045458438857
1.9271022588643945
2.8906533882965917
12.68791802158189
1.9741394936671437
2.9612092405007155
13.059095996367695
2.0193369993591137
3.0290054990386706
13.41807720092167
2.06278835328016
3.094182529920241
13.765335655386833
2.104582188257703
3.156873282386554
14.101317502507223
2.144801711913097
3.2172025678696454
14.42643809091542
2.183524384069214
3.2752865761038206
14.74108008011593
2.2208217318952643
3.3312325978428965
15.045592428841495
2.256759283139621
3.3851389247094317
15.340290134675328
2.291396598932853
3.43709489839928
15.625454601467585
2.3247873890460267
3.48718108356904
15.90133452120319
2.356979694045533
3.535469541068299
16.168147167873293
2.3880161204029355
3.582024180604404
16.4260800120088
2.4179341162279595
3.62690117434194
16.67529257544367
2.446766276845481
3.670149415268222
16.915918456301664
2.474540670899576
3.711811006349365
17.148067463958323
2.501281179019083
3.751921768528625
17.37182781270939
2.527007838309077
3.790511757463616
17.58726833103087
2.5517371870382157
3.8276057805573243
17.79444065063663
2.575482604875035
3.8632239073125527
17.993381346046476
2.598254644892495
3.8973819673387418
18.184114001120925
2.6200613543181714
3.9300920314772574
18.36665118404449
2.6409085816653683
3.9613628724980527
18.54099631661539
2.660800268449241
3.991200402673863
18.707145427481862
2.679738724180122
4.019608086270183
18.86508878221916
2.6977248837435965
4.046587325615395
19.01481238592165
2.714758546631559
4.072137819947338
19.15629935634471
2.730838597788507
4.096257896682761
19.289531167623984
2.7459632100897338
4.118944815134601
19.414488766260234
2.7601300286782826
4.140195043017424
19.531153678310087
2.7733363420266297
4.160004513039945
19.63950826513175
2.7855792153537395
4.17836882303061
19.739537743896783
2.7968556383959635
4.195283457593945
19.83122956803189
2.807162648722902
4.210743973084353
19.914574586545175
2.81649741828782
4.224746127431731
19.989567372588255
2.824857347343527
4.237286021015291
20.056206579914413
2.8322401392786087
4.248360208917914
20.11449521666192
2.8386438631705073
4.257965794755761
20.164440843677315
2.8440670050052805
4.266100507507922
20.20605570445207
2.848508508498633
4.272762762747949
20.239356793609183
2.85196780643991
4.277951709659865
20.264365870683868
2.8544448434603393
4.281667265190509
20.28110942571323
2.8559400911033896
4.283910136655084
20.289618602846453
2.856454556037915
4.284681834056872
20.289929087902646
2.855989782225067
4.283984673337601
20.282080965438862
2.854547847804744
4.281821771707115
20.26611930509152
2.852131464781018
4.278197197171528
20.242091012759005
2.848743545507733
4.273115318261599
20.210048981138563
2.8443878099696365
4.266581714954455
20.170049025420855
2.839068360704085
4.258602541056128
20.1221503570774
2.8327897634374533
4.24918464515618
20.066415354606985
2.8255570259255447
4.238335538888317
20.00290933242821
2.8173755756196646
4.226063363429496
19.93170031093251
2.8082512365588816
4.212376854838323
19.85285878915902
2.7981902058802937
4.19728530882044
19.766457523635687
2.78719903022481
4.180798545337216
19.672571313602546
2.7752845823610675
4.162926873541601
19.571276795029583
2.762454038252093
4.1436810573781395
19.462652244338905
2.7487148547828046
4.123072282174208
19.346777392871275
2.7340747483272176
4.101112122490827
19.223733252881193
2.7185416743055164
4.077812511458275
19.093601955648637
2.7021238078536776
4.053185711780516
18.9564666021252
2.6848295257035977
4.027244288555397
18.81241112637072
2.666667389348533
4.0000010840227995
18.661520171902996
2.6476461295486695
3.9714691943230047
18.50387898095336
2.6277746322125926
3.9416619483188895
18.339573296518136
2.6070619256744187
3.910592888511628
18.16868927699782
2.585517169371452
3.8782757540571784
17.991313423136948
2.56314964391443
3.8447244658716455
17.807532516906818
2.5399687425312756
3.809953113796914
17.61743357191614
2.515983963855323
3.7739759457829845
17.421103794885106
2.491204906020808
3.7368073590312116
17.21863055767979
2.465641262021114
3.6984618930316704
17.010101379372202
2.4393028162794823
3.658954224419224
16.795603917764762
2.4121994423765543
3.618299163564832
16.57522596980385
2.384341101875516
3.5765116528132745
16.349055480289326
2.3557378441819092
3.533606766272864
16.117180558282676
2.3263998073728973
3.489599711059346
15.879689500610008
2.296337219928714
3.4445058298930715
15.636670821856884
2.265560403297714
3.3983406049465716
15.388213290252539
2.234079775225333
3.351119662838
15.134405968848041
2.201905853777067
3.3028587806656002
14.875338261396369
2.169049261984964
3.253573892977447
14.611099962353963
2.1355207330476076
3.2032810995714116
14.341781310429745
2.1013311160135877
3.1519966740203818
14.067473045120126
2.06649138187924
3.0997370728188596
13.78826646567826
2.031012630031841
3.0465189450477617
13.504253491978158
1.9949060949705804
2.9923591424558706
13.215526726746742
1.9581831532382767
2.9372747298574153
12.922179518647571
1.920855330497949
2.8812829957469237
12.62430619986683
1.8829343007470984
2.8244014511206474
12.32200144998172
1.844431925194211
2.7666478877913168
12.015361412116167
1.8053602119266916
2.708040317890037
11.7044830489341
1.7657313544655442
2.648597031698316
11.389464380419627
1.7255577308249526
2.588336596237429
11.070404541696066
1.6848519101014965
2.5272778651522447
10.747401359635537
1.6436267727559704
2.465440159133956
10.42056136153071
1.601895063214274
2.402842594821411
10.089984793873219
1.5596700670476176
2.3395051005714262
9.7557758149044
1.5169651823540056
2.2754477735310084
9.418039913369535
1.4737940218360959
2.210691032754144
9.076883973114446
1.430170420612651
2.1452556309189768
8.732416310132455
1.38610844028313
2.0791626604246956
8.384746701358305
1.3416223719064353
2.012433557859653
8.033986407733357
1.2967267382378063
1.9450901073567095
7.680248191661149
1.2514362952387017
1.8771544428580527
7.323646328647177
1.2057660328298239
1.808649049244736
6.964299321873741
1.1597310649364843
1.7395965974047267
6.602319025988503
1.1133470661322498
1.6700205991983748
6.237827052223227
1.0666296221060463
1.5999444331590695
5.870943683965314
1.0195946448636528
1.5293919672954792
5.501790713014882
0.9722582760390392
1.4583874140585587
5.130491384736072
0.9246368787429443
1.3869553181144165
4.757170359607727
0.8767470316815411
1.3151205475223118
4.381953671091169
0.8286055227893917
1.2429082841840877
4.004968676870884
0.7802293419741964
1.1703440129612945
3.6263440030483047
0.731635672913747
1.0974535093706206
3.2462094812515154
0.6828418838976613
1.024262825846492
2.8646960787107676
0.6338655177182712
0.9507982765774068
2.481935821387784
0.5847242806202407
0.8770864209303612
2.0980617102812946
0.5354360303233334
0.8031540454850001
1.7132076310639701
0.4860187631372347
0.7290281447058521
1.327508257241054
0.43649060019227726
0.6547359002884159
0.9410989470519506
0.3868697728141836
0.5803046592212755
0.5541156343708119
0.3371746070758857
0.5057619106138286
0.16669471389308838
0.287423507563766
0.431135261345649
-0.22102707907276736
0.23763494040030775
0.3564524106004616
-0.6089127938593465
0.18782741556928462
0.2817411233539269
-0.9968253943608574
0.13801946859395525
0.2070292028909329
-1.3846278932151848
0.0882296416224951
0.13234446243374265
-1.772183489814244
0.03847646397878044
0.05771469596817067
-2.1593557116870934
-0.011221567759948842
-0.016832351639923263
-2.5460085587781935
-0.060846010093922265
-0.09126901514088341
-2.93200665012364
-0.11037849327254022
-0.16556773990881032
-3.3172153724106943
-0.15980074223693255
-0.23970111335539881
-3.70150102989457
-0.209094597761287
-0.31364189664193054
-4.084730995130908
-0.2582420377188834
-0.38736305657832515
-4.46677385997919
-0.30722519839776025
-0.46083779759664045
-4.847499586323421
-0.3560263957899148
-0.5340395936848722
-5.226779655956803
-0.4046281467774297
-0.6069422201661446
-5.6044872190783455
-0.4530131901391032
-0.6795197852086547
-5.980497240852843
-0.5011645073015006
-0.7517467609522509
-6.35468664549572
-0.5490653427593398
-0.8235980141390098
-6.726934457353347
-0.5966992240914306
-0.8950488361371458
-7.097121938465624
-0.6440499815003418
-0.9660749722505126
-7.465132722113569
-0.6911017668060252
-1.0366526502090376
-7.830852941875824
-0.7378390718264605
-1.106758607739691
-8.194171355740696
-0.7842467460813659
-1.176370119122049
-8.554979464845951
-0.8303100137583923
-1.2454650206375886
-8.913171626446557
-0.8760144898850712
-1.3140217348276069
-9.268645161345772
-0.9213461957429463
-1.3820192936144198
-9.621300451209976
-0.9662915728500766
-1.449437359275115
-9.971041038208856
-1.0108374973487682
-1.5162562460231523
-10.317773705433718
-1.0549712916177119
-1.5824569374265678
-10.661408559174427
-1.0986807362239244
-1.6480211043358866
-11.001859100048591
-1.1419540802911552
-1.7129311204367328
-11.339042287100732
-1.1847800508939663
-1.7771700763409495
-11.672878594138366
-1.2271478613682285
-1.8407217920523427
-12.003292058219833
-1.2690472185245683
-1.9035708277868526
-12.330210320247973
-1.310468328756575
-1.9657024931348628
-12.653564657657611
-1.3514019030405386
-2.0271028545608085
-12.973290009222946
-1.3918391608287002
-2.0877587412430505
-13.289324992043593
-1.4317718328425297
-2.1476577492637947
-13.601611910802355
-1.4711921627776159
-2.206788244166424
-13.910096759419048
-1.510092907935866
-2.265139361903799
-14.214729215255018
-1.5484673388053114
-2.322701008207967
-14.515462626050866
-1.5863092376115062
-2.3794638564172597
-14.812253989806269
-1.623612895868508
-2.4354193438027623
-15.105063927834944
-1.6603731109607807
-2.4905596664411713
-15.393856651250001
-1.6965851817904896
-2.5448777726857346
-15.678599921154222
-1.73224490352761
-2.5983673552914155
-15.959265002826637
-1.767348561502699
-2.651022842254049
-16.23582661421453
-1.8018929242845618
-2.702839386426843
-16.50826286904933
-1.835875235986749
-2.753812853980124
-16.272634541529168
-3.910513430234197
-5.865770145351296
-2.089657248023223
-0.048844241093261555
-0.07326636163989234
-1.3864361584827256
0.057325119792710905
0.08598767968906637
-0.6826727558703595
0.1624699833866172
0.24370497507992583
0.019306253996206377
0.2662865398099046
0.3994298097148569
0.7172938713940127
0.368497686046374
0.552746529069561
1.4091992350753826
0.4688486639939265
0.7032729959908897
2.0930709951240742
0.5671089863279714
0.8506634794919571
2.7671215527945603
0.6630748898609938
0.994612334791491
3.429746871826346
0.7565712387243341
1.134856858086501
4.079540636159339
0.8474526717717276
1.2711790076575915
4.715302520054501
0.9356039746389576
1.4034059619584365
5.336040738312141
1.0209397167056178
1.5314095750584267
5.940969302945475
1.1034032254674624
1.6551048382011937
6.5295006015601285
1.1829649922318737
1.7744474883478107
7.101234041365415
1.2596206162815256
1.8894309244222884
7.655941573653677
1.333388400459656
2.0000826006894834
8.193550931489703
1.4043067103448916
2.106460065517338
8.714127386010501
1.4724312029329867
2.2086468043994802
9.217854763827106
1.5378320203490872
2.306748030523631
9.70501637995302
1.6005910309430846
2.400886546414627
10.1759764375249
1.6607991854604884
2.491198778190733
10.631162336293619
1.718554040950009
2.5778310614250137
11.07104822381975
1.7739574905646143
2.6609362358469215
11.496140022096947
1.8271137240956186
2.7406705861434277
11.906962071771146
1.878127432379771
2.8171911485696564
12.304045458438857
1.9271022588643945
2.8906533882965917
12.68791802158189
1.9741394936671437
2.9612092405007155
13.059095996367695
2.0193369993591137
3.0290054990386706
13.41807720092167
2.06278835328016
3.094182529920241
13.765335655386833
2.104582188257703
3.156873282386554
14.101317502507223
2.144801711913097
3.2172025678696454
14.42643809091542
2.183524384069214
3.2752865761038206
14.74108008011593
2.2208217318952643
3.3312325978428965
15.045592428841495
2.256759283139621
3.3851389247094317
15.340290134675328
2.291396598932853
3.43709489839928
15.625454601467585
2.3247873890460267
3.48718108356904
15.90133452120319
2.356979694045533
3.535469541068299
16.168147167873293
2.3880161204029355
3.582024180604404
16.4260800120088
2.4179341162279595
3.62690117434194
16.67529257544367
2.446766276845481
3.670149415268222
16.915918456301664
2.474540670899576
3.711811006349365
17.148067463958323
2.501281179019083
3.751921768528625
17.37182781270939
2.527007838309077
3.790511757463616
17.58726833103087
2.5517371870382157
3.8276057805573243
17.79444065063663
2.575482604875035
3.8632239073125527
17.993381346046476
2.598254644892495
3.8973819673387418
18.184114001120925
2.6200613543181714
3.9300920314772574
18.36665118404449
2.6409085816653683
3.9613628724980527
18.54099631661539
2.660800268449241
3.991200402673863
18.707145427481862
2.679738724180122
4.019608086270183
18.86508878221916
2.6977248837435965
4.046587325615395
19.01481238592165
2.714758546631559
4.072137819947338
19.15629935634471
2.730838597788507
4.096257896682761
19.289531167623984
2.7459632100897338
4.118944815134601
19.414488766260234
2.7601300286782826
4.140195043017424
19.531153678310087
2.7733363420266297
4.160004513039945
19.63950826513175
2.7855792153537395
4.17836882303061
19.739537743896783
2.7968556383959635
4.195283457593945
19.83122956803189
2.807162648722902
4.210743973084353
19.914574586545175
2.81649741828782
4.224746127431731
19.989567372588255
2.824857347343527
4.237286021015291
20.056206579914413
2.8322401392786087
4.248360208917914
20.11449521666192
2.8386438631705073
4.257965794755761
20.164440843677315
2.8440670050052805
4.266100507507922
20.20605570445207
2.848508508498633
4.272762762747949
20.239356793609183
2.85196780643991
4.277951709659865
20.264365870683868
2.8544448434603393
4.281667265190509
20.28110942571323
2.8559400911033896
4.283910136655084
20.289618602846453
2.856454556037915
4.284681834056872
20.289929087902646
2.855989782225067
4.283984673337601
20.282080965438862
2.854547847804744
4.281821771707115
20.26611930509152
2.852131464781018
4.278197197171528
20.242091012759005
2.848743545507733
4.273115318261599
20.210048981138563
2.8443878099696365
4.266581714954455
20.170049025420855
2.839068360704085
4.258602541056128
20.1221503570774
2.8327897634374533
4.24918464515618
20.066415354606985
2.8255570259255447
4.238335538888317
20.00290933242821
2.8173755756196646
4.226063363429496
19.93170031093251
2.8082512365588816
4.212376854838323
19.85285878915902
2.7981902058802937
4.19728530882044
19.766457523635687
2.78719903022481
4.180798545337216
19.672571313602546
2.7752845823610675
4.162926873541601
19.571276795029583
2.762454038252093
4.1436810573781395
19.462652244338905
2.7487148547828046
4.123072282174208
19.346777392871275
2.7340747483272176
4.101112122490827
19.223733252881193
2.7185416743055164
4.077812511458275
19.093601955648637
2.7021238078536776
4.053185711780516
18.9564666021252
2.6848295257035977
4.027244288555397
18.81241112637072
2.666667389348533
4.0000010840227995
18.661520171902996
2.6476461295486695
3.9714691943230047
18.50387898095336
2.6277746322125926
3.9416619483188895
18.339573296518136
2.6070619256744187
3.910592888511628
18.16868927699782
2.585517169371452
3.8782757540571784
17.991313423136948
2.56314964391443
3.8447244658716455
17.807532516906818
2.5399687425312756
3.809953113796914
17.61743357191614
2.515983963855323
3.7739759457829845
17.421103794885106
2.491204906020808
3.7368073590312116
17.21863055767979
2.465641262021114
3.6984618930316704
17.010101379372202
2.4393028162794823
3.658954224419224
16.795603917764762
2.4121994423765543
3.618299163564832
16.57522596980385
2.384341101875516
3.5765116528132745
16.349055480289326
2.3557378441819092
3.533606766272864
16.117180558282676
2.3263998073728973
3.489599711059346
15.879689500610008
2.296337219928714
3.4445058298930715
15.636670821856884
2.265560403297714
3.3983406049465716
15.388213290252539
2.234079775225333
3.351119662838
15.134405968848041
2.201905853777067
3.3028587806656002
14.875338261396369
2.169049261984964
3.253573892977447
14.611099962353963
2.1355207330476076
3.2032810995714116
14.341781310429745
2.1013311160135877
3.1519966740203818
14.067473045120126
2.06649138187924
3.0997370728188596
13.78826646567826
2.031012630031841
3.0465189450477617
13.504253491978158
1.9949060949705804
2.9923591424558706
13.215526726746742
1.9581831532382767
2.9372747298574153
12.922179518647571
1.920855330497949
2.8812829957469237
12.62430619986683
1.8829343007470984
2.8244014511206474
12.32200144998172
1.844431925194211
2.7666478877913168
12.015361412116167
1.8053602119266916
2.708040317890037
11.7044830489341
1.7657313544655442
2.648597031698316
11.389464380419627
1.7255577308249526
2.588336596237429
11.070404541696066
1.6848519101014965
2.5272778651522447
10.747401359635537
1.6436267727559704
2.465440159133956
10.42056136153071
1.601895063214274
2.402842594821411
10.089984793873219
1.5596700670476176
2.3395051005714262
9.7557758149044
1.5169651823540056
2.2754477735310084
9.418039913369535
1.4737940218360959
2.210691032754144
9.076883973114446
1.430170420612651
2.1452556309189768
8.732416310132455
1.38610844028313
2.0791626604246956
8.384746701358305
1.3416223719064353
2.012433557859653
8.033986407733357
1.2967267382378063
1.9450901073567095
7.680248191661149
1.2514362952387017
1.8771544428580527
7.323646328647177
1.2057660328298239
1.808649049244736
6.964299321873741
1.1597310649364843
1.7395965974047267
6.602319025988503
1.1133470661322498
1.6700205991983748
6.237827052223227
1.0666296221060463
1.5999444331590695
5.870943683965314
1.0195946448636528
1.5293919672954792
5.501790713014882
0.9722582760390392
1.4583874140585587
5.130491384736072
0.9246368787429443
1.3869553181144165
4.757170359607727
0.8767470316815411
1.3151205475223118
4.381953671091169
0.8286055227893917
1.2429082841840877
4.004968676870884
0.7802293419741964
1.1703440129612945
3.6263440030483047
0.731635672913747
1.0974535093706206
3.2462094812515154
0.6828418838976613
1.024262825846492
2.8646960787107676
0.6338655177182712
0.9507982765774068
2.481935821387784
0.5847242806202407
0.8770864209303612
2.0980617102812946
0.5354360303233334
0.8031540454850001
1.7132076310639701
0.4860187631372347
0.7290281447058521
1.327508257241054
0.43649060019227726
0.6547359002884159
0.9410989470519506
0.3868697728141836
0.5803046592212755
0.5541156343708119
0.3371746070758857
0.5057619106138286
0.16669471389308838
0.287423507563766
0.431135261345649
-0.22102707907276736
0.23763494040030775
0.3564524106004616
-0.6089127938593465
0.18782741556928462
0.2817411233539269
-0.9968253943608574
0.13801946859395525
0.2070292028909329
-1.3846278932151848
0.0882296416224951
0.13234446243374265
-1.772183489814244
0.03847646397878044
0.05771469596817067
-2.1593557116870934
-0.011221567759948842
-0.016832351639923263
-2.5460085587781935
-0.060846010093922265
-0.09126901514088341
-2.93200665012364
-0.11037849327254022
-0.16556773990881032
-3.3172153724106943
-0.15980074223693255
-0.23970111335539881
-3.70150102989457
-0.209094597761287
-0.31364189664193054
-4.084730995130908
-0.2582420377188834
-0.38736305657832515
-4.46677385997919
-0.30722519839776025
-0.46083779759664045
-4.847499586323421
-0.3560263957899148
-0.5340395936848722
-5.226779655956803
-0.4046281467774297
-0.6069422201661446
-5.6044872190783455
-0.4530131901391032
-0.6795197852086547
-5.980497240852843
-0.5011645073015006
-0.7517467609522509
-6.35468664549572
-0.5490653427593398
-0.8235980141390098
-6.726934457353347
-0.5966992240914306
-0.8950488361371458
-7.097121938465624
-0.6440499815003418
-0.9660749722505126
-7.465132722113569
-0.6911017668060252
-1.0366526502090376
-7.830852941875824
-0.7378390718264605
-1.106758607739691
-8.194171355740696
-0.7842467460813659
-1.176370119122049
-8.554979464845951
-0.8303100137583923
-1.2454650206375886
-8.913171626446557
-0.8760144898850712
-1.3140217348276069
-9.268645161345772
-0.9213461957429463
-1.3820192936144198
-9.621300451209976
-0.9662915728500766
-1.449437359275115
-9.971041038208856
-1.0108374973487682
-1.5162562460231523
-10.317773705433718
-1.0549712916177119
-1.5824569374265678
-10.661408559174427
-1.0986807362239244
-1.6480211043358866
-11.001859100048591
-1.1419540802911552
-1.7129311204367328
-11.339042287100732
-1.1847800508939663
-1.7771700763409495
-11.672878594138366
-1.2271478613682285
-1.8407217920523427
-12.003292058219833
-1.2690472185245683
-1.9035708277868526
-12.330210320247973
-1.310468328756575
-1.9657024931348628
-12.653564657657611
-1.3514019030405386
-2.0271028545608085
-12.973290009222946
-1.3918391608287002
-2.0877587412430505
-13.289324992043593
-1.4317718328425297
-2.1476577492637947
-13.601611910802355
-1.4711921627776159
-2.206788244166424
-13.910096759419048
-1.510092907935866
-2.265139361903799
-14.214729215255018
-1.5484673388053114
-2.322701008207967
-14.515462626050866
-1.5863092376115062
-2.3794638564172597
-14.812253989806269
-1.623612895868508
-2.4354193438027623
-15.105063927834944
-1.6603731109607807
-2.4905596664411713
-15.393856651250001
-1.6965851817904896
-2.5448777726857346
-15.678599921154222
-1.73224490352761
-2.5983673552914155
-15.959265002826637
-1.767348561502699
-2.651022842254049
-16.23582661421453
-1.8018929242845618
-2.702839386426843
-16.50826286904933
-1.835875235986749
-2.753812853980124
