1260.0221570436233
361.8212368896846
362.1961700825026
362.5583735923942
362.9092539713131
363.2507692938477
363.58479586770983
363.9129309915586
364.2364607190475
364.5563859364073
364.8734649910199
365.1882571229749
365.50116132135565
365.81244928951014
366.12229271784844
366.43078555571344
366.7379620668886
367.0438113987574
367.34828929638854
367.65132748921013
367.95284118427446
368.2527350202164
368.55090776979847
368.8472560249374
369.1416770545733
369.43407098975257
369.72434246260843
370.0123945046481
370.2981587229277
370.581551604249
370.8625044957776
371.14095627659714
371.4168533445243
371.69014948956834
371.9608056803454
372.22878978552444
372.4940762483691
372.7566457287176
373.01648472491604
373.27358518487586
373.5279441144477
373.77956318903784
374.0284483733993
374.27460955312466
374.5180601808493
374.7588169387179
374.9968994187692
375.23232982186846
375.46513267557634
375.6953345708086
375.92296391736164
376.1480507174959
376.3706263571801
376.590723414161
376.80837548208774
377.0236170098596
377.23648315519347
377.44700965159603
377.65523268797165
377.8611887997438
378.0649147707362
378.26644754523704
378.4658241490166
378.6630816189671
378.8582569405071
379.0513869919248
379.24250849550396
379.43165797423717
379.6188717142013
379.80418573158346
379.9876357443434
380.16925714762766
380.34908499301906
380.5271539708209
380.70349839533725
380.8781521927668
381.0511488912802
381.22252161334234
381.3923030696527
381.56052555480613
381.72722094437563
381.8924206931622
382.05615583456444
382.2184569808641
382.3793543243435
382.5388776390819
382.69705628326665
382.853919202184
383.0094949313526
383.1638116002666
383.31689693621905
383.46877826846065
383.61948253242883
383.7690362742195
383.9174656550449
384.0647964557628
384.2110540815482
384.35626356637596
384.5004495776667
384.64363642080616
384.78584804362384
384.92710804087693
385.0674396585853
385.206870311738
385.3454090220603
385.4830915540405
385.61993528825036
385.7559617900956
385.8911923008236
386.0256477413547
386.1593487160384
386.2923155162105
386.42456812384467
386.55612621491156
386.6870091628408
386.8172360418218
386.94682563001754
387.07579641275953
387.20416658563136
387.33195405751945
387.4591764535848
387.58585111814597
387.7119951175871
387.837625243092
387.96275801347434
388.08740967780324
388.21159621808533
388.3353333518744
388.4586365348653
388.5815209633625
388.7040015767819
388.82609306015405
388.9478098464983
389.0691661192021
389.1901758144049
389.31085262328907
389.4312099944205
389.55126113599516
389.67101901810156
389.79049637492653
389.90970570698585
390.0286592832822
390.147369143489
390.2658471001032
390.38410474053194
390.5021534292552
390.6200043098853
390.7376683072831
390.8551561295945
390.97247827031083
391.089645010322
391.2066664199579
391.3235523609715
391.4403124885699
391.556956253436
391.6734929036623
391.7899314867743
391.90628085170727
392.0225496507139
392.1387463413881
392.2548791885677
392.3709562662941
392.4869854597208
392.602974467089
392.71893080159185
392.8348617933188
392.9507745911721
393.0666761647205
393.1825733061687
393.2984726322012
393.41438058583185
393.53030343838816
393.64624729128684
393.76221807794786
393.8782215656504
393.99426335740736
394.11034889377845
394.22648345478575
394.3426721616636
394.4589199788182
394.5752317155447
394.69161202793714
394.808065420673
394.9245962488498
395.0412087197743
395.1579068948264
395.2746946911846
395.39157588370705
395.50855410664343
395.6256328555024
395.74281548875854
395.86010522968144
395.97750516809464
396.09501826210345
396.2126473399206
396.3303951015741
396.4482641206415
396.5662568460301
396.68437560367664
396.80262259829703
