1.5
1.4948461505987845
1.4925430177613905
1.4911582000163799
1.4903149939751357
1.489793816429795
1.4894642028800273
1.4892486151899522
1.4891009693354094
1.4889938774312634
1.488911065455759
1.4888428663088515
1.4887835406314276
1.4887296840676798
1.4886792803745386
1.4886311384791941
1.488584557795055
1.4885391292402423
1.4884946169337527
1.4884508878563305
1.4884078700276495
1.488365527637356
1.4883238462558275
1.4882828240378132
1.4882424664892377
1.4882027833526243
1.4881637867523476
1.4881254900891376
1.488087907380318
1.488051052865347
1.4880149407694396
1.4879795851615512
1.487944999868917
1.4879111984257132
1.4878781940426042
1.4878459995893654
1.4878146275860873
1.4877840902003783
1.4877543992491942
1.4877255662046474
1.4876976022035986
1.4876705180611296
1.4876443242881725
1.4876190311137003
1.4875946485118923
1.487571186234215
1.48754865384884
1.487527060782241
1.4875064163670093
1.487486729890367
1.4874680106386997
1.4874502676738897
1.4874335109243466
1.4874177493392342
1.4874029920594993
1.4873892476716035
1.4873765235424483
1.4873648246518874
1.4873541516384323
1.4873444976691819
1.4873358436591713
1.4873281513956667
1.487321354461027
1.4873153477805046
1.4873099783761616
1.4873050421993748
1.487300293316314
1.4872954697563694
1.4872903335445924
1.4872847135732103
1.487278535743823
1.487271831801047
1.4872647139555992
1.4872573606302903
1.4872499718414243
1.4872427464874232
1.487235865125994
1.4872294812633233
1.4872237188776236
1.4872186738928173
1.4872144178342646
1.487211002173504
1.4872084624865265
1.4872068220710026
1.4872060949408747
1.487206288206818
1.4872074039012226
1.4872094403563179
1.487212393224227
1.4872162562231035
1.4872210216779285
1.4872266809099766
1.4872336082642403
1.4872412545765752
1.4872496732709664
1.4872585046695326
1.48726830290956
1.487279006034016
1.4872905734074717
1.4873029763103933
1.4873162598937602
1.4873303128175406
1.4873451313051886
1.4873607084175349
1.4873770354931422
1.4873941028610314
1.4874119002670838
1.487430417130598
1.487449642699627
1.4874695661459298
1.4874901766238664
1.4875114633076696
1.4875334154157451
1.4875560222270972
1.4875792730929438
1.487603157445352
1.487627664803958
1.4876527847814376
1.4876785070881082
1.4877048215359001
1.487731718041839
1.48775918663112
1.4877872174398514
1.4878158007174698
1.4878449268288925
1.4878745862563898
1.487904769601213
1.487935467584985
1.48796667105087
1.4879983709645177
1.4880305584147995
1.4880632246143661
1.4880963609000026
1.488129958732812
1.4881640096982276
1.4881985055058675
1.4882334379892384
1.4882687991052994
1.4883045809338902
1.4883407756770333
1.4883773756581298
1.4884143733210282
1.488451761229016
1.4884895320636975
1.4885276786237984
1.488566193823888
1.4886050706930316
1.4886443023733777
1.4886838821186832
1.4887238032927956
1.488764059368077
1.4888046439237992
1.488845550644495
1.4888867733182813
1.4889283058351668
1.4889701421853192
1.4890122764573366
1.4890547028364955
1.4890974156029975
1.4891404091302005
1.489183677882866
1.4892272164153926
1.4892710193700678
1.4893150814753184
1.489359397543979
1.4894039624715705
1.489448771234592
1.489493818888841
1.489539100567741
1.489584611480696
1.4896303469114727
1.489676302216597
1.489722472823789
1.4897688532748512
1.489815440282023
1.4898622295357817
