0.0005087374926183473
0.0005086324350938986
0.0005085144848716221
0.0005083849589288294
0.0005082447093887843
0.0005080945148547367
0.0005079351249330663
0.0005077672660186055
0.0005075916427373839
0.0005074089388909696
0.0005072198183305195
0.0005070249258075006
0.0005068248878057268
0.0005066203133547352
0.0005064117948241098
0.000506199908698443
0.0005059852163326677
0.0005057682646876408
0.000505549587045881
0.0005053297037074599
0.0005051091226661149
0.0005048883402656635
0.0005046678418369031
0.0005044481023151631
0.0005042295868387508
0.0005040127513285249
0.0005037980430488989
0.0005035859011505374
0.0005033767571950634
0.0005031710356621092
0.0005029691544389973
0.0005027715252934218
0.0005025785543294078
0.000502390642426924
0.0005022081856654206
0.0005020315757316522
0.000501861200312038
0.0005016974434699114
0.0005015406860078942
0.000501391305815697
0.0005012496782035726
0.0005011161762216988
0.0005009911709656792
0.0005008750318683928
0.0005007681269783629
0.00050067082322483
0.0005005834866696772
0.000500506482746319
0.0005004401764857005
0.0005003849327294558
0.000500341116330335
0.0005003090923399108
0.0005002892261836216
0.0005002818838231403
0.0005002874319060602
0.0005003062379028548
0.0005003386702310615
0.0005003850983666061
0.0005004458929421677
0.0005005214258324675
0.0005006120702263282
0.0005007182006853712
0.0005008401931891297
0.0005009784251664232
0.0005011332755127407
0.0005013051245934205
0.0005014943542323512
0.000501701347685964
0.000501926489602181
0.0005021701659640718
0.0005024327640178677
0.0005027146721850499
0.0005030162799581354
0.0005033379777798643
0.0005036801569054028
0.000504043209247227
0.0005044275272023394
0.0005048335034614247
0.0005052615307996287
0.0005057120018485768
0.0005061853088492977
0.0005066818433857018
0.0005072019960983084
0.0005077461563778765
0.0005083147120386723
0.0005089080489710916
0.0005095265507733872
0.0005101705983622944
0.0005108405695623615
0.0005115368386738497
0.0005122597760191056
0.0005130097474673549
0.000513787113937905
0.0005145922308818592
0.0005154254477424121
0.0005162871073939926
0.0005171775455604662
0.0005180970902128147
0.0005190460609466866
0.0005200247683404087
0.0005210335132940792
0.0005220725863505049
0.0005231422669988526
0.0005242428229620053
0.0005253745094687472
0.0005265375685120242
0.0005277322280946696
0.0005289587014641464
0.0005302171863379721
0.0005315078641216761
0.0005328308991212849
0.0005341864377524902
0.0005355746077488158
0.0005369955173712644
0.0005384492546220858
0.0005399358864654753
0.0005414554580581585
0.0005430079919929786
0.0005445934875587505
0.0005462119200197831
0.0005478632402119951
0.0005495473725685419
0.0005512642166332088
0.0005530136448871353
0.0005547955026072056
0.0005566096073414619
0.0005584557484308809
0.0005603336865815485
0.0005622431534911934
0.0005641838515340588
0.0005661554535079718
0.000568157602447384
0.0005701899115059955
0.0005722519639124488
0.0005743433130023095
0.0005752315016975432
0.0005762111441408404
0.0005772810937647509
0.0005784396328341016
0.0005796844966630549
0.0005810129966367477
0.0005824221247844907
0.0005839086357528851
0.0005854691109883892
0.0005871000093881933
0.0005887977076249085
0.0005905585325348214
0.0005923787873642078
0.0005942547732322967
0.0005961828068472555
0.0005981592352707257
0.0006001804483450967
0.0006022428892598532
0.0006043430636280529
0.0006064775473631065
0.0006086429935836942
0.0006108361387265603
0.0006130538080098423
0.000615292920361163
0.0006175504929030718
0.0006198236450722799
0.0006221096024373601
0.0006244057002715353
0.0006267093869321063
0.0006290182270957724
0.0006313299048990584
0.0006336422270353069
0.0006359531258640574
0.0006382606625952243
0.0006405611737359322
0.0006428525079757189
0.0006451331203413034
0.0006474016054990732
0.0006496567040521299
0.0006518973079572214
0.0006541224675892411
0.0006563313997255517
0.0006585234968902129
0.0006606983384369674
0.0006628557038266519
0.0006649955886717187
0.0006671182242734924
0.0006692241015797937
0.0006713140007600462
0.0006733890279581094
0.0006754506612781127
0.0006775008087416275
0.0006795418819092813
0.0006815768902139211
0.0006836095630026344
0.0006856445091427001
0.0006876874283151735
0.0006897453946328661
0.000691827243399106
0.0006939441081725775
0.0006961101823942132
0.0006983438263762046
0.0007006692238956526
0.0007031189500237296
0.0007057381276399036
