11.0785117340109
11.1727736713871
11.266275698204295
11.358995624524363
11.450911323548366
11.542001170301791
11.632244060629043
11.721619367877194
11.810106888731834
11.897686788600165
11.984339551347622
12.070045937047096
12.154786950671166
12.238543823905925
12.32129801150972
12.40303120291958
12.48372534915906
12.563362704533956
12.64192588212839
12.719397921729396
12.795762368511545
12.871003360599978
12.945105723492748
13.018055069256029
13.089837898401127
13.160441702402268
13.229855064911193
13.29806775986103
13.365070844818083
13.430856748230319
13.495419348843019
13.55875404718226
13.620857827402874
13.681729309250724
13.741368789698663
13.799778274246972
13.856961497307989
13.91292393231358
13.967672791553067
14.02121701613852
14.073567256562214
14.12473584438809
14.174736755679694
14.223585566812776
14.271299403350534
14.317896882673065
14.363398051134736
14.407824316142944
14.451198374410396
14.493544136485847
14.534886648470744
14.575252011629003
14.614667300070977
14.653160477527765
14.69076031063654
14.727496293446256
14.7633985550856
14.798497779664501
14.83282512435868
14.86641213891747
14.899290686899787
14.931492868911688
14.963050948089247
14.993997278041682
15.02436423344236
15.054184143428921
15.083489227949162
15.112311537165372
15.140682894007426
15.168634839943628
15.196198584018004
15.223404955183792
15.25028435794497
15.276866731300752
15.303181510972449
15.32925759487733
15.35512331180097
15.380806393206923
15.40633394811161
15.431732440942126
15.457027672285664
15.482244762431502
15.507408137599583
15.532541518744038
15.557667912815319
15.582809606360831
15.607988161342716
15.633224413039844
15.658538469927933
15.68394971538791
15.709476794769301
15.735137685941678
15.760949607364603
15.786929091600362
15.813091977945705
15.839453422614149
15.866027909928107
15.892713968063692
15.91888435584205
15.944559938678756
15.969760815267279
15.994506339275016
16.018815139265662
16.04270513855859
16.066193574609272
16.089297018958412
16.11203139344048
16.134411993036593
16.15645350179666
16.178170011803854
16.199575041251737
16.220681552266257
16.24150196846196
16.2620481922214
16.282331621686915
16.3023631674544
16.322153268959166
16.341711910544777
16.36104863720642
16.380172570001534
16.39909242112108
16.417816508615974
16.4363527707742
16.45470878014495
16.472891757207407
16.49090858368227
16.508765815485507
16.526469695324327
16.544026164936334
16.56144087697353
16.578719206533634
16.59586626234167
16.612886897585557
16.62978572040989
16.646567104072567
16.663235196769513
16.679793931132927
16.696247033409033
16.712598032321456
16.728850267626783
16.74500689836886
16.761070910838797
16.77704512624757
16.792932208118497
16.808734669406586
16.82445487935217
16.840095070076057
16.855657342923458
16.871143674564006
16.88655592285504
16.901895832475432
16.91716504033691
16.932365080780134
16.947497390562162
16.962563313642434
16.977564105773695
16.992500938904698
17.00737490540093
17.022187022089803
17.036938234136432
17.05162941875601
17.06626138876873
17.08083489600288
17.095350634551753
17.10980924388978
17.124211311853163
17.138557377490077
17.152847933785438
17.16708343026506
17.181264275483837
17.195390839402457
17.20946345565703
17.223482423725844
17.237448010997362
17.251360454743317
17.265219964000824
17.279026721367128
17.2927808847105
17.306482588800748
17.320131946862663
17.3337290520555
17.34727397888162
17.360766784527197
17.374207510137868
17.38759618203201
17.40093281285432
17.414217402672175
17.42744994001724
17.440630402874636
17.453758759621962
17.466834969920225
17.479858985558888
17.492830751256893
17.505750205421656
17.518617280867886
17.53143190549791
17.544194002945243
17.556903493183018
17.569560293098874
17.582164317037734
