205247.85336
285929.18376398354
283338.30152435094
280946.14694082824
278726.4944496114
276661.53269744484
274737.55238364876
272943.0865455098
271268.08071103704
269703.497733729
268241.1097229794
266873.3734381184
265593.34528239793
264394.6169487874
263271.2632234038
262217.7978911703
261229.13561476266
260300.55852717703
259427.6866978069
258606.45185484862
257833.07388048258
257104.03968511647
256416.0841332757
255766.17274566944
255151.48594441958
254569.40464292304
254017.49701192844
253493.43630447963
252995.27069210855
252520.9891569698
252068.79547635006
251637.02779350054
251224.15006181516
250828.74400456293
250449.50154606727
250085.2176743748
249734.78370129503
249397.18089042607
249071.4744287154
248756.80771989925
248452.39698186296
248157.5261319351
247871.54194641748
247593.8494821
247323.9077490769
247061.2256247656
246805.35800028557
246555.90215062394
246312.4943205266
246074.80651824485
245842.54350975083
245615.44000570622
245393.25803389345
245175.78448962627
244962.82885672848
244754.2210916648
244549.80966329176
244349.45974082578
244153.0515226633
243960.4786984907
243771.64703741396
243586.47309498687
243404.88303174387
243226.81153648562
243052.20084739954
242880.9998642971
242713.16334580115
242548.65118496682
242387.42775772023
242229.46133817933
242074.723575677
241923.18902812497
241774.83474712158
241629.63991000707
241487.58549475105
241348.65399361192
241212.829161781
241080.09579770052
240950.43955165322
240823.8467598374
240700.3043011485
240579.79947414453
240462.31989197957
240347.85339320346
240236.38796657944
240127.91168818946
240022.41266928165
239919.87901359962
239820.29878274104
239723.65996870367
239629.9504724161
239539.15808753142
239451.27048860467
239366.27522309017
239284.15970644154
239204.91121986925
239128.51691032088
239054.96379216903
238984.2387504238
238916.3285450484
238851.21981618047
238788.89909006265
238729.3527854297
238672.6033009996
238618.52862384514
238567.22312355248
238518.63678148313
238472.7555841622
238429.5654513405
238389.05224394015
238351.20177065962
238315.999794307
238283.43203797034
238253.4841908432
238226.14191386156
238201.39084504146
238179.21660453748
238159.6047994587
238142.541028402
238128.01088573883
238115.99996564633
238106.49386588307
238099.47819136
238094.93855744184
238092.8605930889
238093.2299437295
238096.0322739804
238101.253270163
238108.87864265553
238118.8941280404
238131.2854911234
238146.03852680812
238163.1390617986
238182.57295617636
238204.32610486157
238228.3844389348
238254.7339268699
238283.3605756339
238314.25043170358
238347.38958197404
238382.76415459212
238420.36031969325
238460.16429006512
238502.1623217449
238546.34071451958
238592.6858123981
238641.18400398848
238691.8217228457
238744.58544773638
238799.46170287117
238856.4370580894
238915.49812899504
238976.63157703995
239039.82410958625
239105.0624799265
239172.33348725314
239241.62397661907
239312.9208388611
239386.21101047372
239461.48147349528
239538.71925533604
239617.91142860186
239699.0451108828
239782.10746454544
239867.0856964736
239953.96705782093
240042.73884373804
240133.38839306872
240225.9030880717
240320.2703540885
240416.4776592119
240514.51251397587
240614.36247098452
240716.0151245669
240819.4581104162
240924.67910522243
241031.66582628625
241140.40603115555
241250.88751721493
241363.0981213274
241477.02571940699
241592.65822604552
241709.98359410104
241828.9898142986
241949.66491482226
242071.9969609237
242195.97405449566
242321.58433368447
242448.81597246698
242577.6571802619
242708.09620150612
242840.12131526295
242973.72083481494
243108.88310725565
243245.59651310206
243383.84946588957
243523.63041176915
243664.92782912904
243807.73022818958
243952.02615062712
