2.4421405770009352
2.4446622949222445
2.44725151042047
2.449902987961883
2.452613243579208
2.4553790741618324
2.4581973900055867
2.4610651924060645
2.463979567482582
2.4669376819186453
2.4699367790278104
2.4729741749662675
2.4760472550700707
2.4791534703122973
2.4822903338773
2.4854554178494572
2.4886463500138465
2.4918608107662927
2.495096530130295
2.4983512848783707
2.5016228957554154
2.5049092248017364
2.5082081727734895
2.511517676658332
2.51483570728417
2.518160267018989
2.5214893875598254
2.524821127809046
2.5281535718361985
2.5314848269237924
2.5348130216954874
2.5381363043252483
2.5414528408261594
2.5447608134176862
2.5480584189702813
2.551343867526345
2.554615380896666
2.5578711913315653
2.561109540266091
2.5643286771387075
2.567526858283043
2.5707023458923537
2.573853407056484
2.5769783128711743
2.5800753376197214
2.583142758027028
2.5861788525862335
2.58918190095817
2.5921501834439904
2.595081980531403
2.5979755725150135
2.6008292391913646
2.603641259629311
2.606409912016461
2.6091334735824385
2.6118102205998004
2.6144384284634583
2.6170163718495103
2.619542324954399
2.622014561815348
2.6244313567130075
2.626790984657265
2.6290917219571535
2.6313318468757556
2.6335096403709732
2.63562338692301
2.637671375449267
2.6396519003073973
2.6415632623870717
2.6434037702909468
2.6451717416052016
2.646865504259873
2.6484833979790565
2.650023775820865
2.6514850058068764
2.652865472640561
2.654163579513967
2.6553777500017164
2.6565064300410692
2.6575480899965673
2.6585012268074424
2.659364366215676
2.660136065072247
2.660814913718769
2.6613995384413247
2.661888603992942
2.662280816180733
2.6625749245133132
2.6627697249036766
2.6628640624222712
2.662856834094554
2.6627469917368383
2.6625335448237895
2.6622155633804336
2.661792180891087
2.6612625972171036
2.6606260815148897
2.6598819751451614
2.6590296945639396
2.6580687341853615
2.656998669205928
2.6558191583794026
2.654529946731205
2.653130868200757
2.6516218481999436
2.6500029060755304
2.6482741574631614
2.646435816520343
2.644488198025687
2.642431719331571
2.640266902157379
2.6379943742104834
2.635614870622263
2.6331292351866216
2.6305384213887244
2.627843493212025
2.6250456257120693
2.6221461059592044
2.6191463312385
2.616047810798534
2.612852164684749
2.6095611230236266
2.6061765249906923
2.6027003174842664
2.599134553500132
2.5954813902035454
2.591743086696297
2.587922001477948
2.5840205896018134
2.5800413995277736
2.5759870696755667
2.5718603246838168
2.567663971381679
2.563400894481634
2.5590740520036155
2.5587936794024264
2.5582155473551604
2.557345699458202
2.5561922786675364
2.5547653941269206
2.553076662105726
2.5511388121352607
2.548965372076398
2.546570416189163
2.543968362087904
2.54117380591571
2.5382013877357115
2.53506568107709
2.5317811019919754
2.528361834027385
2.5248217662988814
2.5211744424425984
2.5174330186709626
2.5136102295012632
2.5097183599914685
2.5057692235235414
2.5017741443349646
2.4977439441247915
2.4936889321590114
2.489618898377318
2.485543109063894
2.4814703046919284
2.477408699587785
2.473365983087968
2.4693493218815354
2.4653653632434445
2.461423488283007
2.4575332519203665
2.453699701456358
2.449927396328959
2.446220407671017
2.442582320277045
2.439016231472842
2.4355247491949332
2.432109988072346
2.428773562972115
2.4255165793279168
2.4223396194382247
2.419242723748108
2.416225365904639
2.413286420082785
2.4104241186928936
2.407635998069501
2.4049188290574524
2.4022685284888703
2.3996800462867762
2.3971472211970513
2.3946625957291587
2.392217177458449
2.389800128916215
2.3873983610917335
2.3849959948428294
2.3825736381923557
2.38010740206758
2.377567536361533
2.3749165010606843
2.3721061723443664
2.3690736786734568
2.3657349774838896
2.3619745163304358
