0.025932295234814745
0.02690805124988511
0.027808364715103454
0.028625964848579752
0.02935493037842761
0.02999122918089594
0.030532813051680374
0.030979556368436526
0.03133309795740536
0.03159661438840875
0.031774550151388095
0.031872328993641286
0.03189606767218326
0.031852308837651354
0.03174778460457152
0.03158921736941715
0.0313831601552354
0.031135875461927025
0.03085324933893907
0.03054073607414671
0.030203328332105817
0.02984554757415687
0.029471449961049695
0.029084643516826738
0.028688312999875867
0.028285249599581515
0.02787788320240151
0.02746831552169713
0.027058352849436352
0.02664953757231821
0.026243177848125115
0.025840375207192845
0.025442049773231994
0.02504896317421615
0.024661739135632764
0.024280881895290547
0.02390679250949696
0.023539783303564432
0.023180090557915943
0.022827885628321467
0.02248328465539404
0.022146357015766907
0.021817132656476643
0.02149560844250996
0.021181753635492014
0.020875514609877893
0.020576818904059286
0.02028557867671654
0.02000169368207178
0.01972505377630596
0.01945554105444068
0.019193031664239673
0.018937397311982202
0.018688506545970505
0.018446225942842696
0.0182104204692603
0.017980955007692173
0.017757694403819926
0.017540504089756714
0.01732925047205358
0.017123801240060302
0.016924025607568817
0.016729794498908268
0.01654098068908498
0.01635745890620188
0.01617910590318115
0.016005800504786588
0.0158374236350168
0.01567385832914384
0.015514989733984647
0.01536070509938835
0.015210893763393992
0.015065447133082952
0.014924258662736483
0.01478722383059947
0.014654240115256189
0.014525206972383627
0.014400025812465828
0.014278599979850787
0.01416083473342739
0.014046637229063014
0.01393591650386413
0.013828583462250747
0.013724550863776422
0.0136237333125904
0.013526047248409539
0.013431410938853196
0.013339744473007117
0.013250969756005246
0.013165010504547301
0.013081792217492418
0.013001242276758949
0.012923289786446567
0.012847865678994435
0.012774902684941504
0.012704335332146799
0.01263609994498402
0.01257012106857396
0.01250624458101313
0.01244438479951156
0.012384462053278977
0.012326401717696058
0.012270133660703446
0.012215591763378128
0.012162713529137977
0.012111439736962746
0.012061714147654714
0.012013483232263769
0.011966695949930174
0.011921303545790888
0.011877259375281744
0.01183451874953214
0.011793038798949405
0.011752778352474232
0.01171369783035902
0.01167575914860724
0.011638925633489759
0.011603161944765145
0.011568434006433582
0.011534708944016477
0.01150195502749251
0.011470141619153232
0.011439239125736444
0.011409218954291329
0.011380053471309763
0.011351715964712556
0.011324180608354897
0.011297422428752367
0.011271417273767476
0.011246141783045456
0.011221573360013781
0.011197690145277812
0.011174470991280851
0.011151895438108864
0.011129943690336314
0.011108596594827026
0.011087835619415919
0.011067642832403045
0.011048000882805775
0.01102889298131878
0.011010302881939748
0.01099221486422246
0.010974613716124008
0.010957484717420406
0.010940813623659073
0.010924586650628482
0.010908790459324365
0.010893412141393843
0.010878439205035045
0.010863859561346247
0.010849661511099113
0.010835833731929818
0.010822365265934083
0.01080924550764822
0.0107964641924145
0.010784011385109494
0.01077187746923472
0.010760053136349644
0.01074852937584596
0.01073729746504807
0.010726348959631676
0.010715675684353419
0.010705269724081253
0.010695123415115382
0.010685229336794196
0.010675580303377584
0.010666169356194256
0.010656989756051307
0.010648034975896182
0.010639298693722037
0.010630774785709922
0.010622457319603032
0.010614340548301793
0.01060641890367549
0.010598686990584512
0.010591139581103321
0.010583771608942494
0.01057657816405744
0.010569554487443919
0.010562695966110385
0.010555998128222485
0.010549456638414566
0.010543067293262428
0.010536826016911112
0.010530728856853678
0.010524771979855596
0.010518951668019739
0.010513264314986925
0.010507706422267601
0.010502274595701633
0.010496965542037317
0.010491776065633885
0.010486703065271222
0.010481743531076154
0.010476894541550694
0.010472153260705466
0.010467516935291344
0.01046298289212546
0.010458548535511857
0.010454211344748466
