15.915295319008779
15.90434110420786
15.90231033254102
15.900287309469887
15.8982719592175
15.896264251510368
15.894264094925514
15.89227137714851
15.89028597906808
15.888307783429537
15.886336679870395
15.88437256767566
15.882415357119447
15.88046496994591
15.878521339336787
15.876584409584142
15.87465413560755
15.872730482395747
15.87081342443198
15.868902945128927
15.866999036293725
15.865101697630507
15.863210936286675
15.861326766437333
15.85944920891361
15.857578290864463
15.855714045454452
15.853856511588322
15.852005733660707
15.850161761331353
15.848324649312076
15.846494457174565
15.844671249168533
15.842855094048856
15.841046064912769
15.839244239041161
15.837449697744846
15.835662526213483
15.833882813369007
15.832110651715613
15.830346137194732
15.82858936903725
15.82684044961395
15.825099484288938
15.823366581265056
15.821641851437072
15.819925408233521
15.818217367462823
15.81651784715725
15.814826967412586
15.813144850229156
15.811471619349607
15.80980740009706
15.80815231921122
15.806506504682309
15.804870085586268
15.803243191920444
15.801625954436508
15.800018504473664
15.798420973794537
15.796833494417116
15.795256198452376
15.793689217939413
15.792132684681059
15.790586730085057
15.789051485001984
15.787527079568022
15.786013643046191
15.78451130367602
15.783020188517925
15.781540423305813
15.780072132299532
15.778615438142621
15.777170461719248
15.775737322018308
15.774316135999557
15.772907018461984
15.77151008191579
15.77012543646358
15.76875318967782
15.767393446486265
15.766046309062064
15.764711876715936
15.763390245796273
15.762081509589656
15.76078575822742
15.759503078598144
15.758233554263867
15.756977265380304
15.755734288624069
15.754504697120888
15.753288560383893
15.752085944249838
15.750896910827745
15.74972151844734
15.748559821614766
15.74741187097095
15.746277713256989
15.745157391283293
15.744050943903783
15.74295840599353
15.741879808433906
15.740815178100767
15.739764537854454
15.738727906539824
15.737705298985098
15.73669672601013
15.735702194434337
15.734721707091419
15.73375526284795
15.732802856624675
15.731864479422228
15.730940118351901
15.730029756666337
15.729133373799172
15.728250945401744
15.727382443388457
15.726527835982123
15.725687087762374
15.724860159718896
15.724047009304831
15.723247590495902
15.722461853847037
15.721689746556972
15.720931212531665
15.720186192448962
15.71945462382901
15.718736441101221
15.718031575677594
15.717339956025228
15.716661507740836
15.715996153625026
15.71534381375972
15.71472080334023
15.714109958650413
15.713511216260072
15.712924506845912
15.712349756688148
15.711786888614032
15.711235822604614
15.710696476189536
15.710168764707749
15.709652601489319
15.709147897981616
15.708654563847045
15.708172507039578
15.707701633869613
15.707241849062875
15.706793055814362
15.706355155841951
15.705928049437137
15.705511635518455
15.705105811683538
15.704710474262077
15.70432551837069
15.703950837967778
15.703586325909075
15.703231874004171
15.702887373073334
15.70255271300594
15.702227782817246
15.701912470707418
15.70160666412049
15.701310249801486
15.701023113856342
15.700745141809595
15.700476218663043
15.700216228953108
15.699965056808697
15.699722586008098
15.699488700035268
15.699263282135975
15.699046215372874
15.698837382679114
15.698636666912815
15.6984439509092
15.698259117532043
15.698082049724585
15.697912630559177
15.697750743285455
15.69759627137801
15.697449098582783
15.697309108152586
15.697176185354436
15.697050215012911
15.696931083096192
15.69681867462194
15.696712875865886
15.696613573663996
15.696520655448978
15.69643400928489
15.696353523900877
15.69627908872326
15.696210593906624
15.69614793036322
15.696090989791301
15.696039664702077
15.69599384844533
15.695953435233724
15.69591832016581
