-51.618406371657116
-286.62712609534003
-287.90380325572374
-288.96473879774425
-289.8070309244349
-290.42841609178805
-290.82798052587674
-291.00626531044446
-290.96523630226085
-290.7082093204109
-290.23975076883386
-289.56556109571125
-288.6923462589411
-287.62768188180985
-286.37987444766736
-284.957823441051
-283.3708877912767
-281.62875935458203
-279.7413455275533
-277.71866245766
-275.5707397366595
-273.30753695103635
-270.93887203287625
-268.47436100932686
-265.9233684877292
-263.29496803054724
-260.5979114604898
-257.84060608115806
-255.0310987910428
-252.17706609815554
-249.2858090989115
-246.3642525596258
-243.4189473247148
-240.45607536646054
-237.48145688246137
-234.50055893507817
-231.51850520995174
-228.54008654634333
-225.56977195980443
-222.61171993705804
-219.669789834118
-216.74755325178168
-213.84830529837083
-210.9750756785192
-208.13063956969458
-205.31752826573455
-202.5380395797061
-199.7942480075962
-197.08801466037463
-194.4209969753944
-191.79465821956998
-189.21027679665207
-186.66895536972214
-184.1716298080367
-181.7190779649632
-179.31192829104813
-176.95066828364133
-174.6356539213683
-172.3671146280932
-170.14516205728845
-167.96980277440068
-165.84094033332477
-163.75838439670287
-161.72185790360717
-159.7310040218881
-157.78539287455618
-155.8845280311728
-154.02785275618817
-152.21475600711494
-150.4445781766322
-148.71661657386386
-147.03013064147316
-145.38434690651067
-143.77846478756663
-142.2116565108635
-140.68307802301402
-139.19186837502562
-137.73715448537962
-136.31805452259277
-134.93368104320837
-133.58314389139196
-132.26555286888083
-130.98002018043218
-129.72566266905002
-128.50160384473133
-127.3069757195919
-126.14092045794884
-125.00259185141094
-123.89115662829484
-122.80579560866886
-121.74570471214285
-120.71009583046097
-119.69819757263544
-118.70925589213697
-117.74253460481371
-116.7973158059271
-115.87290019436286
-114.96860731172332
-114.08377570362643
-113.21776301016232
-112.36994599207586
-111.539720498878
-110.72650138468893
-109.92972237726708
-109.14883590530488
-108.38331288873475
-107.63264249642309
-106.89633187533515
-106.1739058549223
-105.46490663017806
-104.76889342654688
-104.08544214957935
-103.41414502198523
-102.75461021048723
-102.10646144466682
-101.46933762976502
-100.84289245521911
-100.2267940005209
-99.62072234116307
-99.02437724671323
-98.43746548971657
-97.85970876564281
-97.29084119037472
-96.73060891761298
-96.17879192918814
-95.63511353947953
-95.09937782604872
-94.57137496815776
-94.05090564485795
-93.53778041419501
-93.03181932844186
-92.53285158915952
-92.04071521375752
-91.55525670955392
-91.07630856071323
-90.60377909329809
-90.13751433768883
-89.67739200574069
-89.22329646066268
-88.77511869810611
-88.3327561060615
-87.89611219799907
-87.46509634750618
-87.03962352835981
-86.61961406050304
-86.20499336185776
-85.79569170587298
-85.39164398466491
-84.99278947763183
-84.59907162541326
-84.21043780907445
-83.82683913441161
-83.44823022125793
-83.07456899770573
-82.70581649914415
-82.34193667203314
-81.98289618233848
-81.62866422856311
-81.27921235931886
-80.93451429538833
-80.59454575623961
-80.2592842909613
-79.92870911359677
-79.60280094286661
-79.28154184625927
-78.96491508851268
-78.65290498446514
-78.34549675630761
-78.04267639525604
-77.74443052764481
-77.45074628548998
-77.16161118153973
-76.8770129888388
-76.59693962484994
-76.32137904015521
-76.05031911177186
-75.78374754111668
-75.52165175594612
-75.26401882122597
-75.01083534404941
-74.75995951829559
-74.51789147321202
-74.27796300502814
-74.04242577788825
-73.81126201430443
-73.58445385545689
-73.36198262771974
-73.14382869123195
-72.92997137933693
-72.72038895546208
-72.51505857648642
-72.31395626090688
-72.1170568614934
-71.92433404231345
-71.73576026003072
-71.55130674938407
-71.37094351273548
-71.1946393135839
-71.02236167391516
-70.85407687526718
