1080062.496
2751031.2034881515
2778233.156576375
2805190.771016413
2831923.9914795132
2858428.581425944
2884701.7405364183
2910742.6393744005
2936552.265857069
2962133.2384443986
2987489.5694267116
3012626.6326148254
3037550.7167884805
3062269.0073794997
3086789.369512515
3111120.1796555324
3135270.17935433
3159248.3405797817
3183063.7474936247
3206725.493651564
3230242.594063207
3253623.911263276
3276878.094368113
3300013.5299802804
3323038.3037541667
3345960.171428245
3368786.5381585346
3391524.445044006
3414180.5618028874
3436761.1846444486
3459272.2384670633
3481719.2826042203
3504107.5194256846
3526441.8051899364
3548726.6626181947
3570966.2947378466
3593164.5996073377
3615325.1855961075
3637451.3869478274
3659546.2793985927
3681612.6956693945
3703653.2406827435
3725670.306387878
3747666.0861042333
3769642.5883165235
3791601.649872104
3813544.948549739
3835474.0149799357
3857390.243909713
3879294.904812328
3901189.151849868
3923074.0332035203
3944950.499788236
3966819.413375012
3988681.554143203
4010537.627688799
4032388.2715177545
4054234.06104685
4076075.5151451714
4097913.1012387173
4119747.2400083584
4141578.309704475
4163406.6501074936
4185232.566153024
4207056.331251997
4228878.190320971
4250698.36255009
4272517.0439247945
4294334.409520121
4316150.615589631
4337965.801459582
4359780.091249398
4381593.595429257
4403406.412230192
4425218.62892023
4447030.32295422
4468841.56301397
4490652.409944119
4512462.917594886
4534273.133580566
4556083.099959244
4577892.853845783
4599702.427958545
4621511.851110327
4643321.14864754
4665130.342843113
4686939.4532466605
4708748.4969968535
4730557.489100753
4752366.442681283
4774175.36919847
4795984.27864508
4858529.10815533
4880054.893304561
4901595.565378794
4923146.565613098
4944704.677601824
4966267.631908544
4987833.827788997
5009402.136966617
5030971.7651177365
5052542.154022057
5074112.912406139
5095683.767045333
5117254.52818408
5138825.065076437
5160395.288683048
5181965.139430332
5203534.578550842
5225103.581955875
5246672.135900811
5268240.233918677
5289807.874651352
5311375.06031419
5332941.7956110835
5354508.086967766
5376073.941987652
5397639.369070076
5419204.37713799
5440768.975447683
5462333.173453355
5483896.980712054
5505460.406817227
5527023.461351616
5548586.153854126
5570148.493797737
5591710.490573104
5613272.153478439
5634833.491711162
5656394.514364798
5677955.230424272
5699515.648765583
5721075.7781540435
5742635.627244191
5764195.2045805715
5785754.518596818
5807313.577617902
5828872.389860342
5850430.963432459
5871989.306336451
5893547.426468366
5915105.331620979
5936663.029482131
5958220.527638158
5979777.833573843
6001334.954673985
6022891.898223826
6044448.671411103
6066005.281326469
6087561.734964305
6109118.0392247
6130674.20091342
6152230.226743984
6173786.123337045
6195341.897223803
6216897.554845166
6238453.1025530305
6260008.5466118
6281563.893198896
6303119.1484060045
6324674.318239719
6346229.408622676
6367784.425395147
6389339.374314041
6410894.261056058
6432449.09121678
6454003.870313516
6475558.6037839195
6497113.296988657
6518667.955211143
6540222.583659279
6561777.1874653315
6583331.771688045
6604886.341312348
6626440.901250323
6647995.456342853
6669550.011359428
6691104.570999615
6712659.139893082
6734213.722601297
6755768.323618249
6777322.947370171
6798877.598217293
6820432.280454205
6841986.998310812
6863541.755953101
6885096.55748288
6906651.406940031
6928206.308302871
6949761.26548735
6971316.282349475
6992871.362685961
7014426.5102333035
7035981.728670243
7057537.021617872
7079092.392638972
7100647.845241305
7122203.38287573
7143759.008938589
7165314.726771185
