0.02451437922765806
0.024502032113847015
0.024496466237059457
0.024491947351268237
0.024487474328641658
0.024482872132618107
0.024478111853872317
0.02447319067353562
0.024468110694686056
0.024462875189028895
0.024457487897209765
0.024451952860909516
0.024446274346748592
0.024440456786623543
0.024434504722559685
0.024428422754996987
0.024422215495084835
0.024415887521627693
0.02440944334312463
0.024402887365122417
0.024396223862898605
0.02438945695932357
0.024382590607618083
0.024375628578627052
0.02436857445216705
0.024361431611970928
0.024354203243742812
0.024346892335845687
0.02433950168216731
0.024332033886743792
0.024324491369759962
0.024316876374588996
0.02430919097557778
0.02430143708632757
0.0242936164682601
0.02428573073929685
0.02427778138251283
0.02426976975465609
0.02426169709444997
0.02425356453061665
0.02424537308957971
0.024237123702817845
0.024228817213854153
0.024220454384875533
0.02421203590298362
0.024203562386084624
0.024195034388429185
0.02418645240581654
0.024177816880478382
0.02416912820565939
0.024160386729911162
0.024151592761116412
0.02414274657025958
0.024133848394959388
0.024124898442777837
0.024115896894319335
0.024106843906132453
0.024097739616467724
0.02408858414383329
0.024079377576312018
0.02407012000534714
0.024060811505530237
0.024051452140447283
0.02404204196516302
0.024032581027992054
0.02402306937206361
0.024013507036759092
0.024003894059038605
0.02399423047466331
0.023984516319318857
0.023974751629644825
0.0239649364441749
0.02395507080419248
0.023945154754194863
0.0239351883443286
0.023925171627221537
0.023915104662570873
0.023904987515635016
0.023894820257977848
0.023884602967887258
0.023874335730709913
0.02386401863913513
0.023853651793428472
0.02384323530162934
0.023832769279706064
0.023822253851676745
0.023811689149697383
0.023801075314119995
0.023790412493523608
0.023779700844720274
0.023768940532738547
0.023758131730786787
0.023747274620197985
0.023736369390358343
0.023725416238621164
0.02371441537020786
0.023703366998097494
0.02369227134290635
0.02368112863275878
0.023669939103150597
0.02365870299680598
0.02364742056352905
0.02363609206005086
0.023624717749872785
0.023613297903106876
0.023601832796313994
0.023590322712340198
0.023578767940152023
0.023567168774671007
0.02355552551660792
0.02354383847229709
0.023532107953531084
0.023520334277395985
0.023508517766107535
0.023496658746848396
0.023484757551606422
0.023472814517014433
0.023460829984191207
0.02344880428408514
0.023436737793108273
0.023424630854452632
0.023412483824038315
0.023400297062856852
0.023388070935658027
0.023375807182639898
0.023363503641343677
0.02335116167072609
0.023338781800404083
0.023326364432603122
0.02331390995354454
0.0233014187493314
0.02328889120809998
0.02327632772020899
0.023263728678149038
0.023251093081737152
0.023238423902065364
0.023225720538884352
0.023212983236461756
0.023200212373491243
0.023187408349226803
0.023174571566890116
0.023161702431169183
0.023148801347745582
0.023135868723114326
0.02312290496444631
0.0231099104794572
0.023096885676277646
0.023083830963324056
0.023070746749169882
0.023057633442417243
0.02304449145156923
0.023031321184902576
0.023018123050340955
0.0230048974553289
0.022991644806706395
0.02297836551058413
0.02296505997221971
0.02295172859589453
0.02293837178479176
0.022924989940875298
0.022911583464769895
0.022898152755642442
0.022884698211084593
0.02287122022699689
0.02285771919747429
0.022844195514693414
0.022830649568801514
0.022817081747807277
0.022803492437473618
0.02278988202121255
0.022776250879982217
0.02276259939218623
0.02274892793357544
0.02273523687715218
0.02272152659307715
0.022707797448579006
0.02269404980786672
0.022680284032044817
0.022666500479032275
0.022652699503482587
0.022638876361832327
0.022625045934164343
0.022611195442694045
0.0225973283529663
0.022583445478782462
0.022569547224969348
0.022555633932036686
0.022541705927667494
0.02252776353436848
0.022513807070575924
0.022499836850786527
0.022485853185545496
0.022471856381416286
0.0224578467409505
0.022443824562660936
0.022429790140997937
0.022415743766329262
0.0224016857249233
0.022387616298935688
0.022373535766399204
