0.0909463441966092
0.09097593392949414
0.09100571273320492
0.09103566949479035
0.09106579303988012
0.09109607261959432
0.09112649799394112
0.09115705940907169
0.09118774775412508
0.0912185543197515
0.09124947094556544
0.09128048996656711
0.09131160419667099
0.09134280691028797
0.09137409182253703
0.0914054530685695
0.09143688518240899
0.09146838307564058
0.09149994201621969
0.09153155760761791
0.09156322576847549
0.09159494271289079
0.0916267049314434
0.09165850917301831
0.09169035242747602
0.09172223190919342
0.09175414504148494
0.09178608944190107
0.09181806290839072
0.09185006340630704
0.09188208905623055
0.09191413812257804
0.09194620900296469
0.09197830021828324
0.09201041039391433
0.09204253828941375
0.09207468273296228
0.09210684265242271
0.09213901705881004
0.09217120503991391
0.09220340575438905
0.09223561842628392
0.09226784233997776
0.09230007683549814
0.09233232130419196
0.09236457518472523
0.0923968379593879
0.09242910915068146
0.0924613883181689
0.0924936750555673
0.09252596898806556
0.09255826976984968
0.09259057708182064
0.09262289062949008
0.09265521014104008
0.09268753536553467
0.09271986607127151
0.09275220204426292
0.09278454308683602
0.09281688901634318
0.09284923966397395
0.09288159487366071
0.09291395450107051
0.09294631841267668
0.09297868648490382
0.09301105860334037
0.0930434346620135
0.09307581456272154
0.09310819821441922
0.09314058553265167
0.09317297643903347
0.09320537086076881
0.09323776873021006
0.09327016998445119
0.09330257456495364
0.09333498241720194
0.09336739349038667
0.09339980773711268
0.09343222511313073
0.09346464557709025
0.09349706909031202
0.09352949561657893
0.09356192512193286
0.09359435757452936
0.09362679294444283
0.09365923120352693
0.0936916723252775
0.09372411628470498
0.09375656305821799
0.09378901262351604
0.09382146495949126
0.09385392004613692
0.09388637786447478
0.09391883839644893
0.09395130162488477
0.09398376753341464
0.09401623610641867
0.09404870732897036
0.0940811811867867
0.09411365766618238
0.09414613675402803
0.09417861843771183
0.0942111027051045
0.09424358954452712
0.09427607894472216
0.09430857089482664
0.09434106538434797
0.09437356240314203
0.09440606194139316
0.09443856398959627
0.0944710685385406
0.09450357557929533
0.09453608510319662
0.09456859710183617
0.09460111156705131
0.09463362849091615
0.09466614786573437
0.09469866968403272
0.09473119393855625
0.09476372062226414
0.09479624972832686
0.09482878125012453
0.09486131518124599
0.09489385151548911
0.09492639024686222
0.09495893136958639
0.09499147487809896
0.09502402076705815
0.09505656903134863
0.09508911966608878
0.09512167266663865
0.09515422802860977
0.0951867857478762
0.09521934582058726
0.09525190824318197
0.09528447301240567
0.09531704012532839
0.09534960957936608
0.09538218137230418
0.09541475550232462
0.09544733196803605
0.09547991076850836
0.09551249190331162
0.09554507537256071
0.095577661176966
0.0956102493178918
0.09564283979742352
0.09567543261844541
0.09570802778473132
0.09574062530105068
0.09577322517329398
0.09580582740862166
0.09583843201564288
0.09587103900463206
0.09590364838779415
0.09593626017959331
0.09596887439716652
0.096001491060852
0.0960341101948774
0.09606673182827541
0.09609935599613414
0.09613198274135883
0.09616461211724946
0.09619724419162129
0.09622987905288034
0.09626251682190046
0.09629515767505603
0.09632780190089052
0.0963604501016221
0.09639306905159936
0.09642568967755012
0.09645831195334886
0.09649093586296834
0.09652356139260733
0.09655618852946048
0.09658881726144712
0.09662144757708839
0.09665407946541497
0.09668671291588868
0.09671934791833348
0.096751984462875
0.09678462253988766
0.09681726213994811
0.09684990325379493
0.09688254587229334
0.09691518998640465
0.09694783558715987
0.09698048266563677
0.09701313121294042
0.09704578122018631
0.0970784326784863
0.09711108557893652
0.09714373991260727
0.09717639567053481
0.09720905284371427
0.09724171142309429
0.0972743713995726
0.09730703276399238
0.09733969550713999
0.0973723596197429
