861.9098457600002
700.9906954103246
714.4163759363473
727.5982865058726
740.524491491715
753.206202939217
765.6588322380795
777.8978488767582
789.9379185821824
801.7927636413543
813.4751833830383
824.9971097286355
836.3696689903684
847.6032427247055
858.7075255774229
869.6915794455756
880.5638837582279
891.3323818927402
902.0045238573211
912.5873054343188
923.087304011052
933.5107113387627
943.8633634617125
954.1507680511978
964.3781293679157
974.550371062995
984.6721570108708
994.7479103543645
1004.7818309241419
1014.7779111827945
1024.7399508284827
1034.671570180798
1044.576222460226
1054.4572050612808
1064.3176699101707
1074.1606329886692
1083.9889830980687
1093.8054899300876
1103.612811504539
1113.413501028569
1123.210013226211
1133.0047101829264
1142.7998662021475
1152.5976755146503
1162.4002514493436
1172.2096361549475
1182.0278018204806
1191.8566548785325
1201.6980393896242
1211.5537401751942
1221.4254857169099
1231.3149508399526
1241.2237591948547
1251.1534855519594
1261.1056579214703
1271.0817595102972
1281.0832305263593
1291.1114698401225
1301.1678365117618
1311.2536511924761
1321.370197406905
1331.518722723635
1341.7004398193678
1351.9165274433178
1362.1681312857575
1372.4563647564698
1382.7823096765903
1393.1470168881674
1403.5515067847489
1413.9967697664692
1424.4837666224387
1435.0134288430918
1445.58665886515
1456.2043302512327
1466.8672878062291
1477.5763476324978
1488.3322971248801
1499.135894908209
1509.987870717332
1520.888925222254
1531.8397297982915
1542.8409262432217
1553.8931264419907
1564.9969119795664
1576.1528337033596
1587.3614112350906
1598.6231324337193
1609.938452808971
1621.3077948870318
1632.7315475280943
1644.2100651968258
1655.74366718591
1667.332636793375
1678.9772204538199
1690.6776268244298
1702.434025825955
1714.2465476391708
1726.1152816576464
1738.0402753967944
1750.0215333605931
1762.0590158659163
1774.152637825424
1786.3022674900562
1798.5077251516598
1810.7687818066356
1823.0851577819865
1835.4565213244741
1847.8824871544698
1860.3626149855554
1872.8964080114677
1885.4833113620189
1898.1227105296982
1910.8139297687017
1923.5562304689558
1936.3488095062999
1949.1907975726008
1962.0812574871984
1975.0191824930773
1988.0034945404623
2001.033042561255
2014.106600737298
2027.2228667666918
2040.3804601310956
2053.577920369091
2066.813705359034
2080.0861896165143
2093.393662610894
2106.7343271059544
2120.1062975301743
2133.5075983817137
2146.9361626743716
2160.3898304300596
2173.866347224177
2187.3633627904287
2200.8784296917147
2214.409002063752
2227.952434438966
2241.505980657332
2255.0667928720623
2268.6319206575067
2282.198310226949
2295.7628037680893
2309.3221389041664
2322.8729482885665
2336.411759340827
2349.934994131859
2363.438969426385
2376.919896890268
2390.373883470245
2403.7969319533418
2417.1849417134904
2430.533709651822
2443.838931337398
2457.096202354003
2470.30101985972
2483.4487843627485
2496.5348017197302
2509.554285359267
2522.502358734077
2535.374058004832
2548.164334955976
2560.86806014571
2573.480026288391
2585.994951869124
2598.4074849875083
2610.7122074271665
2622.9036389463386
2634.976241783641
2646.9244253711927
2658.742551247427
2670.4249381586496
2681.9658673382937
2693.3595879516624
2704.6003226907055
2715.68227350436
2726.599627446597
2737.346562623671
2747.9172542210536
2758.305880588107
2768.5066293581394
2778.513703579622
2788.321327833563
2797.923754310078
2807.3152688171454
2816.4901966925117
2825.442908589362
2834.1678261055627
2842.6594272250068
2850.912251539817
2858.9209052207884
2866.6800657040244
2874.184486060829
2881.4289990180487
2888.408941379267
2895.118439958093
2901.552685977005
2907.707608673335
2913.578094355988
2919.1595146647196
2924.4473363975967
