5.1945895296
4.507760495844182
4.553748180812375
4.596935478138769
4.638788645846215
4.6796891423732685
4.719771907521527
4.759113450940331
4.7977736291256265
4.83580517680054
4.873256120085102
4.910170598181998
4.9465893097101175
4.982549852169326
5.018087014972498
5.053233040983846
5.08801786160794
5.122469308314039
5.156613302939267
5.1904740288972455
5.22407408524674
5.257434625408962
5.290575482150462
5.3235152802948384
5.356271538469696
5.388860761057338
5.421298521391436
5.4535995371261325
5.485777738597943
5.517846330915047
5.549817850421913
5.581704216114386
5.613516776521129
5.645266352502925
5.676963276378762
5.70861742773866
5.740238266263714
5.771834861841959
5.803415922236811
5.834989818535915
5.866564608586847
5.898148058603336
5.929747663106251
5.961370663349726
5.993024064362708
6.024714650728938
6.0564490012113135
6.088233502319465
6.120074360908045
6.151977615885493
6.1839491491069545
6.215994695513548
6.248119852580731
6.280330089127164
6.312630753534715
6.3450270814226695
6.377524202817796
6.410127148856338
6.44284085805319
6.475670182166134
6.50861989168718
6.541694680982135
6.574899173106524
6.608237924315562
6.641715428290064
6.675336120095742
6.709104379891976
6.74302453640645
6.777100870188208
6.811337616652374
6.845738968929056
6.880309080526183
6.915052067816565
6.949972012359298
6.985072963061773
7.02035893819159
7.055833927245676
7.091501892682471
7.127366771522881
7.1634324768260855
7.199702899045853
7.236181907271732
7.272873350357788
7.309781057945587
7.346908841384663
7.384260494551028
7.421839794571737
7.459650502453708
7.497696363623996
7.535981108379269
7.574508452252596
7.613282096294941
7.652305727275768
7.691583017806127
7.731117626382478
7.770913197357801
7.810973360838369
7.851301732509597
7.891901913393682
7.932777489537774
7.973932031640376
8.01536909460976
8.057092217065467
8.099104920777956
8.141410710052218
8.184013071056103
8.226915471097792
8.270121357851627
8.313634158538996
8.35745727906391
8.401594103108483
8.446047991190245
8.49082227968679
8.535920279828332
8.581345276665937
8.627100528017026
8.673189263394033
8.719614682921337
8.766379956244535
8.813488221438343
8.860942583921133
8.908746115378095
8.956901852703572
9.005412796968065
9.054281912418261
9.103512125516076
9.153106324029002
9.203067356175463
9.253398029839154
9.304101111859403
9.355179327408369
9.40663535946565
9.458471848401874
9.510691391681902
9.56329654369982
9.616289815759183
9.669673676208912
9.723450550750057
9.777622822926071
9.83219283481008
9.887162887902964
9.942535244258885
9.998312127848138
10.054495726177445
10.111088192178446
10.168091646379885
10.22550817938097
10.283339854636434
10.341588711571791
10.400256769040086
10.459346029136062
10.518858481380718
10.578796107288657
10.639160885332108
10.69995479631169
10.761179829147004
10.822837987093964
10.884931294401119
10.947461803410809
11.01043160211115
11.073842822145538
11.137697647282192
11.201998322345265
11.266747162608164
11.331946563647286
11.397599011650588
11.463707094178263
11.530273511362454
11.597301087540313
11.664792783303366
11.73275170794896
11.80118113231579
11.870084501980969
11.939465450797377
12.009327814740615
12.07967564604143
12.150513227565076
12.221845087408417
12.293676013672853
12.36601106937338
12.438855607442441
12.512215285777796
12.586096082291528
12.660504309905344
12.735446631439434
12.8109300743419
12.886962045198958
12.9635503439687
13.0407031778772
13.118429174917372
13.196737396885403
13.275637351895401
13.355141022572155
13.43525471223756
13.515989621882081
13.597360926520219
13.67937858807362
13.762055021961165
13.84540315457152
13.929436431758669
