133951.07700000002
286084.872712203
287610.6544850381
289152.1372099838
290708.58398660086
292280.92864813283
293870.3842183448
295478.16948490473
297105.4353455148
298753.2289462586
300422.4676066488
302113.91798884014
303828.17989710474
305565.674596712
307326.63747016614
309111.1146912373
310918.9634852717
312749.8554731191
314603.28256484837
316478.5648726793
318374.8601428628
320291.174255825
322226.3724052269
324179.19063322706
326148.24746575515
328132.0554540957
330129.0324848088
332137.5127674612
334155.7574481505
336181.9648265413
338214.2801757097
340250.8051784206
342289.607001729
344328.72703511734
346366.1893169155
348400.00867055834
350428.198567203
352448.77872519795
354459.7824504652
356459.263715528
358445.30396918114
360416.018663739
362369.5634828333
364304.1402497411
366218.002494416
368109.4606566525
369976.88690312556
371818.7195372744
373633.46698313684
375419.71132698684
377176.1114040417
378901.40542127355
380594.41311147733
382254.03741798573
383879.2657137162
385469.1705624452
387022.9136824362
388539.73193393176
390018.9554645156
391459.9976621031
392862.3534823087
394225.5989339047
395549.3891577566
396833.4562242847
398077.60668264766
399281.7188928561
400445.74017176835
401569.6837833153
402653.62580294936
403697.70188423793
404702.10395561275
405667.0768724827
406592.9211995576
407479.965980427
408328.60008737526
409139.2465180797
409912.36456510046
410648.4466408737
411348.0151853649
412011.6196691602
412639.8336972574
413233.25222715194
413792.4889005807
414318.1734970093
414810.9495105039
415271.4718518869
415700.40467681794
416098.419339441
416466.19247042795
416804.40417746484
417113.7363656346
417394.87117457914
417648.4895289107
417875.2697979705
418075.8865607683
418251.00947171974
418401.3022226733
418527.42159661616
418630.01660843653
418709.72772811574
418767.18618177215
418803.0133260695
418817.82009160257
418812.20649099635
418786.76118761965
418742.0611209574
418678.67118486087
418597.1439550869
418498.019462692
418381.82501006394
418249.07502653264
418100.2709606964
417935.9012067759
417756.441062484
417562.3527160659
417354.08526032715
417132.0729840555
416896.74234018335
416648.50180586544
416387.74869806843
416114.86765274184
415830.2307585413
415534.20951988705
415227.1292808188
414909.3350589391
414581.15103188157
414242.88921710255
413894.85013054754
413537.3230759101
413170.5863888352
412794.90768183366
412410.54409586784
412017.7425589376
411616.7276114675
411207.74996069033
410791.01728454867
410366.7377509788
409935.11122312845
409496.32909740624
409050.57453181443
408598.02273288707
408138.8412530222
407673.1902908748
407201.22299331066
406723.0857582706
406238.91853799403
405748.8551420717
405253.02353978035
404751.5461611535
404244.5401962296
403732.1178919151
403214.38684589096
402691.4502969911
402163.4074114742
401630.35356461833
401092.38061705686
400549.57718529116
400002.0289058198
399449.81869233074
398893.0269854112
398331.73199427646
397766.00992998865
397195.93522971
396621.58077152737
396043.0180794354
395460.31751808093
394873.5484769244
394282.7795435046
393688.07866552763
393089.5133015616
392487.15056014823
391881.05732720095
391271.3003816013
390657.9464989575
390041.06254354626
389420.71554849687
388796.97279323003
388169.90181610244
387539.5705490925
386906.047263798
386269.40064001974
385629.69977072836
384987.0141659919
384341.4137474183
383692.968833585
383041.75011696125
382387.82863285503
381731.2757209434
381072.1629799683
380410.5622161869
379746.5453862002
379080.18453475693
378411.551728176
377740.7189839986
377067.7581974906
376392.74106561695
375715.73900906486
375036.8230929465
374356.0639466968
373673.53168375546
