0.0033038612185640236
0.0033004420772801473
0.0033016369928272234
0.0033022640590931783
0.003302281037620149
0.0033016538826629244
0.003300355398403983
0.0032983659213287977
0.003295672776469044
0.0032922695839426026
0.003288155556526663
0.0032833348303385967
0.0032778158416433183
0.00327161075328977
0.0032647349303252518
0.0032572064629123195
0.003249045733609749
0.0032402750263749933
0.003230918173867778
0.003221000240421419
0.0032105472377155528
0.003199585870544721
0.00318814331015999
0.0031762469930836576
0.0031639244430304884
0.0031512031141455723
0.003138110253615873
0.0031246727820583957
0.003110917190116398
0.0030968694496442076
0.0030825549384669872
0.003067998377075637
0.0030532237763725577
0.0030382543953093684
0.0030231127073984732
0.003007820375268138
0.00299239823232015
0.0029768662707688534
0.002961243635278872
0.0029455486217187083
0.0029297986801508687
0.0029140104217542356
0.0028981996290658183
0.0028823812690327074
0.0028665695086511
0.002850777732479379
0.002835018562096987
0.0028193038768558006
0.0028036448357839036
0.002788051900462497
0.002772534858487962
0.0027571028474634262
0.0027417643792519942
0.0027265273643925837
0.0027113991365451946
0.0026963864767817866
0.0026814956376468523
0.002666732366940161
0.0026521019311266064
0.002637609138236132
0.0026232583603371645
0.0026090535553658046
0.0025949982884257133
0.0025810957524760123
0.0025673487883025666
0.002553759903913323
0.0025403312932070713
0.002527064854021832
0.002513962205395457
0.002501024704285686
0.00248825346150114
0.002475649357022573
0.002463213054627437
0.0024509450159136545
0.002438845513641915
0.002426914644484313
0.002415152341161212
0.0024035583839861034
0.0023921324118431706
0.0023808739325878697
0.002369782332965808
0.0023588568879518226
0.002348096769643568
0.00233750105561805
0.002327068736884575
0.0023167987253702805
0.0023066898609726393
0.0022967409182054316
0.0022869506124724363
0.002277317605937559
0.0022678405130894777
0.0022585179058990943
0.0022493483187425375
0.0022403302529190763
0.002231462180941978
0.002222742550519893
0.002214169788301032
0.0022057423033383892
0.002197458490330309
0.0021893167326313616
0.0021813154050643034
0.002173452876497602
0.002165727512244433
0.002158137676320662
0.0021506817334615296
0.0021433580510431985
0.002136165000792783
0.0021291009604077656
0.0021221643150087437
0.0021153534584676904
0.0021086667946294585
0.002102102738414111
0.002095659716798591
0.0020893361697391284
0.002083130550940633
0.002077041328605839
0.0020710669860478535
0.002065206022254039
0.0020594569523798775
0.002053818308154588
0.002048288638250389
0.002042866508560754
0.0020375505024753464
0.002032339221044989
0.0020272312831348662
0.0020222253255411512
0.0020173200030278214
0.002012513988378577
0.002007805972365906
0.0020031946637113053
0.0019986787890092146
0.0019942570926383563
0.0019899283366270185
0.001985460082810982
0.00198105402417224
0.001976708899951357
0.0019724240074190324
0.0019681990414670363
0.0019640339844036064
0.00195992902811599
0.0019558845175579463
0.001951900908596651
0.0019479787357118339
0.0019441185867410914
0.0019403210827032688
0.0019365868614798706
0.001932916564464522
0.001929310825562369
0.0019257702621160162
0.0019222954674025933
0.0019188870044839813
0.001915545401165868
0.0019122711459452916
0.0019090646847944909
0.0019059264186597317
0.0019028567015971396
0.0018998558394547826
0.0018969240890257648
0.0018940616576130192
0.0018912687029379093
0.0018885453333699104
0.0018858916083985123
0.0018833075393267706
0.0018807930901678799
0.0018783481786707303
0.0018759726774917145
0.0018736664154591978
0.0018714291789286423
0.001869260713193182
0.0018671607239454456
0.0018651288787723342
0.0018631648086655185
0.0018612681095445064
0.0018594383437857249
0.0018576750417284157
0.0018559777031787288
0.0018543457988905658
0.00185277877201712
0.0018512760395349576
0.001849836993638951
0.0018484610030964966
0.001847147414566007
0.0018458955609363945
0.0018447047410760135
0.0018435742428515268
0.0018425033308282824
0.0018414912659485182
0.0018405372877361348
0.0018396406217375662
0.0018388004805222442
0.0018380160646500952
0.0018372865635987747
0.001836611156658216
0.0018359890137884922
0.0018354192964479064
0.0018349011583877152
0.0018344337464179924
0.001834016201144983
0.001833647657682777
0.0018333272463392748
