526187.0235821999
265407.0925757409
265933.82064792875
266836.61905069643
267969.9611917604
269235.55543316266
270579.8037828757
271965.4982056542
273368.07370309636
274771.31767670834
276164.6225679336
277541.1876462237
278896.8225908801
280229.1361213121
281536.9796357459
282820.05924310395
284078.6653464817
285313.4792935288
286525.4383037975
287715.6372777332
288885.25983719877
290035.52956353145
291167.67544851336
292282.90744859906
293382.40025891253
294467.2831020568
295538.6325866252
296597.46956559195
297644.75693450123
298681.40032468695
299708.2484653427
300726.09585809184
301735.6844216975
302737.7066734395
303732.8079457899
304721.58920044475
305704.6104873976
306682.39345369337
307655.42388682
308624.153878581
309589.005346825
310550.3713029976
311508.6188643043
312464.0905357403
313417.1064204799
314367.9660841672
315316.9499292864
316264.32084333414
317210.3257035593
318155.19604207383
319099.15010572074
320042.3933474611
320985.1195988109
321927.51195881306
322869.7435973679
323811.9785833823
324754.37248296564
325697.0734979118
326640.22223214863
327583.9528836062
328528.393482833
329473.6665087332
330419.8892207961
331367.17403709906
332315.6290297706
333265.3581237909
334216.4615004041
335169.03578076366
336123.1746321167
337078.9682038632
338036.5044320794
338995.8685494465
339957.14337932516
340920.4100164593
341885.74728700035
342853.23177799885
343822.9396527672
344794.9441407393
345769.3185234663
346746.13385093585
347725.4603668653
348707.3677465321
349691.9243457569
350679.1979871414
351669.2557810195
352662.1644434209
353657.98979617096
354656.7977724914
355658.65385230386
356663.6233915755
357671.771542494
358683.1635578724
359697.864566002
360715.93997659936
361737.45532831264
362762.4764745439
363791.0695424187
364823.30110929225
365859.2382174361
366898.94845679705
367942.4999613601
368989.96145306266
370041.4028879589
371096.89438117517
372156.5072174349
373220.3134546029
374288.3862559239
375360.7997024696
376437.62899100315
377518.95049330895
378604.84173438424
379695.381486729
380790.64991149644
381890.7283824784
382995.6998904927
384105.6488692053
385220.6608991508
386340.8236197892
387466.2260752806
388596.9590863126
389733.11511986016
390874.7885870631
392022.07550552336
393175.074000753
394333.88409563
395498.60769532627
396669.3489586242
397846.2139096893
399029.31089413405
400218.75043201726
401414.64533149905
402617.1105939545
403826.26365752827
743728.1929589717
739832.2745041741
736121.6474670582
732590.318060053
729232.2490119709
726041.4751409492
723012.1723825834
720138.6972400188
717415.6077411654
714837.6747622113
712399.8836278247
710097.4342332627
707925.733488169
705880.3931033476
703957.2200043657
702152.2088250177
700461.5345159986
698881.5435156057
697408.7468533427
696039.8117985673
694771.5544844199
693600.9332579472
692525.0415301707
691541.1012551223
690646.4568252107
689838.5690826876
689115.0102206089
688473.4575665334
687911.6894232744
687427.580314988
687019.095413044
686684.2877853353
686421.2932501805
686228.3272030381
686103.6804329633
686045.7162497748
686052.8669382862
686123.630657543
686256.5688909086
686450.3028664179
686703.5128314921
687014.9332637393
687383.3518794742
687807.6070552436
688286.5861091979
688819.2232514919
689404.4973655719
690041.4309562604
690729.0884792523
691465.2360561537
692251.6849480259
693086.2874889959
693969.6289278347
694898.2414345155
695872.7731711803
696892.5507595949
697956.9372529702
699065.3319810334
700217.1727318066
701411.937530795
702649.1490710591
703928.3797293416
705249.2610334364
706611.4971753496
708014.8869829577
709459.3593332428
710945.034632256
