0.007087387250517191
0.00666447269056262
0.006580080870829339
0.00650804463386797
0.0064399942408049715
0.006375597428068893
0.006314705585221371
0.006257159291961197
0.0062027892382876875
0.006151420854529021
0.006102878005970394
0.006056985821910728
0.0060135728645168435
0.005972472732817123
0.005933525232473483
0.0058965771945906475
0.005861483014426081
0.005828104967089612
0.005796313346817466
0.005765986467640474
0.005737010556307542
0.005709279562663146
0.005682694908060014
0.005657165188600606
0.005632605846881911
0.0056089388233370365
0.005586092196126159
0.005563999816749634
0.005542600947074507
0.005521839902233035
0.005501665702827486
0.005482031739025639
0.00546289544842935
0.005444218009020968
0.0054259640480198755
0.005408101367098264
0.0053906006840964875
0.005373435391133424
0.005356581328815163
0.005340016576097363
0.005323721255246115
0.005307677351262048
0.005291868545077497
0.005276280059802148
0.005260898519275568
0.005245711818180367
0.005230709002976657
0.0052158801629331114
0.005201216330551231
0.005186709390705153
0.005172351997848495
0.0051581375006717065
0.00514405987362558
0.005130113654760645
0.005116293889365751
0.005102596078921875
0.0050890161349204195
0.005075550337126231
0.005062195295896059
0.005048947918192217
0.0050358053769586405
0.00502276508355261
0.005009824662950161
0.00499698193146589
0.00498423487674979
0.004971581639843701
0.00495902049909874
0.004946549855772281
0.004934168221139527
0.0049218742049689885
0.004909666505225546
0.00489754389887678
0.00488550523369021
0.004873549420919603
0.004861675428788151
0.004849882276685262
0.004838169030001958
0.004826534795536953
0.004814978717412604
0.00480349997344567
0.004792097771923693
0.004780771348742683
0.004769519964866385
0.004758342904071462
0.004747239470946939
0.004736208989119273
0.004725250799677572
0.0047143642597764135
0.004703548741395886
0.004692803630240809
0.004682128324763208
0.004671522235293566
0.004664200580413628
0.004659218084620342
0.004655882675068379
0.004653707086695144
0.004652348452540941
0.004651565424640063
0.004651188067776753
0.004651096705199569
0.004651207042700034
0.004651459701756264
0.004651812851970936
0.004652237023600933
0.004652711454337375
0.004653221516191525
0.004653756902955662
0.004654310353328455
0.0046548767513495395
0.004655452492625203
0.004656035037799639
0.004656622597943806
0.004657213912885639
0.0046578080950230435
0.004658404519274352
0.004659002745536461
0.004659602464047729
0.004660203456889605
0.004660805570859717
0.004661408698357444
0.004662012763915271
0.004662617714708207
0.004663223513866417
0.004663830135762911
0.004664437562693074
0.004665045782534847
0.004665654787099959
0.004666264570972176
0.004666875130688561
0.004667486464162631
0.004668098570277832
0.004668711448601027
0.004669325099180751
0.004669939522404906
0.004670554718900528
0.004671170689463211
0.004671787435007354
0.004672404956531024
0.004673023255091362
0.004673642331787117
0.004674262187746413
0.004674882824118093
0.004675504242065685
0.0046761264427631006
0.004676749427391646
0.0046773731971378445
0.004677997753192047
0.004678623096747323
0.004679249228998716
0.0046798761511428165
0.004680503864377319
0.00468113236990082
0.004681761668912626
0.004682391762612677
0.004683022652201377
0.004683654338879675
0.004684286823848905
0.004684920108310843
0.004685554193467647
0.004686189080521874
0.004686824770676485
0.004687461265134823
0.0046880985651006225
0.004688736671778019
0.004689375586371542
0.004690015310086111
0.0046906558441270835
0.004691297189700194
0.004691939348011582
0.004692582320267847
0.004693226107675959
0.0046938707114433055
0.004694516132777749
0.004695162372887512
0.004695809432981255
0.0046964573142680875
0.004697106017957486
0.004697755545259427
0.004698405897384231
0.004699057075542681
0.004699709080945962
0.004700361914805687
0.004701015578333876
0.0047016700727429495
0.004702325399245762
0.004702981559055538
0.004703638553385932
0.004704296383450979
0.004704955050465121
0.004705614555643167
0.004706274900200327
0.004706936085352182
0.0047075981123146865
0.004708260982304172
0.004708924696537292
0.004709589256231126
0.004710254662603025
0.0047109209168707325
0.00471158802025232
0.0047122559739661675
