-133.0835652617667
8.482569426848876
8.466109616475212
8.41388506865847
8.319097523284958
8.187234098464542
8.025298353972312
7.83971779753212
7.636039984359091
7.418984044529139
7.192548958588858
6.960118411231103
6.7245520038517315
6.488262779072028
6.253282818232222
6.0213187603640925
5.79379886102683
5.571912953234423
5.356646446343259
5.148809308310541
4.949060818645585
4.7579307485585565
4.5758375165926
4.4031037785623335
4.239969836441576
4.086605189362099
3.943118498797388
3.8095661974478796
3.685959935899099
3.5722730314810014
3.4684460589023978
3.374391701455372
3.2899989640192517
3.215136834360833
3.1496574667552157
3.093398951393371
3.0461877241099886
3.007840663351669
2.9781669148503975
2.9569694789274443
2.9440465906509816
2.93919291903069
2.94220060795087
2.952860178593692
2.97096131052166
2.996293516376407
3.0286467232674674
3.0678117722422362
3.1135808458191936
3.1657478323285524
3.2241086347061585
3.288461430466965
3.3586068887677847
3.4343483497378227
3.5154919706612255
3.601846843020936
3.6932250839590357
3.7894419052818984
3.890315662777361
3.9956678882726098
4.105323306602639
4.21910983938919
4.336858597323338
4.458403862444862
4.58358306173959
4.712236733229461
4.844208485596013
4.979344952257021
5.1174957407123
5.258513377879769
5.402253252076429
5.548573552196405
5.697335204605606
5.848401808192944
6.001639567981912
6.156917227644199
6.31410600124191
6.47307950446395
6.633713685607648
6.795886756519424
6.959479123692763
7.124373319689767
7.290453935034927
7.457607550723222
7.625722671456039
7.794689659705899
7.964400670714573
8.13474958849266
8.305631962908468
8.476944947916923
8.648587240998625
8.820459023852589
8.992461904390703
9.164498860076758
9.336474182643508
9.508293424224055
9.67986334492662
9.851091861879466
10.021887999771348
10.19216184290889
10.361824488819657
10.530788003405808
10.698965377687529
10.866270486133867
11.032618046615207
11.197923581975717
11.362103383263305
11.525074474611857
11.686754579802518
11.8470620905154
12.005916036285713
12.163236056176878
12.318942372189625
12.472955764410923
12.625197547925714
12.775589551494543
12.924054098018628
13.070513986795637
13.214892477578495
13.357113276451352
13.497100523530174
13.634778782488995
13.770073031931235
13.902908658598927
14.0332114524375
14.160907603502467
14.28592370072716
14.408186732531755
14.527624089287547
14.644163567617131
14.757733376532393
14.868262145391132
14.975678933664804
15.0799132424984
15.180895028039902
15.2785547165193
15.372823221046993
15.463631960099203
15.550912877659778
15.634598464972088
15.714621783857561
15.790916491560187
15.863416867047098
15.932057838724665
15.996775013493574
16.05750470707458
16.114183975540886
16.166750647966747
16.215143360114865
16.259301589069533
16.29916568872429
16.334676926022205
16.365777517844016
16.39241066844033
16.414520607288136
16.43205262726274
16.44495312299293
16.453169629291246
16.4566508595174
16.455346743757286
16.449208466679273
16.438188504943586
16.42224066402708
16.40132011433392
16.375383426466477
16.34438860551827
16.308295124276974
16.2670639552068
16.2206576010984
16.169040124279263
16.11217717427366
16.050036013830017
15.982585543219075
15.909796322738709
15.831640593357461
15.748092295447623
15.659127085573667
15.56472235131738
15.464857224130672
15.359512590232463
15.248671099579964
15.132317172955455
15.010437007253865
14.883018579039007
14.750051646486627
14.611527749845218
14.46744021055198
14.317784129178994
14.162556382395064
14.001755619145833
13.835382256275851
13.663438473831448
13.485929056709058
13.30285728214898
13.114232604034449
12.920064058862243
12.720362280884597
12.51513995207734
12.304411493073552
12.088193070018951
-133.0835652617667
8.482569426848876
8.466109616475212
8.41388506865847
8.319097523284958
8.187234098464542
8.025298353972312
7.83971779753212
7.636039984359091
7.418984044529139
7.192548958588858
6.960118411231103
6.7245520038517315
6.488262779072028
6.253282818232222
6.0213187603640925
5.79379886102683
5.571912953234423
5.356646446343259
5.148809308310541
4.949060818645585
4.7579307485585565
4.5758375165926
4.4031037785623335
4.239969836441576
4.086605189362099
3.943118498797388
3.8095661974478796
3.685959935899099
3.5722730314810014
3.4684460589023978
3.374391701455372
3.2899989640192517
3.215136834360833
3.1496574667552157
3.093398951393371
3.0461877241099886
3.007840663351669
2.9781669148503975
2.9569694789274443
2.9440465906509816
2.93919291903069
2.94220060795087
2.952860178593692
2.97096131052166
2.996293516376407
3.0286467232674674
3.0678117722422362
3.1135808458191936
3.1657478323285524
3.2241086347061585
3.288461430466965
3.3586068887677847
3.4343483497378227
3.5154919706612255
3.601846843020936
3.6932250839590357
3.7894419052818984
3.890315662777361
3.9956678882726098
4.105323306602639
4.21910983938919
4.336858597323338
4.458403862444862
4.58358306173959
4.712236733229461
4.844208485596013
4.979344952257021
5.1174957407123
5.258513377879769
5.402253252076429
5.548573552196405
5.697335204605606
5.848401808192944
6.001639567981912
6.156917227644199
6.31410600124191
6.47307950446395
6.633713685607648
6.795886756519424
6.959479123692763
7.124373319689767
7.290453935034927
7.457607550723222
7.625722671456039
7.794689659705899
7.964400670714573
8.13474958849266
8.305631962908468
8.476944947916923
8.648587240998625
8.820459023852589
8.992461904390703
9.164498860076758
9.336474182643508
9.508293424224055
9.67986334492662
9.851091861879466
10.021887999771348
10.19216184290889
10.361824488819657
10.530788003405808
10.698965377687529
10.866270486133867
11.032618046615207
11.197923581975717
11.362103383263305
11.525074474611857
11.686754579802518
11.8470620905154
12.005916036285713
12.163236056176878
12.318942372189625
12.472955764410923
12.625197547925714
12.775589551494543
12.924054098018628
13.070513986795637
13.214892477578495
13.357113276451352
13.497100523530174
13.634778782488995
13.770073031931235
13.902908658598927
14.0332114524375
14.160907603502467
14.28592370072716
14.408186732531755
14.527624089287547
14.644163567617131
14.757733376532393
14.868262145391132
14.975678933664804
15.0799132424984
15.180895028039902
15.2785547165193
15.372823221046993
15.463631960099203
15.550912877659778
15.634598464972088
15.714621783857561
15.790916491560187
15.863416867047098
15.932057838724665
15.996775013493574
16.05750470707458
16.114183975540886
16.166750647966747
16.215143360114865
16.259301589069533
16.29916568872429
16.334676926022205
16.365777517844016
16.39241066844033
16.414520607288136
16.43205262726274
16.44495312299293
16.453169629291246
16.4566508595174
16.455346743757286
16.449208466679273
16.438188504943586
16.42224066402708
16.40132011433392
16.375383426466477
16.34438860551827
16.308295124276974
16.2670639552068
16.2206576010984
16.169040124279263
16.11217717427366
16.050036013830017
15.982585543219075
15.909796322738709
15.831640593357461
15.748092295447623
15.659127085573667
15.56472235131738
15.464857224130672
15.359512590232463
15.248671099579964
15.132317172955455
15.010437007253865
14.883018579039007
14.750051646486627
14.611527749845218
14.46744021055198
14.317784129178994
14.162556382395064
14.001755619145833
13.835382256275851
13.663438473831448
13.485929056709058
13.30285728214898
13.114232604034449
12.920064058862243
12.720362280884597
12.51513995207734
12.304411493073552
12.088193070018951
