13.19093
4.755791337523674
4.747198634961002
4.740641082387545
4.735149158877564
4.730136458562636
4.725323136588112
4.7205283453391
4.715641969085842
4.710598417665102
4.705360857624866
4.699911218184232
4.6942437014995
4.688360480436388
4.682268817799386
4.675979116939658
4.669503597404706
4.66285540578845
4.656048002719379
4.649094761083281
4.642008698200967
4.63480231035726
4.62748746511704
4.620075357638686
4.6125764760499015
4.60500061465503
4.597356877909267
4.589653715166489
4.5818989499470675
4.5740998052207384
4.566262957446257
4.558394558477511
4.550500275742635
4.542585332247917
4.5346545308700215
4.526712292003028
4.51876268359119
4.5108094493937045
4.502856026399781
4.49490558111469
4.48696102155842
4.479025021194507
4.471100044193964
4.463188347458191
4.455292017880225
4.447412959325665
4.439552934424807
4.431713559454063
4.423896317474981
4.416102574639368
4.40833358424961
4.40059049887036
4.392874374078492
4.385186178583415
4.377526804791671
4.369897069093035
4.362297714355085
4.354729424604031
4.3471928252516125
4.339688482742258
4.332216920577259
4.324778608281941
4.317373974667041
4.310003412771549
4.30266727023337
4.295365865928035
4.288099483419513
4.280868383492629
4.273672788196041
4.266512903105945
4.259388905910102
4.252300954111996
4.245249179578425
4.238233704150326
4.231254625648504
4.224312023052125
4.217405969589303
4.210536517076811
4.203703706826037
4.196907564807914
4.190148110911612
4.183425352337226
4.176739289315642
4.1700899069287045
4.163477187991647
4.1569011098387865
4.150361638137209
4.1438587343331985
4.137392356122547
4.13096245131204
4.12456897087786
4.118211852158885
4.111891042321641
4.105606473597938
4.099358080738449
4.093145793029676
4.086969542504823
4.080829256476567
4.074724861611865
4.068656283058925
4.062623449422343
4.0566262821307335
4.050664703846835
4.044738644719847
4.038848025075588
4.03299277530683
4.027172817091299
4.021388080629141
4.015638494892383
4.0099239881149575
4.004244492797051
3.998599943501683
3.9929902713987864
3.9874154193412434
3.981875319465394
3.9763699198468343
3.970899159398424
3.96546298492745
3.9600613481291473
3.9546941977821444
3.949361490928635
3.944063178447459
3.9387992281728974
3.933569598322176
3.9283742531920276
3.9232131671162094
3.9180863057765922
3.9129936518597197
3.907935181696123
3.902910876703364
3.897920720008703
3.892964704648365
3.888042822692492
4.523407331876646
4.509658113867658
4.496045274057194
4.482590933019303
4.469309094301183
4.4562084888919316
4.443294345144853
4.430569544464804
4.418035386235859
4.405692054867028
4.393538979571267
4.381575031123549
4.369798682054971
4.358208117484861
4.346801298002854
4.33557602507101
4.324529967661302
4.313660711680229
4.30296576036467
4.2924425683275516
4.282088555210886
4.271901106602047
4.261877591641412
4.252015371783937
4.2423118056122835
4.232764257432882
4.223370091128053
4.214126696112872
4.205031470936548
4.196081827150999
4.187275216564077
4.178609099092423
4.170080970534958
4.161688349483137
4.153428791829217
4.145299879819263
4.137299229887169
4.129424494356109
4.121673354311274
4.1140435243960845
4.106532769487336
4.09913886969263
4.0918596494326005
4.084692971979846
4.077636731430752
4.070688855863569
4.063847316091023
4.05711011192969
4.050475274633175
4.04393114499391
4.0374952661606445
4.031156070065275
4.024921597406894
4.018770359763605
4.012710428975176
4.006740086816413
4.000857640587705
3.9950614433798664
3.9893498804441974
3.983721384854258
3.9781744286726073
3.972707545844264
3.9673193311466686
3.9620084616442606
3.9567737196464146
3.9516140420782757
3.946528587334893
