-2.4807222906516957
-1.5838196976344403
-1.5789472766247183
-1.5742574492898753
-1.5697381968647175
-1.5653866233358886
-1.5612007204788407
-1.55717818647243
-1.5533163021161274
-1.5496119667048196
-1.5460617568638257
-1.542661985560056
-1.5394087562607022
-1.5362980106623982
-1.5333255695359727
-1.530487166874025
-1.5277784779045234
-1.5251951417703773
-1.5227327797533157
-1.5203870099261652
-1.518153459049877
-1.5160277724263038
-1.5140056223008103
-1.512082715285219
-1.5102547991557984
-1.5085176692783415
-1.506867174828703
-1.5052992248995476
-1.5038097945391413
-1.5023949305681072
-1.501050758073315
-1.4997734851840991
-1.4985594092263888
-1.4974049218659478
-1.4963065141218075
-1.4952607805842564
-1.494264424130465
-1.4933142592854265
-1.4924072155222041
-1.491540339987497
-1.4907107997088835
-1.489915883278542
-1.4891530020205126
-1.4884196906479241
-1.487713607426752
-1.4870325338837833
-1.4863743739139432
-1.4857371528839864
-1.485119015670656
-1.4845182249449544
-1.4839331586985178
-1.4833623075933564
-1.4828042723544963
-1.4822577602105356
-1.4817215820582341
-1.4811946471760067
-1.4806759620998673
-1.4801646248227496
-1.4796598212683472
-1.4791608211635665
-1.4786669738429163
-1.4781777040084783
-1.477692507466716
-1.4772109468627879
-1.476732647432734
-1.4762572927922049
-1.475784620777978
-1.4753144193599388
-1.4748465226373901
-1.4743808069334596
-1.4739171870002918
-1.4734556123454225
-1.472996063688803
-1.4725385495592258
-1.4720831030362986
-1.4716297786439032
-1.471178649399063
-1.4707298040186054
-1.4702833442864918
-1.4698393825806146
-1.469398039559579
-1.468959442007216
-1.4685237208318092
-1.4680910092168933
-1.4676614409187618
-1.467235148705613
-1.46681226294241
-1.4663929102393567
-1.4659772124019235
-1.4655652852267207
-1.4651571236507557
-1.464753170793691
-1.4643531774023926
-1.4639573409467446
-1.4635657351023064
-1.4631784232209712
-1.4627954578404188
-1.462555677492814
-1.4630932360400979
-1.4636218477453198
-1.4641417875450713
-1.464653301501624
-1.4651566210481648
-1.4656519668391015
-1.466139548847369
-1.4666195699193152
-1.4670922146150092
-1.4675576736846994
-1.468016120936216
-1.4684677255463885
-1.4689126501890948
-1.4693510514557806
-1.4697830802330805
-1.4702088820433086
-1.4706285973515285
-1.4710423618441963
-1.4714503066820221
-1.4718525587308544
-1.472249240772645
-1.472640471699108
-1.4730263666902272
-1.4734070373788892
-1.4737825920036347
-1.474153135550742
-1.4745187698864508
-1.47487959388123
-1.4752357035258221
-1.4755871920404937
-1.4759341499785503
-1.4762766653237993
-1.4766148235828203
-1.476948707873062
-1.4772783990063225
-1.4776039755684005
-1.4779255139953136
-1.47824308864606
-1.4785567718722532
-1.4788666340850158
-1.4791727438191542
-1.4794751677947757
-1.4797739709765807
-1.480069216630927
-1.4803609663808641
-1.4806492802588498
-1.4809342167579895
-1.4812158328813005
-1.4814941841891172
-1.481769324844835
-1.4820413076595649
-1.482310184134378
-1.4825760045020404
-1.482838817766681
-1.483098671742191
-1.4833556130898908
-1.483609687354002
-1.4838609389968784
-1.4841094114321578
-1.4843551470576806
-1.4845981872865137
-1.4848385725774647
-1.4850763424643791
-1.4853115355844175
-1.4855441897053752
-1.4857743417523084
-1.4860020278330484
-1.4862272832626684
-1.4864501425877459
-1.486670639609199
-1.4868888074045454
-1.4871046783495168
-1.4873182841389656
-1.4875296558067426
-1.487738823745312
-1.4879458177245173
-1.4881506669095794
-1.4883533998788079
-1.4885540446402714
-1.4887526286484933
-1.4889491788199711
-1.4891437215485803
-1.4893362827203338
-1.489526887727573
-1.489715561482752
-1.489902328431818
-1.490087212567017
-1.4902702374393224
-1.4904514261704305
-1.4906308014644203
-1.490808385618979
-1.4909842005360434
-1.491158267732743
-1.4913306083508011
-1.4915012431672128
-1.4916701926029265
-1.4918374767325255
-1.492003115292757
-1.4921671276911979
-1.4923295330146993
-1.4924903500370554
-1.492649597227094
