2141.5705904592105
1560.6810183637865
1548.300282552109
1536.6053827161656
1525.6203162489821
1515.308204615488
1505.6225659521206
1496.5181766941284
1487.9531395774948
1479.8890632235314
1472.2908474929254
1465.126400602529
1458.3663601456637
1451.9838339701323
1445.9541638569362
1440.2547116275564
1434.8646663326974
1429.7648708618078
1424.9376662382901
1420.3667518993718
1416.0370603490414
1411.9346446890136
1408.0465776606668
1404.3608609600726
1400.8663437131129
1397.5526491150242
1394.4101083466787
1391.4297009782686
1388.6030011595624
1385.9221289751533
1383.3797064137118
1380.9688174628668
1378.6829718968243
1376.516072372805
1374.462384495701
1372.5165095484815
1370.6733596195947
1368.9281348882769
1367.2763028549523
1365.713579326972
1364.2359109904398
1362.839459416922
1361.5205864300885
1360.2758402852314
1359.1019438432024
1357.9957824708852
1356.954393771845
1355.974957741165
1355.0547877202882
1354.1913220234821
1353.3821161782487
1352.624835727539
1351.917249546587
1351.2572236316603
1350.6427153219654
1350.0717679195618
1349.5425056753218
1349.0531291119064
1348.601910657229
1348.1871905643752
1347.8073730959036
1347.4609229524713
1347.1463619274073
1346.8622657704254
1346.6072612450846
1346.3800233659058
1346.1792728021721
1346.003773436576
1345.8523300677514
1345.7237862466814
1345.617022237704
1345.5309530956597
1345.4645268512686
1345.416722797549
1345.3865498705645
1345.3730451183626
1345.3752722523502
1345.3923202758901
1345.423302185191
1345.4673537379892
1345.523632285843
1345.5913156661384
1345.669601150231
1345.7577044443653
1345.8548587402865
1345.9603138126786
1346.073335160716
1346.1932031913086
1346.3192124416967
1346.4506708392548
1346.5868989965343
1346.727229539681
1346.8710064685185
1347.017584546684
1347.1663287203712
1347.3166135642355
1347.4678227532686
1347.6193485593735
1347.7705913715874
1347.9209592389266
1348.069867434877
1348.2167380426893
1348.3609995606464
1348.5020865265592
1348.6394391608071
1348.7725030272802
1348.9007287116315
1349.0235715163108
1349.140491171885
1349.2509515641952
1349.3544204769294
1349.4503693492563
1349.5382730481529
1349.6176096551558
1349.6878602672275
1349.7485088115056
1349.799041873712
1349.8389485400419
1349.8677202523236
1349.8848506763431
1349.8898355831618
1349.8821727433465
1349.8613618340073
1349.8269043585394
1349.7783035790392
1349.7150644613116
1349.6366936324298
1349.5426993508227
1349.432591488837
1349.3058815277836
1349.1620825654163
1349.000709335855
1348.8212782419114
1348.6233073998285
1348.406316696406
1348.1698278584743
1347.9133645347172
1347.636452389805
1347.3386192107785
1347.0193950256476
1346.678312234147
1346.314905750551
1345.928713158479
1345.5192748775573
1345.0861343418385
1344.6288381897957
1344.1469364657594
1343.6399828325648
1343.1075347952167
1342.5491539353145
1341.9644061559625
1341.352861936852
1340.7140965992035
1340.0476905801493
1339.3532297162126
1338.630305535377
1337.8785155573207
1337.097463601256
1336.286760100846
1335.4460224255738
1334.5748752079487
1333.672950675845
1332.7398889892595
1331.7753385807196
1330.7789564985121
1329.7504087519028
1328.6893706574224
1327.5955271852838
1326.468573304941
1325.3082143287584
1324.114166252719
1322.8861560930513
1321.6239222176291
1320.3272146709407
1318.9957954914084
1317.62943901978
1316.2279321973144
1314.7910748524039
1313.3186799743012
1311.810573972558
1310.2665969207728
1308.68660278322
1307.0704596229357
1305.4180497897898
1303.729270087111
1302.0040319153943
1300.2422613916424
1298.4438994428745
1296.6089018724062
1294.737239397446
1292.8288976566428
1290.8838771862163
1288.9021933633608
1286.8838446596822
1284.8289362075045
1282.7375368674866
1280.6096462296634
1278.4453873460766
1276.2448614373898
1274.0081831765465
