25.58383
21.328450875982377
21.49715624176498
21.665690422579186
21.832759556836884
21.998297902922793
22.16240584380512
22.325191355030107
22.486745844516165
22.647140543201743
22.80642664808591
22.964636637344363
23.12178622145887
23.277876682965875
23.43289741087792
23.586828469202352
23.7396430746048
23.891309895042536
24.041795114998376
24.191064240767965
24.339083640893758
24.485821831731922
24.63125052770753
24.775345480723217
24.91808713499277
25.05946112286454
25.199458625454017
25.338076619033604
25.47531802551647
25.611191808330386
25.745712864363004
25.878902130330424
26.010786378629586
26.14139806796235
26.270775167912223
26.398961012267993
26.526003922053757
26.65195702977342
26.77687796788962
26.900828563918807
27.023874522354557
27.146085096715673
27.26753275474115
27.388292839996982
27.508443232766705
27.628064028116025
27.747237145214406
27.866046090491594
27.98457558892774
28.10291129287302
28.22113949064701
28.339346873773163
28.457620222826023
28.57604621994756
28.694709846483903
28.813699732645564
28.93309964985724
29.05299395051537
29.173466046263048
29.29459831174194
29.416472012089486
29.5391672541165
29.662762960781386
29.787336868900713
29.912965549207687
30.039724448609512
30.16768795384292
30.296929475973542
30.427521554993987
30.559535983931138
30.6930439517109
30.8281162041838
30.96482322264933
31.10323541932382
31.2434233492278
31.385457938082546
31.52941072582784
31.67535412553064
31.82336169755467
31.973508438957214
32.125871088233666
32.28052844568664
32.437561709825395
32.59705483040009
32.75909487882599
32.923772437101576
33.09118200435071
33.26142243309571
33.43459736818512
33.61080087083914
33.7901922717254
33.97284792252494
34.15891061001592
34.34851569320419
34.54180663919829
34.738935701711846
34.940064645003865
35.14536551868414
35.35502148822657
35.38133021308553
35.35578686315173
35.330896827709545
35.3066498323545
35.28304033063812
35.260055770104366
35.23768585764648
35.21592008666999
35.19474799393701
35.174158130247086
35.154140239890204
35.1346831788622
35.115775933374735
35.097407482536056
35.07956682199579
35.0622429851995
35.0454250624949
35.02910221819604
35.01326370584574
34.99789888176689
34.982997217037756
34.96854830804945
34.9545418857358
34.94096782358193
34.92781614453529
34.91507702686931
34.90274080913526
34.89079799424233
34.879239252762424
34.86805542551483
34.85723752550307
34.846776739283875
34.83666442775271
34.826892126503814
34.81745154571007
34.80833456963261
34.79953325577947
34.79103983373991
34.78284670375935
34.774946435038615
34.76733176384473
34.75999559141515
34.752930981708374
34.746131158999276
34.739589505363604
34.73329955805408
34.727255006791296
34.721449691000565
34.71587759696372
34.71053285495929
34.70540973635573
34.70050265069783
34.69580614276868
34.691314889653775
34.6870236978316
34.68292750025004
34.679021353436035
34.675300434634146
34.67176003896785
34.668395576630424
34.66520257012764
34.66217665155585
34.65931355990283
34.656609138432934
34.65405933208352
34.65166018493674
34.64940783771316
34.647298525354785
34.645328574620265
34.64349440175917
34.64179251022604
34.640219488453226
34.63877200767095
34.637446819789155
34.63624075531777
34.63515072134368
34.634173699567896
34.633306744381365
34.63254698099651
34.63189160362271
34.631337873697596
34.63088311815253
34.63052472773938
34.63026015540157
34.63008691466789
34.63000257812288
34.630004775887556
34.63009119416637
34.63025957382187
34.630507708991644
34.63083344574521
34.631234680773474
34.63170936012403
34.63225547795442
34.632871075347104
34.63355423913573
34.63430310076263
34.635115835192046
34.635990659820216
34.63692583344824
34.63791965526517
