1.7000442345734967
1.7060613699279084
1.7038495109334049
1.700666308102149
1.6975626650510047
1.6946725462642052
1.691996687734869
1.6895182635358725
1.6872196778839281
1.6850848220580859
1.683099169479712
1.681249638604208
1.6795244240129137
1.6779128494056486
1.6764052414335016
1.6749928210039449
1.673667609057368
1.6724223443974569
1.6712504116442513
1.6701457777567255
1.6691029358642515
1.6681168553743126
1.6671829375032894
1.6662969755195367
1.665455119102171
1.6646538423112212
1.6638899147399597
1.6631603754819597
1.6624625095964902
1.6617938267983916
1.6611520421342494
1.6605350584367913
1.6599409503749687
1.6593679499390164
1.6588144026619682
1.6582789033612069
1.6577600033089597
1.6572564612849634
1.6567671220003253
1.6562909212813723
1.6558268803703822
1.6553740991867427
1.6549317499340712
1.6544990712111443
1.6540753626098708
1.6536599797618703
1.6532523297954125
1.6528518671675427
1.6524580898393373
1.652070535765143
1.651688779669274
1.6513124300859816
1.650941126640657
1.6505745375521594
1.650212357337893
1.6498543047048566
1.6495001206113296
1.6491495664851519
1.648802422585758
1.648458486498208
1.648117571748432
1.6477795065298368
1.6474441325321987
1.6471113038645697
1.6467808860645659
1.6464527551870614
1.6461267969658737
1.6458029060425592
1.645480985256906
1.645160944994172
1.6448427025844916
1.644526181750283
1.6442113120977844
1.6438980286491987
1.6435862714121834
1.643275984983699
1.6429671181854697
1.6426596237285245
1.6423534579044956
1.6420485803015457
1.6417449535429351
1.6414425430464503
1.641141316803739
1.6408412451735752
1.6405423006988495
1.6402444579312796
1.6399476932729113
1.6396519848303808
1.6393573122802452
1.6390636567453258
1.6387710006807799
1.6384793277694807
1.6381886228243172
1.6378988717041332
1.6376100612252291
1.6373221790906383
1.6370352138202209
1.6367491546869988
1.636463991658689
1.6361797153439388
1.6358963169428786
1.635613788201658
1.635332121370646
1.6350513091660062
1.6347713447343901
1.6344922216204936
1.6342139337372612
1.6339364753385297
1.6336598409939234
1.6333840255658243
1.6331090241882635
1.632834832247587
1.6325614453647594
1.6322888593791856
1.6320170703339425
1.6317460744623136
1.631475868175539
1.6312064480516952
1.6309378108256258
1.6306699533798663
1.6304028727364857
1.6301365660498084
1.629871030599956
1.6296062637871735
1.629342263126911
1.629079026245621
1.628816550877261
1.6285548348604801
1.6282938761364854
1.6280336727475824
1.6277742228364018
1.6275155246458268
1.6272575765196418
1.6270003769039463
1.6267439243493746
1.6264882175141935
1.6262332551683456
1.6259790361985587
1.6257255596146243
1.6254728245570242
1.6252208303060858
1.6249695762929122
1.6247190621123933
1.624469287538669
1.624220252543523
1.6239719573183067
1.6237244023001598
1.6234775882035144
1.623231516058164
1.622986187255573
1.6227416036056643
1.622497767407093
1.6222546815350973
1.6220123495526388
1.6217707758528603
1.6215299658444795
1.6212899261971994
1.6210506651730285
1.620812193083802
1.6205745229398296
1.6203376713985143
1.620101660204046
1.619866518473261
1.6196322872947657
1.6193990240763612
1.6191668197843234
1.6189358286890938
1.6187063590618636
1.6184792571156896
1.6181489596788794
1.617905006986769
1.6176736823675215
1.6174444716047471
1.6172158821472065
1.616987708755804
1.616759929550579
1.6165325484537314
1.6163055727036322
1.616079009646388
1.6158528662804024
1.615627149195713
1.615401864571308
1.6151770181820844
1.6149526154082732
1.6147286612460943
1.6145051603192522
1.6142821168910548
1.614059534876968
1.613837417857457
1.6136157690909878
1.6133945915270687
1.6131738878192494
1.6129536603379904
1.612733911183345
1.612514642197395
1.6122958549764022
1.6120775508826355
1.6118597310558491
1.6116423964243958
1.611425547715951
