6.480617951580389
6.50831210170583
6.536653373040445
6.5653179933123225
6.5942242936030615
6.6233316341117865
6.652605847719685
6.682013370285296
6.711520397059942
6.741092915079485
6.770696882663412
6.800298426326615
6.829864030339088
6.859360712885519
6.888756186513755
6.9180190016861225
6.947118672883472
6.976025787210955
7.004712095868476
7.033150589182654
7.061315556152455
7.0891826296412415
7.116728818460981
7.143932527648456
7.170773568238357
7.197233157804296
7.223293912975493
7.2489398350530765
7.274156289753204
7.2989299820010425
7.323248926595246
7.347102415460868
7.370480982112722
7.393376363862944
7.4157814622271205
7.437690301913481
7.459097988719205
7.480000666606738
7.500395474190307
7.5202805008280444
7.539654742487163
7.558518057527656
7.576871122533126
7.594715388304496
7.612053036122924
7.628886934381229
7.645220595678081
7.661058134465294
7.676404225335498
7.691264062034716
7.705643317281631
7.719548103472412
7.732984934346579
7.745960687685596
7.758482569111364
7.770558077046846
7.7821949688954355
7.7934012265606745
7.8041850336245
7.814554731574794
7.824518801711031
7.834085834875773
7.843264505891833
7.852063549324424
7.860491736652628
7.868557854860133
7.876270686435226
7.883638990761965
7.890671486878497
7.897376837573217
7.903763634784787
7.909840386267858
7.915615503482731
7.921097291012899
7.92629393544725
7.93121349849884
7.935863908219054
7.940252952513723
7.944388273372363
7.948277361963132
7.951927554547853
7.95534602916615
7.958539803036264
7.961515730623693
7.964280502327314
7.966840643735893
7.969202515408807
7.971372313136733
7.973356068639842
7.975159650663097
7.976788766430026
7.978248963418567
7.9795456314244815
7.98068400487989
7.981669165396453
7.982506044504735
7.9831994265631385
7.983753951811698
7.984174119547852
7.98446429140295
7.984628694700041
7.984671425874974
7.98459645394439
7.984407624005638
7.984108660754965
7.983703172011603
7.983194652236635
7.982586486036535
7.981881951642429
7.981084224357029
7.980196379962124
7.9792213980803535
7.978162165485743
7.977021479358211
7.9758020504779195
7.9745065063559055
7.973137394298033
7.9716971843997495
7.9701882712145755
7.96861298079287
7.966973568505322
7.965272224054279
7.96351107385483
7.961692183546848
7.959817614416219
7.957889224851576
7.955908945609775
7.953878628300961
7.95180007100082
7.949675024088477
7.947505192812389
7.945292239322485
7.943037784565188
7.94074341009923
7.938410603158534
7.936040969685226
7.933635948527387
7.931196975044562
7.928725457921108
7.926222776619007
7.9236902821623865
7.921129298356066
7.918541123017452
7.9159270291620745
7.913288266135297
7.910626060690314
7.9079416180135516
7.90523612269881
7.902510739671453
7.899766615063984
7.897004877044271
7.894226636597766
7.891432988264949
7.888625010835308
7.885803767999078
7.882970308958005
7.880125668996374
7.877270870013499
7.8744069210189185
7.871534818591488
7.86865554730356
7.865770080111438
7.862879378713296
7.859984393875725
7.857086065730062
7.854185324039667
7.851283088439301
7.84838026864773
7.845477764654716
7.842576466883492
7.839677256329877
7.836781004679133
7.833888574401653
7.831000818828624
7.8281185822087
7.825242699746831
7.822373997626288
7.819513293014801
7.816661394056729
7.813819099850153
7.810986031990038
7.808165518964621
7.805356795682123
7.802560757257272
7.799778177189372
7.79700980230849
7.794256367352327
7.791518597072925
7.788797206466691
7.786092900719552
7.783406375106678
7.780738314883301
7.778089395172819
7.775460280853746
7.772851626446329
7.770264075999536
7.7676982629790885
7.765154810157153
7.762634329504294
7.760137422084216
