-0.18059231534002945
-0.20599917545594973
-0.22064695625245145
-0.23526228296450977
-0.24983147535091965
-0.2643448123871925
-0.27879512091264225
-0.2931769297795022
-0.3074858951652987
-0.3217184156932276
-0.3358713774257756
-0.34994198600791354
-0.3639276564184609
-0.37782594033241057
-0.3916344777647326
-0.4053509642108744
-0.4189731275407616
-0.4324987109097297
-0.4459254592576538
-0.4592511078101979
-0.47247337153253216
-0.4855899348220267
-0.49859844093195527
-0.5114964807386265
-0.524281580528274
-0.536951188506202
-0.5495026597296221
-0.5619332391444573
-0.5742400423680207
-0.5864200338049635
-0.5984700016136327
-0.6103865289505929
-0.6221659608116759
-0.6338043656525901
-0.6452974908068645
-0.656640710516322
-0.6678289651413872
-0.6788566898149918
-0.6897177304326223
-0.7004052444175718
-0.7109115831482038
-0.7212281522650495
-0.7313452452715591
-0.7412518448886308
-0.7509353855143583
-0.7603814688930128
-0.7695735237706959
-0.7784923990529915
-0.7871158790633037
-0.7954181095073751
-0.8033689246667651
-0.8109330720139616
-0.8180693074460547
-0.824729595437835
-0.8308580170524782
-0.8363901504526272
-0.8412527832918546
-0.8453646339264506
-0.8486388858446409
-0.8509887935947062
-0.8523380652219983
-0.8526379029584608
-0.851891836788982
-0.8501867600134186
-0.8477229811060103
-0.844828697368328
-0.8419404633214144
-0.8395396629420875
-0.8380583731092
-0.8377919710128688
-0.8388569361409305
-0.8412058070397977
-0.8446797520697943
-0.8490697258088393
-0.8541629757032276
-0.859770340871087
-0.8657368744260943
-0.8719422488840921
-0.8782962949121589
-0.8847330504839053
-0.8912050411429161
-0.897678469871359
-0.9041294494451696
-0.9105411735144024
-0.916901848570544
-0.9232032081115215
-0.9294394574113721
-0.9356065297807875
-0.9417015651392252
-0.9477225457070348
-0.9536680420725601
-0.9595370364676749
-0.9653291927735568
-0.9710432739722026
-0.976679193483433
-0.9822366814906571
-0.9877151403273815
-0.993115144854881
-0.9984362889382541
-1.0036784860037262
-1.0088417147489617
-1.013925871962088
-1.018930958915066
-1.0238569703026514
-1.0287039126326332
-1.0334718030855887
-1.0381606686771012
-1.0427705456287535
-1.0473014788862949
-1.0517535217415002
-1.0561267355272128
-1.0604211893641298
-1.0646369599443581
-1.0687741313412713
-1.0728327948383323
-1.0768130487718381
-1.0807149983840354
-1.0845387556841237
-1.0882844393155073
-1.0919521744280751
-1.0955420925547474
-1.0990543314916974
-1.1024890351817218
-1.1058463536011167
-1.1091264426488003
-1.1123294640386394
-1.1154555851942825
-1.118504979146577
-1.121477824433596
-1.1243743050032
-1.1271946101181145
-1.1299389342632422
-1.132607477056022
-1.1352004431586031
-1.1377180421927755
-1.140160488657208
-1.1425280018470676
-1.1448208057759592
-1.1470391291001962
-1.1491832050453372
-1.1512532713349475
-1.1532495701215915
-1.1551723479199747
-1.1570218555421965
-1.1587983480351012
-1.1605020846196543
-1.1621333286323035
-1.1636923474682752
-1.165179412526764
-1.1665947991579617
-1.1679387866118578
-1.1692116579887843
-1.1704137001916144
-1.1715452038796077
-1.1726064634237914
-1.1735977768638775
-1.1745194458665853
-1.1753717756853934
-1.1761550751215997
-1.1768696564866528
-1.1775158355657032
-1.178093931582308
-1.1786042671642227
-1.179047168310204
-1.1794229643578535
-1.179731987952284
-1.1799745750157322
-1.1801510647178817
-1.180261799447009
-1.1803071247817465
-1.1802873894634967
-1.180202945369414
-1.180054147485888
-1.179841353882494
-1.1795647900725923
-1.179225089271233
