1407828.63744
1488720.4928503616
1492278.5581972762
1495638.9607624847
1498796.0193362026
1501760.1768031323
1504544.1792525477
1507160.2429260456
1509619.5636490153
1511932.3148300394
1514107.7374856551
1516154.2386141554
1518079.4813915582
1519890.4649553413
1521593.5944565625
1523194.742536082
1524699.3033451105
1526112.2401013107
1527438.1270383066
1528681.1864866253
1529845.3217202073
1530934.146113377
1531951.0090768135
1532899.0191760147
1533781.0647801158
1534599.832541484
1535357.8239660542
1536057.3702996722
1536700.6459261035
1537289.6804469707
1537826.3695919863
1538312.4850891666
1538749.6836084756
1539139.5148783878
1539483.4290628398
1539782.7834755077
1540038.8486992943
1540252.8141710155
1540425.7932843852
1540558.8280583697
1540652.8934127432
1540708.9010880778
1540727.7032433075
1540710.0957605331
1540656.821283513
1540568.5720135758
1540445.9922842428
1540289.6809336627
1540100.1934920424
1539878.044199606
1539623.7078690266
1539337.6216049634
1539020.1863921522
1538671.7685623646
1538292.701149662
1537883.2851424357
1537443.7906400077
1536974.457920843
1536475.4984288318
1535947.0956834652
1535389.406119348
1534802.5598598847
1534186.6614297074
1533541.7904099345
1532868.0020400656
1532165.3277700085
1531433.775765448
1530673.3313695232
1529883.9575235513
1529065.5951493203
1528218.1634953315
1527341.560449128
1526435.6628177708
1525500.3265783335
1524535.3871001836
1523540.6593406897
1522515.9380159148
1521460.9977477507
1520375.5931888437
1519259.4591266147
1518112.310567624
1516933.8428034158
1515723.7314589657
1514481.6325248
1513207.1823738292
1511899.9977638288
1510559.6758265973
1509185.7940446502
1507777.9102164153
1506335.5624107525
1504858.2689117547
1503345.5281546076
1501796.8186534133
1500211.598921823
1498589.3073873
1496929.362299896
1495231.1616363705
1493494.0830005254
1491717.4835206228
1489900.6997447468
1488043.0475350572
1486143.821961752
1484202.2971977715
1482217.726415105
1480189.3416837088
1478116.3538739954
1475997.952563937
1473833.3059517816
1471621.5607754614
1469361.8422397661
1467053.2539524045
1464694.877870059
1462285.7742556587
1459824.981647969
1457311.5168447962
1454744.3749010044
1452122.5291426
1449444.9311982219
1446710.5110492767
1443918.1771000964
1441066.8162694704
1438155.294104867
1435182.4549207613
1432147.1219624358
1429048.0975966563
1425884.1635305705
1422654.0810602948
1419356.5913504742
1415990.4157462597
1412554.2561190054
1409046.795247024
1405466.6972326727
1401812.60795704
1398083.1555734144
1394276.9510406898
1390392.5886977888
1386428.646880104
1382383.6885788827
1378256.262144397
1374044.9020335989
1369748.129602894
1365364.4539465269
1360892.3727808783
1356330.3733749436
1351676.9335269728
1346930.5225871513
1342089.6025260333
1337152.6290481598
1332118.052750185
1326984.3203225217
1321749.8757933679
1316413.1618136617
1310972.6209812998
1305426.6972027032
1299773.8370894794
1294012.4913877323
1288141.1164371974
1282158.175657182
1276062.141055881
1269851.4947594386
1263524.730556745
1257080.3554557078
1250516.891246395
1243832.8760661376
1237026.8659615018
1230097.4364415028
1223043.1840164578
1215862.727716377
1208554.7105826552
1201117.8011265553
1193550.6947477402
1185852.1151059773
1178020.8154388918
1170055.5798185614
1161955.2243395818
1153718.5982311927
1145344.5848859558
1136832.1027975099
1128180.1063998959
1119387.5868010598
1110453.572403201
1101377.1294027893
1092157.362163296
1082793.4134538618
1073284.4645474316
1063629.7351722345
1053828.48331082
1043880.0048412957
1033783.6330158772
1023538.737772392
1013144.7248748712
1002601.0348800505
991907.2894398585
981062.6900693242
970066.8027342869
958919.4597178764
947620.115625283
936168.3880966896
924563.9173125785
912806.3635484575
