1689.0706084898686
1170.472152614447
1175.8860821708004
1180.9190072405122
1185.5605023896653
1189.8026000577838
1193.6402327982066
1197.0712753996909
1200.0964617339962
1202.7192346719041
1204.9455474976794
1206.7836284347522
1208.2437188923616
1209.3377956678162
1210.0792866855727
1210.4827888497887
1210.563795321458
1210.3384381212202
1209.8232505124747
1209.0349522266847
1207.9902593205022
1206.7057193468647
1205.1975716028674
1203.4816314916297
1201.57319749642
1199.4869788960682
1197.2370421288572
1194.836773613039
1192.298856830646
1189.6352615539474
1186.857243219658
1183.9753506167885
1180.999440234997
1177.9386958096736
1174.8016517888825
1171.5962196289884
1168.3297159961267
1165.0088921065935
1161.6399635794198
1158.2286402982718
1154.7801558877336
1151.2992965015872
1147.790428699091
1144.2575262506941
1140.704195768459
1137.1337011000912
1133.5489864601652
1129.9526982992352
1126.347205932078
1122.7346209614993
1119.1168155447526
1115.495439556661
1111.8719367075414
1108.2475596757945
1104.6233843149694
1101.0003229937304
1097.3791400075681
1093.7604516987576
1090.1447546009022
1086.5324256605807
1082.9237333205974
1079.3188472853208
1075.7178471742689
1072.1207306638107
1068.5274211453768
1064.9377749267371
1061.3515880006235
1057.7686024028978
1054.188512180871
1050.6109689903544
1047.0355873392884
1043.461949494198
1039.8896191642623
1036.3181101272169
1032.7469425846734
1029.1756126845348
1025.60360432774
1022.0303923538034
1018.4554454856852
1014.8782290475735
1011.2982074610971
1007.7148465422022
1004.1276155992372
1000.5359893499275
996.9394496659173
993.3374871557395
989.72960259658
986.1153082248496
982.4941288952847
978.8656031179994
975.229283982559
971.5847399778102
967.9315557158344
964.2693325680739
960.5976892212315
956.9162621602671
953.2247060853391
949.522694269253
945.8099188615241
942.0860911448406
938.3509417493162
934.6042208295604
930.8456982092387
927.0751634974376
923.2924261808065
919.4973156951168
915.6896814795327
911.8693930166118
908.0363398606887
904.1904316570453
900.3315981539719
896.4597892095144
892.5749747944885
888.677144993041
884.7663100018167
880.842500128534
876.9057653750045
872.9561771885991
868.9938256881841
865.0188216191665
861.0312958325118
857.0313992870351
853.0193124150877
848.99520632596
844.9593033733194
840.911834642342
836.8530515361062
832.7832255543193
828.7026482390412
824.6116311366219
820.510505752934
816.3996234972748
812.2793556128206
808.1500836612196
804.0122383948291
799.8662389407043
795.7125351099324
791.5515957159141
787.3839085740481
783.2099803147785
779.0303361459295
774.8455195825093
770.6560921452206
766.4626330266556
762.2657387238586
758.0660226360754
753.8641146265805
749.6606605476671
745.456321728024
741.2517744219133
737.0477092197223
732.8448304197045
728.6438553608847
724.4455137173358
720.250546754257
716.059706546506
711.8737551604441
707.6934638002135
703.5196119197698
699.3529863022276
695.1943801082951
691.0445918957896
686.9044246124466
682.7746845644107
678.6561803630025
674.5497218525257
670.4561190220395
666.3761809041531
662.3107144640624
658.2605234820962
654.2264074331986
650.2091603667891
646.209569790507
642.2284155613816
638.2664687879508
634.3244907468633
630.4032318099974
626.5034304375125
622.625812083955
618.7710882814039
614.9399556415436
611.1330949366321
607.3511702097138
603.5948279242258
599.8646961554078
596.1613838257598
592.4854799865599
588.8375531472304
585.2181506541285
581.6277981200898
578.066998905809
574.5362336539182
571.0359598763825
567.5666115955742
564.1285990391807
560.7223083888548
557.3481015823002
554.0063161682684
550.6972652137408
547.4212372623795
1689.0706084898686
1170.472152614447
1175.8860821708004
1180.9190072405122
1185.5605023896653
1189.8026000577838
1193.6402327982066
1197.0712753996909
1200.0964617339962
1202.7192346719041
1204.9455474976794
1206.7836284347522
1208.2437188923616
1209.3377956678162
1210.0792866855727
1210.4827888497887
1210.563795321458
1210.3384381212202
1209.8232505124747
1209.0349522266847
1207.9902593205022
1206.7057193468647
1205.1975716028674
1203.4816314916297
1201.57319749642
1199.4869788960682
1197.2370421288572
1194.836773613039
1192.298856830646
1189.6352615539474
1186.857243219658
1183.9753506167885
1180.999440234997
1177.9386958096736
1174.8016517888825
1171.5962196289884
1168.3297159961267
1165.0088921065935
1161.6399635794198
1158.2286402982718
1154.7801558877336
1151.2992965015872
1147.790428699091
1144.2575262506941
1140.704195768459
1137.1337011000912
1133.5489864601652
1129.9526982992352
1126.347205932078
1122.7346209614993
1119.1168155447526
1115.495439556661
1111.8719367075414
1108.2475596757945
1104.6233843149694
1101.0003229937304
1097.3791400075681
1093.7604516987576
1090.1447546009022
1086.5324256605807
1082.9237333205974
1079.3188472853208
1075.7178471742689
1072.1207306638107
1068.5274211453768
1064.9377749267371
1061.3515880006235
1057.7686024028978
1054.188512180871
1050.6109689903544
1047.0355873392884
1043.461949494198
1039.8896191642623
1036.3181101272169
1032.7469425846734
1029.1756126845348
1025.60360432774
1022.0303923538034
1018.4554454856852
1014.8782290475735
1011.2982074610971
1007.7148465422022
1004.1276155992372
1000.5359893499275
996.9394496659173
993.3374871557395
989.72960259658
986.1153082248496
982.4941288952847
978.8656031179994
975.229283982559
971.5847399778102
967.9315557158344
964.2693325680739
960.5976892212315
956.9162621602671
953.2247060853391
949.522694269253
945.8099188615241
942.0860911448406
938.3509417493162
934.6042208295604
930.8456982092387
927.0751634974376
923.2924261808065
919.4973156951168
915.6896814795327
911.8693930166118
908.0363398606887
904.1904316570453
900.3315981539719
896.4597892095144
892.5749747944885
888.677144993041
884.7663100018167
880.842500128534
876.9057653750045
872.9561771885991
868.9938256881841
865.0188216191665
861.0312958325118
857.0313992870351
853.0193124150877
848.99520632596
844.9593033733194
840.911834642342
836.8530515361062
832.7832255543193
828.7026482390412
824.6116311366219
820.510505752934
816.3996234972748
812.2793556128206
808.1500836612196
804.0122383948291
799.8662389407043
795.7125351099324
791.5515957159141
787.3839085740481
783.2099803147785
779.0303361459295
774.8455195825093
770.6560921452206
766.4626330266556
762.2657387238586
758.0660226360754
753.8641146265805
749.6606605476671
745.456321728024
741.2517744219133
737.0477092197223
732.8448304197045
728.6438553608847
724.4455137173358
720.250546754257
716.059706546506
711.8737551604441
707.6934638002135
703.5196119197698
699.3529863022276
695.1943801082951
691.0445918957896
686.9044246124466
682.7746845644107
678.6561803630025
674.5497218525257
670.4561190220395
666.3761809041531
662.3107144640624
658.2605234820962
654.2264074331986
650.2091603667891
646.209569790507
642.2284155613816
638.2664687879508
634.3244907468633
630.4032318099974
626.5034304375125
622.625812083955
618.7710882814039
614.9399556415436
611.1330949366321
607.3511702097138
603.5948279242258
599.8646961554078
596.1613838257598
592.4854799865599
588.8375531472304
585.2181506541285
581.6277981200898
578.066998905809
574.5362336539182
571.0359598763825
567.5666115955742
564.1285990391807
560.7223083888548
557.3481015823002
554.0063161682684
550.6972652137408
547.4212372623795
