55.29
25.1944590046513
25.194959503606793
25.194879008691267
25.19342623161804
25.19060037331188
25.186507884507364
25.181262378697106
25.17496603173045
25.167715301890603
25.159594773391095
25.1506805178324
25.1410402861743
25.130734157798297
25.119815182380094
25.108330003592965
25.096319457778844
25.083819142251485
25.07085994934594
25.057468563707253
25.043667921497878
25.02947763127956
25.014914357077487
24.999992164907603
24.98472283443769
24.96911613785514
24.953180088206718
24.936921159595734
24.92034448165177
24.903454010648687
24.886252679574625
24.868742529326877
24.85092482308054
24.832800145718604
24.81436391313452
24.79562932321913
24.776581680172004
24.757224184120304
24.737555107029472
24.717572413996223
24.697273796272643
24.67665670082814
24.655718355712864
24.63445579162823
24.612865860187945
24.590945249321308
24.56869049621246
24.546097998110636
24.523164021307775
24.499884708532434
24.476256084978463
24.452274063151442
24.427934446692184
24.403232933314786
24.37816511696976
24.352726489333357
24.326912440707687
24.300718260395083
24.274139136613755
24.24717015599803
24.219806302727758
24.192042457319975
24.16387339510909
24.135293784442073
24.106298184604206
24.076881043488275
24.047036695021536
24.016759356356005
23.98604312482484
23.95488197467181
23.92326975355212
23.891200178800133
23.858666833467485
23.82566316211677
23.792182466375806
23.758217900233248
23.723762465074074
23.688809004438117
23.653350198495822
23.617378558217467
23.580886419232876
23.543865935350954
23.5063089049635
23.468207426893137
23.42955290408572
23.390336687184494
23.35054991799386
23.310183498695174
23.2692280966104
23.227674130826998
23.18551176601087
23.142730883965566
23.09932131428314
23.055271944362158
23.01057199169284
22.96521014163
22.91917474301999
22.872453792356303
22.825034916928317
22.776905356890186
22.728051946170346
22.67846109212753
22.628118753849943
22.577010418992213
22.525121079023375
22.472435202751026
22.41893670797891
22.364608931129318
22.309434594652355
22.253395772022003
22.196473850095963
22.13864948859612
22.07990257643316
22.020212184571186
21.95955651509262
21.89791284608041
21.835257471892156
21.771565638345123
21.70681147227271
21.640967904842313
21.57400658794736
21.505897802887638
21.436610360459674
21.36611149143441
21.294366726278778
21.221339762790663
21.1469923201319
21.07128397750599
20.994171995458267
20.915611117450226
20.835553348975786
20.75394771102562
20.670739964160255
20.585872298781556
20.499282986393155
20.410905985660087
20.320670495880773
20.228500449017414
20.13431392960148
20.03802250957191
19.93953048225245
19.838733976096517
19.735519924248283
19.62976486013294
19.52133350170505
19.410077077107065
19.29583133146874
19.1784141372101
19.057622606817862
18.933229575129655
18.80497927395837
18.67258195982651
18.535707166962606
18.393975128900685
18.246945721008764
18.094103986605276
17.93484085901358
17.7684269717063
17.593976259271095
17.410394013316253
17.216300409207207
17.009913649322176
16.788863113632956
16.549810037594728
16.288094130916104
15.996266194179771
15.661605886524788
15.258337881095143
14.714234389954436
23.54504692371861
23.53174851330065
23.51848427605968
23.505266588297655
23.492098350033608
23.478980912054787
23.465915401245564
23.45290290925481
23.439944518834942
23.42704130703285
23.41419434511542
23.401404698060716
23.388673424021796
23.37600157381671
23.36339019044992
23.350840308667323
23.33835295453856
23.325929145068663
23.313569887835566
23.301276180651293
23.28904901124848
23.276889356985457
23.264798184574822
23.25277644982954
23.240825097428502
23.22894506069788
23.21713726141032
23.20540260959873
23.193742003384937
23.182156328822327
23.170646459751765
