9.2572
6.803829593561
6.814363567715062
6.823730129345273
6.832408159164949
6.8406645022034525
6.84865952712729
6.856489912099805
6.864214223613382
6.871868260558371
6.879474255098513
6.887046390077972
6.894594109568964
6.902124108120925
6.909641529514066
6.91715069310307
6.924655538377575
6.932159902028334
6.939667696110901
6.947183028562862
6.954710290993829
6.962254228922403
6.969820003846533
6.977413253117525
6.985040151607885
6.992707478047449
7.000422688325971
7.008193997816876
7.016030474757318
7.02394214686516
7.031940123630022
7.040036737107366
7.0482457045280995
7.056582316662167
7.065063656633161
7.073708854813487
7.082539386562783
7.091579420948549
7.100856230253266
7.110400672080231
7.120247758280279
7.130437327783009
7.141014843776523
7.152032339540509
7.16354954153049
7.175635202827706
7.188368684332341
7.2018418240963085
7.216161135388543
7.231450367836143
7.247853448391223
7.265537779779959
7.284697276832503
7.305557949656472
7.328378123118778
7.353452067946809
7.381108405988275
7.41170348113754
7.445605218688196
7.483161650790863
7.524646677006293
7.57017571678232
7.619588789748186
7.672312736936902
7.727240577534309
7.782697213656836
7.836570469426763
7.886637794694981
7.931008536365824
7.968502533276267
7.998799437999131
8.022325549526807
8.039982003395629
8.052856580257727
8.06201144195806
8.06836784589032
8.072667278673528
8.075477718963546
8.077219945946101
8.078198694478976
8.078631281143476
8.07867107482144
8.078425565993111
8.077969755848214
8.07735583750325
8.076620086350644
8.075787711859027
8.07487625059502
8.073897927446323
8.072861293768028
8.071772361465875
8.0706353870313
8.069450623296358
8.068225368152197
8.06695911496108
8.06565301106103
8.064310748117645
8.062927934024794
8.061507280937445
8.06004935388171
8.058554246393346
8.057023043848474
8.055455837399792
8.053852942579217
8.052214655011136
8.050541254243756
8.048833006432496
8.04709016624695
8.045312978227432
8.043501677753222
8.041656491738088
8.039777639134794
8.037865331306138
8.035919772303698
8.033941159082111
8.03192968166944
8.029885523306802
8.027808860567978
8.025699863464409
8.023558695541482
8.021385513967955
8.019180469621972
8.016943707176098
8.014675365175524
8.012375576122928
8.010044466557192
8.007682157133928
8.005288762706368
8.002864392405302
8.000409149719294
7.997923132574792
7.995406433418646
7.992859139294312
7.990281331924719
7.987673087790883
7.9850344782115155
7.9823655694216376
7.979666422651359
7.976937094203445
7.974177635530827
7.971388093313107
7.968568509532482
7.965718921548806
7.962839362174248
7.95992985974649
7.956990438201563
7.954021117145574
7.951021911925696
7.9479928337000825
7.944933889506851
7.9418450823322955
7.938726411178077
7.935577871127518
7.9323994534108895
7.929191145469991
7.925952931021639
7.922684790120401
7.919386699220554
7.916058631237078
7.91270055560599
7.909312438343875
7.905894242106642
7.902445926247746
7.8989674468757185
7.895458756910908
7.8919198061420905
7.888350541281901
7.884750906022693
7.881120841090974
7.877460284302327
7.873769170615408
7.870047432186021
7.866294998420694
7.862511796030294
7.858698114826141
7.8548530578827025
