-3140.7665228873257
901.774997664614
899.8376655553388
897.8891459938077
895.926678018517
893.9495311263365
891.957197872628
889.9492000518055
887.9250669733053
885.8843328284432
883.8265361848221
881.7512197295222
879.6579300532594
877.5462174528205
875.4156357492741
873.2657421219737
871.0960969584066
868.9062637201527
866.6958088250559
864.4643015458656
862.2113139254957
859.9364207091505
857.639199293495
855.3192296931115
852.9760945244539
850.6093790075586
848.2186709857658
845.803560963644
843.3636421634725
840.8985106005105
838.4077651772826
835.8910077972739
833.3478434982391
830.7778806054287
828.180730905089
825.5560098384752
822.9033367166796
820.2223349566203
817.5126323384457
814.7738612846215
812.0056591610476
809.2076686003959
806.3795378479707
803.5209211303282
800.6314790468239
797.7108789843535
794.7587955553763
791.7749110594295
788.7589159681816
785.7105094341116
782.6293998228228
779.5153052689748
776.367954255763
773.187086217756
769.9724521669641
766.7238153418449
763.4409518788774
760.123651506355
756.7717182598349
753.3849712187277
749.9632452632825
746.506391851255
743.0142798133406
739.4867961663942
735.9238469433574
732.3253580385853
728.6912760674778
725.0215692385123
721.3162282365446
717.5752671153133
713.7987241974029
709.9866629796379
706.139173041691
702.2563709556603
698.3384011941066
694.3854370339457
690.3976814534676
686.3753680195749
682.3187617621415
678.2281600323746
674.1038933417996
669.9463261784326
665.7558577965237
661.5329229761878
657.2779927491065
652.9915750863295
648.6742155442191
644.3264978644122
639.9490445236243
635.5425172291416
631.1076173556748
626.645086319365
622.155705884697
617.6402983999773
613.0997269572979
608.5348954727757
603.946748683031
599.3362720539798
594.7044915981481
590.0524735968413
585.3813242237887
580.6921890669745
575.9862525457529
571.2647372204815
566.5289029923649
561.7800461914051
557.0194985508123
552.2486260665371
547.468827741167
542.6815342116324
537.8882062609181
533.0903332142827
528.2894312210768
523.4870414238684
518.6847280169835
513.884076197384
509.08669001117187
504.29411977941083
499.5081376845794
494.7303234564754
489.9623330753029
485.2058291998415
480.46247849366466
475.7339488879718
471.0219067892113
466.32801424031936
461.65392604482804
457.00128686358744
452.3717282942693
447.7668659442228
443.1882965075073
438.6375948572962
434.1163111649178
429.6259680570529
751.5816832982479
470.8363427801152
476.28522931599076
481.2825941924246
485.8844987016843
490.13742875686427
494.08059294680567
497.74741243735684
501.1666217856779
504.36310988586865
507.35857303599937
510.1720289014643
512.8202259360282
515.3179732150583
517.6784089549037
519.913221269412
522.032831328841
524.046546627607
525.962690260644
527.7887107652683
529.531276077382
531.196354385896
532.7892840838408
534.3148345621286
535.7772592392132
537.1803419422515
538.5274375347628
539.8215075086623
541.0651511143047
542.260632483346
543.4099040988878
544.5146268813055
545.5251726682593
546.4320037660437
547.2999771900951
548.1298931045427
548.922312213464
549.6775300209616
550.39558505287
551.0762600432396
551.7190688790151
552.3232422946161
552.8877078022008
553.4110627938533
553.8915394377652
554.326959580266
554.7146773242778
555.0515062327854
555.3336271324972
555.5564711663513
555.7145709141178
555.801369846979
555.8089767698784
555.7278467232838
555.546362263745
555.2502778489343
554.8219731472187
554.2394350249948
553.4748468311901
552.4925969756579
551.2464076617565
549.6750928689594
547.696110597683
545.1954280227602
542.0109358188815
537.903929253303
-3140.7665228873257
901.774997664614
899.8376655553388
897.8891459938077
895.926678018517
893.9495311263365
891.957197872628
889.9492000518055
887.9250669733053
885.8843328284432
883.8265361848221
881.7512197295222
879.6579300532594
877.5462174528205
875.4156357492741
873.2657421219737
871.0960969584066
868.9062637201527
866.6958088250559
864.4643015458656
862.2113139254957
859.9364207091505
857.639199293495
855.3192296931115
852.9760945244539
850.6093790075586
848.2186709857658
845.803560963644
843.3636421634725
840.8985106005105
838.4077651772826
835.8910077972739
833.3478434982391
830.7778806054287
828.180730905089
825.5560098384752
822.9033367166796
820.2223349566203
817.5126323384457
814.7738612846215
812.0056591610476
809.2076686003959
806.3795378479707
803.5209211303282
800.6314790468239
797.7108789843535
794.7587955553763
791.7749110594295
788.7589159681816
785.7105094341116
782.6293998228228
779.5153052689748
776.367954255763
773.187086217756
769.9724521669641
766.7238153418449
763.4409518788774
760.123651506355
756.7717182598349
753.3849712187277
749.9632452632825
746.506391851255
743.0142798133406
739.4867961663942
735.9238469433574
732.3253580385853
728.6912760674778
725.0215692385123
721.3162282365446
717.5752671153133
713.7987241974029
709.9866629796379
706.139173041691
702.2563709556603
698.3384011941066
694.3854370339457
690.3976814534676
686.3753680195749
682.3187617621415
678.2281600323746
674.1038933417996
669.9463261784326
665.7558577965237
661.5329229761878
657.2779927491065
652.9915750863295
648.6742155442191
644.3264978644122
639.9490445236243
635.5425172291416
631.1076173556748
626.645086319365
622.155705884697
617.6402983999773
613.0997269572979
608.5348954727757
603.946748683031
599.3362720539798
594.7044915981481
590.0524735968413
585.3813242237887
580.6921890669745
575.9862525457529
571.2647372204815
566.5289029923649
561.7800461914051
557.0194985508123
552.2486260665371
547.468827741167
542.6815342116324
537.8882062609181
533.0903332142827
528.2894312210768
523.4870414238684
518.6847280169835
513.884076197384
509.08669001117187
504.29411977941083
499.5081376845794
494.7303234564754
489.9623330753029
485.2058291998415
480.46247849366466
475.7339488879718
471.0219067892113
466.32801424031936
461.65392604482804
457.00128686358744
452.3717282942693
447.7668659442228
443.1882965075073
438.6375948572962
434.1163111649178
429.6259680570529
751.5816832982479
470.8363427801152
476.28522931599076
481.2825941924246
485.8844987016843
490.13742875686427
494.08059294680567
497.74741243735684
501.1666217856779
504.36310988586865
507.35857303599937
510.1720289014643
512.8202259360282
515.3179732150583
517.6784089549037
519.913221269412
522.032831328841
524.046546627607
525.962690260644
527.7887107652683
529.531276077382
531.196354385896
532.7892840838408
534.3148345621286
535.7772592392132
537.1803419422515
538.5274375347628
539.8215075086623
541.0651511143047
542.260632483346
543.4099040988878
544.5146268813055
545.5251726682593
546.4320037660437
547.2999771900951
548.1298931045427
548.922312213464
549.6775300209616
550.39558505287
551.0762600432396
551.7190688790151
552.3232422946161
552.8877078022008
553.4110627938533
553.8915394377652
554.326959580266
554.7146773242778
555.0515062327854
555.3336271324972
555.5564711663513
555.7145709141178
555.801369846979
555.8089767698784
555.7278467232838
555.546362263745
555.2502778489343
554.8219731472187
554.2394350249948
553.4748468311901
552.4925969756579
551.2464076617565
549.6750928689594
547.696110597683
545.1954280227602
542.0109358188815
537.903929253303
