115.26868582539657
115.2764846434377
115.28428346147881
115.29208227951992
115.29988109756103
115.30767991560214
115.31547873364325
115.32327755168436
115.33107636972548
115.33887518776659
115.3466740058077
115.35447282384881
115.36227164188992
115.37007045993103
115.37786927797215
115.38566809601326
115.39346691405437
115.40126573209548
115.40906455013659
115.4168633681777
115.42466218621882
115.43246100425993
115.44025982230104
115.44805864034215
115.45585745838326
115.46365627642437
115.47145509446548
115.4792539125066
115.48705273054772
115.49485154858883
115.50265036662994
115.51044918467105
115.51824800271216
115.52604682075328
115.53384563879439
115.5416444568355
115.54944327487661
115.55724209291772
115.56504091095883
115.57283972899995
115.58063854704106
115.58843736508217
115.59623618312328
115.60403500116439
115.6118338192055
115.61963263724661
115.62743145528773
115.63523027332884
115.64302909136995
115.65082790941106
115.65862672745217
115.66642554549328
115.6742243635344
115.68202318157552
115.68982199961663
115.69762081765774
115.70541963569885
115.71321845373996
115.72101727178108
115.72881608982219
115.7366149078633
115.74441372590441
115.75221254394552
115.76001136198663
115.76781018002774
115.77560899806886
115.78340781610997
115.79120663415108
115.79900545219219
115.8068042702333
115.81460308827441
115.82240190631553
115.83020072435664
115.83799954239775
115.84579836043886
115.85359717847997
115.86139599652108
115.8691948145622
115.87699363260332
115.88479245064443
115.89259126868554
115.90039008672665
115.90818890476775
115.91598772280886
115.92378654084999
115.9315853588911
115.93938417693221
115.94718299497332
115.95498181301443
115.96278063105554
115.97057944909666
115.97837826713777
115.98617708517888
115.99397590321999
116.0017747212611
116.00957353930221
116.01737235734332
116.02517117538444
116.03296999342555
116.04076881146666
116.04856762950777
116.05636644754888
116.06416526558999
116.07196408363112
116.07976290167223
116.08756171971334
116.09536053775444
116.10315935579555
116.11095817383666
116.11875699187779
116.1265558099189
116.13435462796001
116.14215344600112
116.14995226404223
116.15775108208334
116.16554990012445
116.17334871816557
116.18114753620668
116.18894635424779
116.1967451722889
116.20454399033001
116.21234280837112
116.22014162641224
116.22794044445335
116.23573926249446
116.24353808053557
116.25133689857668
116.25913571661779
116.26693453465892
116.27473335270003
116.28253217074113
116.29033098878224
116.29812980682335
116.30592862486446
116.31372744290557
116.3215262609467
116.32932507898781
116.33712389702892
116.34492271507003
116.35272153311114
116.36052035115225
116.36831916919337
116.37611798723448
116.38391680527559
116.3917156233167
116.39951444135781
116.40731325939892
116.41511207744004
116.42291089548115
116.43070971352226
116.43850853156337
116.44630734960448
116.45410616764559
116.4619049856867
116.46970380372782
116.47750262176893
116.48530143981004
116.49310025785115
116.50089907589226
116.50869789393337
116.5164967119745
116.5242955300156
116.53209434805672
116.53989316609783
116.54769198413894
116.55549080218005
116.56328962022117
116.57108843826228
116.57888725630339
116.5866860743445
116.59448489238561
116.60228371042672
116.61008252846783
116.61788134650895
116.62568016455006
116.63347898259117
