54.510049045159064
28.0059515759099
17.251493343737653
11.165304566216312
8.034985497375144
6.495325211524421
5.754308486585866
5.400579675698812
5.231388102031425
5.149385028669509
5.108487206304866
5.087072008716581
5.075063117041569
5.067796881444698
5.063133550493062
5.060104585360186
5.058282183285769
5.057486625098194
5.057650941438317
5.0587585206533765
5.060814381737607
5.063831907154346
5.067826636486559
5.072813267377101
5.078804108463368
54.510049045159064
28.0059515759099
17.251493343737653
11.165304566216312
8.034985497375144
6.495325211524421
5.754308486585866
5.400579675698812
5.231388102031425
5.149385028669509
5.108487206304866
5.087072008716581
5.075063117041569
5.067796881444698
5.063133550493062
5.060104585360186
5.058282183285769
5.057486625098194
5.057650941438317
5.0587585206533765
5.060814381737607
5.063831907154346
5.067826636486559
5.072813267377101
5.078804108463368
