0.005276167387231014
0.00519083536536906
0.005104703756409946
0.00501869553966714
0.004933083633174843
0.004848025182535206
0.004763652271218298
0.004680087123643948
0.0045974443179733655
0.0045158308441899135
0.004435345880686642
0.00435608060953366
0.004278118120876972
0.004201533408952482
0.004126393452742125
0.004052757371843689
0.003980676647251625
0.003910195396486757
0.003841350692652946
0.0037741729174426975
0.003708686138787729
0.003644908504685925
0.003582852645671608
0.0035225260793781362
0.0034639316116270857
0.0034070677294317305
0.0033519289821991147
0.003298506348237349
0.0032467875844121277
0.003196757557444583
0.00314839855590068
0.003101690582393847
0.003056611625912765
0.0030131379145017655
0.002971244148770445
0.0029309037168993935
0.002892088891948743
0.002854771012372792
0.0028189206467048567
0.0027845077434075906
0.0027515017668914127
0.0027198718206924797
0.0026895867587756355
0.0026606152858914536
0.002632926047872263
0.0026064877127027286
0.002581269043148569
0.0025572389616732344
0.002534366608319069
0.0025126213921768995
0.002491973037017377
0.0024723916216090876
0.0024538476152027697
0.0024363119086184557
0.0024197558413326095
0.0024041512249260138
0.0023894703632195364
0.0023756860692805116
0.002362771679739091
0.002350701067805015
0.00233944865090376
0.002328989399421884
0.0023192988421139532
0.0023103530699526698
0.0023021287384331827
0.002294603068444506
0.0022877538458320676
0.002281559419768388
0.0022759987000400103
0.0022710511533506664
0.0022666967987330527
0.002262916202154967
0.0022596904703992456
0.0022570012434590388
0.0022548306901407906
0.0022531614963723842
0.0022519768589336965
0.002251260476362627
0.002250996539850133
0.002251169723845561
0.0022517651764058055
0.00225276850932682
0.002254165788101851
0.002255943521735158
0.0022580886524505204
0.0022605885453232
0.0022634309778644416
0.0022666041295848417
0.0022700965715608187
0.0022738972560259678
0.002277995506007873
0.002282381005028221
0.002287043786882858
0.0022919742255164883
0.0022971630250052943
0.0023026012096590623
0.002308280114253222
0.00231419137439971
0.002320326917064413
0.0023266789512378138
0.002333239958764348
0.0023400026853350304
0.0023469601316469537
0.0023541055447324493
0.002361432409459962
0.0023689344402078785
0.0023766055727119997
0.002384439956086785
0.002392431945019864
0.0024005760921389555
0.002408867140549887
0.0024173000165440034
0.0024258698224730044
0.002434571829788946
0.002443401472246902
0.0024523543392676243
0.002461426169457362
0.0024706128442818823
0.002479910384357282
0.0024893149352946176
0.002498822771263997
0.002508430284977371
0.0025181339825059187
0.0025279304778798454
0.002537816390854223
0.0025477886997191074
0.0025578442543504566
0.002567980039817381
0.002578193131280763
0.0025884806828535326
0.002598839922078814
0.0026092681453179114
0.0026197627133654486
0.0026303210471919337
0.0026409407265655296
0.002651619105927634
0.002662353822645665
0.00267314250746443
0.0026839828235809965
0.0026948724699197555
0.002705809178621453
0.002716790711777519
0.0027278148581427212
0.002738879429932068
0.0027499822597173026
0.0027611211974253166
0.002772294107439041
0.0027834988658011215
0.002794733357520895
0.0028059954739851098
0.0028172831104729644
0.0028285941637761778
0.002839926529924623
0.002851278102018362
0.002862646768166719
0.002874030409535144
0.0028854268985004997
0.002896834096915522
0.0029082498544830324
0.00291967200724042
0.0029310983761549293
0.002942526765830139
0.002953954963323889
0.0029653807370778377
0.0029768018359587413
0.0029882159884112767
0.0029996209017222556
0.003011014261395772
0.0030223937306387456
0.003033756949956093
0.0030451015368546837
0.0030564250856548736
0.003067725167408412
0.0030789993299212086
0.0030902450978793194
0.0031014599730762498
0.0031126414347395544
0.003123786939955091
0.003134893924182965
0.003145959801871748
0.0031569895643912666
0.0031679649607369723
0.0031788916606290555
0.00318976676299984
0.003200587552594967
0.0032113513297257435
0.00322205538497665
0.003232696996464021
0.0032432734305353245
0.003253781943033484
0.003264219780691618
0.0032745841825893972
0.0032848723816573137
0.00329508160622326
0.0033052090815971135
0.0033152520316891494
0.0033252076806582257
0.0033350732545856035
0.0033448459831703675
0.0033545231014424485
