5.0
1.7113036618557933
1.7247765571644542
1.738377028071786
1.752144617283937
1.7660910320112801
1.7802247856357927
1.7945546700309831
1.8090900829780263
1.823840895122936
1.838817260108442
1.8540294331211482
1.8694876114024461
1.8852018006401379
1.9011817079487046
1.9174366601630584
1.933975544912838
1.9508067711754986
1.967938245664795
1.9853773614418628
2.003130995360153
2.021205511358113
2.0396067670563456
2.0583401215993615
2.077410443119445
2.09682211463155
2.116579037503599
2.1366846319776247
2.1571418344335855
2.177953091476597
2.1991203501804817
2.2206450465823067
2.2425280901452984
2.264769846604767
2.2873701185957205
2.3103281258416986
2.3336424824852995
2.3573111760613368
2.381331545488882
2.4057002599331057
2.430413298780289
2.4554659331853577
2.4808527096669097
2.5065674361465025
2.5326031708490278
2.558952214496156
2.58560610553615
2.6125556201567384
2.639790775342142
2.667300836630954
2.695074330062614
2.7230990589554476
2.751362124337824
2.779849950680635
2.8085483111766703
2.8374423795396173
2.866516741392961
2.895755454250277
2.925142088672188
2.954659777248415
2.9842912665644157
3.0140189717537282
3.043825033299947
3.0736913754883144
3.103599766330723
3.133531878247897
3.1634693491930457
3.1933938436966653
3.223287113403853
3.2531310566361293
3.2829077765626504
3.3125996375690634
3.342189319449508
3.3716598690735897
3.400994749214824
3.430177884262655
3.459193702585509
3.4880271753489667
3.5166638516280004
3.545089889706069
3.5732920844871385
3.601257890982857
3.6289754438850164
3.6564335732565207
3.683621816420386
3.710530426534672
3.7371503752359865
3.7634733578080892
3.7894917871048643
3.815181862847348
3.8405882075661752
3.865654555595862
3.890393051949916
3.9147995759786194
3.938870657238076
3.962603456813204
3.9859957470313185
4.00904588990138
4.031752814499478
4.051968719775482
4.071208419827871
4.090069851829564
4.10855489332266
4.12666588857557
4.144405582841255
4.16177709223541
4.178783874052092
4.195429699326996
4.211718624146159
4.227654966586782
4.24324327905474
4.258488325188868
4.273395056601389
4.287968590812065
4.302214190244281
4.316137242280693
4.329743240393293
4.343037766322529
4.356026473305933
4.368715070339516
4.381109307443467
4.3932149619118865
4.4050378255197105
4.4165836926507644
4.427858349323535
4.438867563069579
4.449617073638288
4.460112584486672
4.470359755020838
4.480364193550779
4.490131450916002
4.499667014763751
4.508976304417418
4.518064666324736
4.526937370035799
4.5355996046823455
4.544056475928431
4.552313003353908
4.560374118252628
4.5682446618021135
4.5759293835878
4.583432940449192
4.590759895627856
4.597914718188643
4.604901782694549
4.611725369113321
4.61838966293088
4.6248987554645025
4.631256644342503
4.637467234145509
4.643534337185983
4.649461674418591
4.655252876462635
4.660911484720175
4.666440952589459
4.671844646752277
4.677125848527888
4.68228775528635
4.687333481912016
4.6922660623047365
4.697088450915806
4.701803524316028
4.706414082775183
4.710922851864788
4.715332484064964
4.719645560382883
4.723864591963142
4.727992021704589
4.732030225864277
4.735981515655126
4.739848138829422
4.743632281249231
4.747336068436992
4.75096156711074
4.754510786697035
4.757985680819966
4.761388148768864
4.764720036940293
4.767983140255587
4.771179203550073
4.774309922938813
4.777376947150761
4.7803818788354855
4.783326275847304
4.786211652492297
4.789039480755523
4.791811191493106
4.794528175599409
4.797191785145095
4.7998033344865885
4.802364101349112
4.804875327879629
4.8073382216769645
4.8097539567881915
4.812123674683951
4.814448485207942
4.81672946749495
4.818967670871763
4.821164115725344
4.823319794351221
