-0.19681952335121153
-0.02721322791793102
-0.028745962168308666
-0.030270090677176342
-0.03178610714210093
-0.03329403380401975
-0.03479385835567117
-0.0362855728398301
-0.03776932467353853
-0.03924513186867346
-0.0407131589762618
-0.04217357448628212
-0.043626573651558455
-0.04507237406047226
-0.04651121133176468
-0.04794333503179767
-0.049369004875901845
-0.050788487255390084
-0.052202052114734096
-0.05360997018881504
-0.0550125105986849
-0.05640993879462649
-0.05780251482936103
-0.05919049193829276
-0.06057411540159782
-0.06195362166074186
-0.06332923766174081
-0.06470118039781725
-0.06606965662514304
-0.06743486272693894
-0.06879698470292292
-0.07015619826325097
-0.07151266900801914
-0.07286655267557206
-0.07421840125836056
-0.07556713445717236
-0.07691409747626488
-0.07825900434600887
-0.0796019667032796
-0.08094308855022418
-0.08228246667187158
-0.08362019104550626
-0.08495634524181032
-0.08629100681532777
-0.08762424768224042
-0.08895613448383928
-0.09028672893455245
-0.09161608815383449
-0.0929442649814766
-0.09427130827622938
-0.09559726319779055
-0.09692217147243358
-0.09824607164264554
-0.09956899930125263
-0.1008909873106322
-0.10221206600759777
-0.10353226339461026
-0.1048516053180321
-0.10617011563405405
-0.1074878163630188
-0.1088047278327989
-0.11012086881188904
-0.11143625663287628
-0.11275090730686618
-0.1140648356294932
-0.11537805527907491
-0.11669057890743567
-0.11800241822391656
-0.11931358407307587
-0.1206240865064971
-0.12193393484915122
-0.12324313776073498
-0.12455170329230836
-0.12585963893865718
-0.12716695168661976
-0.1284736480597707
-0.12977973415967942
-0.1310852157040617
-0.13239009806200985
-0.133694386286614
-0.1349980851450883
-0.13630119914671057
-0.13760373267535295
-0.1389056895872534
-0.14020707387166456
-0.14150788924863986
-0.14280813928552663
-0.14410782742795777
-0.14540695700780243
-0.1467055312614724
-0.14800355334091408
-0.14930102633782497
-0.15059795316442656
-0.15189433704404337
-0.15319018081880362
-0.15448548742698007
-0.155780259797167
-0.15707450085831023
-0.15836821354936792
-0.15966140082868513
-0.16095406568310044
-0.1622462111368784
-0.16353784026051402
-0.16482895617944482
-0.1661195620827524
-0.16740966123190704
-0.16869925696958663
-0.16998835272865082
-0.17127695204132345
-0.172565058548636
-0.17385267601021523
-0.17513980831445639
-0.17642645948917635
-0.17771263371281673
-0.1789983353262751
-0.18028356884546795
-0.18156833897471358
-0.18285265062105488
-0.18413650890963607
-0.18541991920027606
-0.18670288710538058
-0.1879854185093961
-0.18926751958993068
-0.19054919684085514
-0.1918304570975414
-0.19311130756458286
-0.1943917558462941
-0.1956718099803793
-0.1969514784751896
-0.19823077035107
-0.1995096951863838
-0.20078826316890544
-0.20206648515334846
-0.20334437272599806
-0.2046219382775439
-0.2058991950854334
-0.20717615740733855
-0.208452840587601
-0.2097292611789639
-0.2110054370823416
-0.2122813877080348
-0.21355713416250044
-0.21483269946587885
-0.2161081088066144
-0.21738338984123937
-0.21865857304949812
-0.2199336921577623
-0.22120878464751614
-0.2224838923707167
-0.22375906230074796
-0.22503434745732473
-0.2263098080571454
-0.2275855129613746
-0.22886154151907256
-0.23013798594725404
-0.23141495445147703
-0.23269257538901056
-0.2339710029339886
-0.23525042496385404
-0.23653107433232995
-0.2378132454929538
-0.23909731994247124
-0.2403838069700868
-0.24167342855789345
-0.24296718933543862
-0.24426670851648769
-0.24557475852647692
-0.24689697975914596
-0.24824923803591598
-0.24768174024680015
-0.24892401069690603
-0.25016584234590733
-0.25140713991919356
-0.2526478888307649
-0.2538880861226961
-0.25512773058442323
-0.25636682133345856
-0.2576053576097058
-0.25884333874368703
-0.260080764149582
-0.2613176333217544
-0.26255394583170677
-0.2637897013250903
-0.2650248995186915
-0.2662595401974408
-0.26749362321144415
-0.2687271484730606
-0.2699601159540245
-0.2711925256826432
-0.27242437774105344
-0.27365567226256965
-0.2748864094291042
-0.27611658946867695
-0.2773462126530097
-0.2785752792952217
-0.27980378974759745
-0.28103174439945655
-0.28225914367510574
-0.28348598803188535
-0.28471227795828846
