0.029835063117053678
0.03204871345891039
0.032787515611198796
0.03346832505737086
0.03412931183473904
0.03477087252955612
0.0353926528093502
0.0359945010603588
0.036576467173678025
0.03713877668969403
0.0376818051275877
0.038206053607522855
0.03871212584203112
0.03920070695943107
0.03967254417857509
0.04012842944125418
0.04056918402083205
0.04099564507798724
0.04140865409094862
0.04180904705712412
0.042197646340410795
0.04257525402404578
0.042942646621304564
0.043300570994485574
0.04364974133525244
0.043990837065455125
0.04432450152603123
0.0446513413316828
0.04497192628002522
0.04528678971527318
0.04559642925783179
0.045901307822078394
0.04620185485494242
0.04649846773745751
0.046791513300201044
0.04708132941141125
0.047368226603583106
0.04765248971052486
0.04793437949224438
0.04821413422969551
0.04849197127540571
0.048768088549398105
0.04904266597267516
0.04931586683291628
0.04958783907900923
0.04985871654264906
0.050128620086541176
0.05039765867978401
0.05066593040182509
0.05093352337701204
0.051200516642227786
0.05146698095044353
0.051732979513249115
0.051998568685566494
0.052263798595822766
0.052528713724872646
0.052793353436928654
0.053057752465691964
0.0533219413587814
0.05358594688344558
0.05384979239641492
0.054113498180612195
0.05437708175129761
0.05464055813407731
0.05490394011705959
0.05516723847929458
0.0554304621974971
0.05569361863290869
0.05595671370002711
0.05621975201880268
0.05648273705178113
0.05674567122755735
0.05700855605179768
0.05727139220698636
0.05753417964195699
0.05779691765218089
0.0580596049517005
0.05832223973752288
0.05858481974721036
0.05884734231034629
0.05910980439448876
0.05937220264616921
0.05963453342744352
0.059896792848452826
0.06015897679640955
0.06042108096138416
0.06068310085923003
0.060945031851953504
0.06120686916580277
0.06146860790732434
0.06173024307760825
0.06199176958492292
0.062053332828979686
0.06208443873086218
0.06209411118040535
0.06208874150021258
0.06207284268874728
0.06204959705668763
0.06202124645461646
0.061989369129278264
0.061955075601433075
0.061919146983897784
0.06188213252257034
0.06184441831700562
0.06180627570425815
0.061767895308657124
0.061729410996405824
0.06169091672429947
0.0616524783886207
0.061614142157018575
0.06157594032687903
0.061537895444305594
0.06150002320005758
0.061462334465562096
0.06142483672433129
0.06138753507831524
0.06135043295541358
0.06131353260688802
0.06127683545706842
0.06124034234921384
0.06120405371836633
0.06116796971287764
0.061132090279849643
0.061096415225205494
0.06106094425592258
0.061025677009726234
0.060990613075966205
0.06095575201029365
0.060921093344980526
0.0608866365961744
0.0608523812689986
0.060818326861137875
0.06078447286535865
0.06075081877128058
0.06071736406662132
0.06068410823807163
0.06065105077190948
0.060618191154431476
0.06058552887225572
0.060553063412533886
0.06052079426309967
0.06048872091257293
0.06045684285043173
0.060425159567062764
0.060393670553796165
0.06036237530292908
0.060331273307741844
0.06030036406250868
0.0602696470625047
0.0602391218040099
0.06020878778431168
0.06017864450170596
0.06014869145549701
0.06011892814599724
0.06008935407452611
0.06005996874340878
0.06003077165597453
0.06000176231655528
0.0599729402304837
0.05994430490409147
0.059915855844707044
0.05988759256065432
0.059859514561250105
0.059831621356802436
0.05980391245860875
0.059776387378953355
0.0597490456311063
0.059721886729320564
0.05969491018883071
0.059668115525850614
0.05964150225757139
0.05961506990215983
0.05958881797875628
0.05956274600747236
0.05953685350938957
0.05951114000655706
0.059485605021989685
0.059460248079665996
0.059435068704526806
0.05941006642247255
0.05938524076036215
0.05936059124601037
0.05933611740818645
0.05931181877661193
0.05928769488195901
0.05926374525584836
0.05923996943084748
0.05921636694046857
0.059192937319167215
0.059169680102339854
0.05914659482632212
0.05912368102838734
0.0591009382467442
0.059078366020535324
0.059055963889834986
0.05903373139564766
0.059011668079906036
0.0589897734854691
0.058968047156120446
0.058946488636566464
