11.836979007722183
11.848858337569432
11.860577663713258
11.872143181991518
11.883557939183008
11.89482450482819
11.905945273537304
11.916922502191534
11.927758317404535
11.93845471954577
11.949013586263108
11.959436675833661
11.96972563038111
11.979881978965443
11.989907140547684
11.99980242683192
12.009569044986955
12.01920810025012
12.028720598415722
12.038107448210884
12.047369463561362
12.056507365750148
12.065521785471626
12.074413264784084
12.083182258963387
12.091829138260673
12.100354189566904
12.108757617987058
12.117039548326847
12.125200026494719
12.133239020821977
12.141156423303805
12.14895205076387
12.156625645945383
12.1641768785312
12.171605346095737
12.17891057499139
12.18609202117202
12.193149070956224
12.20008104173299
12.206887182612302
12.213566675023333
12.220118633262729
12.226542104995607
12.232836071711805
12.238999449139879
12.2450310876215
12.25092977244868
12.256694224166468
12.26232309884363
12.267814988313907
12.273168420390407
12.27838185905576
12.283453704630665
12.288382293923434
12.29316590036328
12.29780273412
12.302290942212826
12.30662860861124
12.310813754330535
12.314844337525104
12.318718253582222
12.32243333521947
12.325987352588694
12.329378013389695
12.332602962996749
12.3356597846012
12.338545999373384
12.341259066647288
12.343796384131323
12.346155288148724
12.348333053911166
12.350326895829204
12.352133967863276
12.353751363919068
12.355176118291094
12.356405206158415
12.35743554413655
12.358263990889581
12.358887347806695
12.359302359747263
12.359505715858788
12.359494050472009
12.35926394407752
12.358811924388306
12.358134467492626
12.357227999101703
12.356088895896692
12.354713486979334
12.353098055430875
12.351238839983552
12.34913203680913
12.346773801428803
12.344160250748702
12.341287465225246
12.338151491164359
12.334748343158516
12.33107400666538
12.327124440731648
12.322895580865508
12.318383342060885
12.313583621976319
12.308492304271203
12.303105262101544
12.297418361777313
12.291427466582808
12.28512844076126
12.27851715366429
12.271589484066382
12.264341324644029
12.256768586618609
12.248867204561451
12.240633141358852
12.23206239333424
12.223150995523834
12.213895027101433
12.204290616947267
12.194333949354853
12.184021269869122
12.173348891248049
12.1623131994278
12.150910660094556
12.139137824489646
12.12699133598987
12.114467936513128
12.101564473008224
12.088277903988335
12.07460530609304
12.060543880662822
12.046090960309051
12.031244015461704
12.016000660876204
12.000358662080028
11.984315941739135
11.967870585923512
11.950627915240437
11.932530514215072
11.913636429280512
11.89399402009681
11.873643387655434
11.85261806006378
11.830946350106137
11.808652419160897
11.785757115790801
11.76227864247381
11.738233089934846
11.713634868327535
11.688497057196024
11.662831690850176
11.636649991907593
11.609962562880185
11.582779543528284
11.555110740074541
11.526965731123857
11.498353954175276
11.469284775865436
11.4397675484988
11.409811654958606
11.379426543725984
11.348621755441402
11.317406942205945
11.28579188062808
11.253786479464189
11.221400782571568
11.188644967784377
11.155529342232063
11.122064334542038
11.088260484301296
11.054128429092252
11.019680255053283
10.98492742215198
10.949881167989005
10.914552751018189
10.87895342884487
10.843094435543152
10.806986956789007
10.770642103402587
10.734070883090112
10.69728417019801
10.66029267321009
10.62310689961627
10.585737117655038
10.54819331427397
10.510485148451409
10.472621898763283
10.434612403739656
10.396464993105672
10.358187407396263
10.319786702608233
10.281269135408822
10.242640022808386
10.20390356789413
10.165062639843478
10.126118491387118
10.087070389158344
10.04791512018015
10.008646317904773
9.969253517662102
9.929720791935159
9.890024704531545
