8.10767835969693
5.909807254884841
5.912190801313807
5.914327045263907
5.916297660117815
5.918128657244589
5.919836331168666
5.921434518417446
5.922934351895054
5.924347351381229
5.92568277695043
5.926949131717454
5.9281539879154
5.929304079835659
5.9304053889602955
5.931463221861583
5.932482281357065
5.933466731341462
5.934420255682261
5.935346111551514
5.936247177557739
5.937125997043671
5.93798481690409
5.938825622283506
5.939650167496598
5.940460003507791
5.941256502290738
5.9420408783716345
5.942814207842444
5.943577445109557
5.9443314376239975
5.9450769388176585
5.945814619451125
5.946545077558278
5.9472694597841
5.947986405121411
5.948698181075495
5.949404557816849
5.95010588072574
5.950802460705839
5.951494578221908
5.952182486742609
5.952866415744331
5.953546573344697
5.954223148615006
5.954896313613353
5.9555662251746835
5.9562330264887615
5.956896848493511
5.9575578111072165
5.958216024319946
5.958871589162048
5.959524598565031
5.960175138128239
5.960823286802749
5.961469117502644
5.96211269765245
5.96275408967801
5.963393351447831
5.964030536670158
5.964665695251285
5.965298873619006
5.965930115015328
5.96655945976164
5.967186945499447
5.9678126074089635
5.96843647840813
5.96905858933389
5.969678969107456
5.970297644885282
5.970914642197142
5.971529985072174
5.972143696154683
5.97275579680984
5.973366307221006
5.97397524647878
5.9745826326628695
5.975188482917275
5.975792813519503
5.976395639943964
5.976996976920654
5.9775968384887035
5.978195237660039
5.978792188012159
5.979387701404518
5.979981789569831
5.980574463763994
5.981165734793704
5.98175561305059
5.982344108534473
5.982931230886712
5.983516989404286
5.984101393430197
5.984684450919845
5.985266170639955
5.9858465607283735
5.986425629074577
5.987003383333567
5.987579830938615
5.988154979112741
5.988728834879285
5.9893014050714335
5.9898726963406945
5.990442715164694
5.991011467854023
5.991578960558194
5.992145199271079
5.992710189835429
5.993273937946782
5.993836449156749
5.994397728875507
5.994957782373811
5.995516614784297
5.996074231102205
5.996630636185449
5.997185834754105
5.997739831389236
5.9982926305310516
5.998844236476484
5.9993946533759335
5.99994388522949
6.000491935882066
6.001038809018074
6.001584508154864
6.002129036635477
6.002672397620174
6.003214594076917
6.003755628770481
6.004295504250232
6.004834222836317
6.005371786604045
6.005908197366317
6.0064434566537175
6.006977565692105
6.00751052537722
6.008042336245866
6.008572998443076
6.009102511684874
6.009630875215522
6.0101580877585645
6.010684147460291
6.011209051824626
6.01173279763707
6.012255380876246
6.01277679660985
6.013297038871702
6.013816100515738
6.014333973041161
6.014850646381378
6.01536610864753
6.015880345813423
6.016393341325043
6.016905075610809
6.017415525459944
6.017924663222798
6.018432455765278
6.018938863078863
6.019443836394786
6.019947315566958
6.0204492253423725
6.020949469876974
6.021447924365672
6.021944421672965
6.022438725565019
6.022930504316946
6.0234192274671585
6.023903987923791
6.024382947379564
6.024850953760817
6.025818060831267
6.026315848862306
6.026814517724827
6.027313244604839
6.027811872152431
6.0283103417139685
6.028808611999177
6.02930664719465
6.029804415019033
6.030301886218537
6.0307990342874325
6.031295835237922
6.031792267393077
6.03228831119767
6.032783949044751
6.0332791651169195
6.03377394524057
6.034268276752421
6.034762148377004
6.0352555501142895
6.035748473136699
6.03624090969438
6.036732853028483
6.037224297291405
6.037715237473606
6.038205669336368
6.038695589350037
6.039184994637251
6.039673882920815
6.0401622524757155
6.040650102085058
