-35.26403340801099
-6.842184148527258
-28.232970571168657
-4.383084867180094
-28.642335715556754
-4.542193953496533
-28.99642832782043
-4.686079996705109
-29.30361825356102
-4.816475154042083
-29.570006228366722
-4.9348361048245115
-29.800529595512742
-5.042411644836086
-29.999348471156107
-5.140281917078937
-30.17001911424164
-5.229386622047545
-30.315602808756847
-5.310547069054741
-30.43874743746689
-5.384484060016042
-30.54175268729077
-5.45183262605168
-30.62662336194486
-5.513154271350359
-30.69511339649447
-5.56894720379924
-30.748762413259684
-5.61965492437409
-30.78892623007801
-5.665673470464884
-30.816802433795058
-5.707357549766833
-30.8334519067994
-5.7450257556245115
-30.83981701954574
-5.778965018585749
-30.83673706451251
-5.809434420203049
-30.824961398214914
-5.836668472177672
-30.805160671317484
-5.8608799455321225
-30.777936457693094
-5.882262319659516
-30.7438295377262
-5.900991909090683
-30.703327046371157
-5.917229716061311
-30.656868660220134
-5.931123048999339
-30.604851968358304
-5.942806940530435
-30.547637147734783
-5.952405393236677
-30.485551044069442
-5.960032476977226
-30.4188907431157
-5.9657932979136685
-30.34792670372793
-5.969784856335354
-30.27290551310972
-5.97209680783851
-30.194052315418666
-5.972812140286126
-30.111572957234433
-5.972007777190554
-30.02565588698145
-5.969755116656987
-29.936473840016877
-5.966120513756851
-29.844185336567705
-5.961165713124093
-29.748936015878748
-5.954948237654064
-29.65085982670168
-5.9475217384063574
-29.55008009151115
-5.93893631014829
-29.446710459499805
-5.929238776406587
-29.340855761414282
-5.918472947406355
-29.232612783972147
-5.906679853988047
-29.12207092920052
-5.89389795922213
-29.009312900671297
-5.8801633524824455
-28.894415202574855
-5.865509924111503
-28.777448679293283
-5.8499695260734335
-28.658478969048588
-5.833572118147382
-28.53756692071782
-5.81634590167149
-28.414768972076384
-5.79831744199069
-28.29013749346404
-5.77951178070552
-28.1637211004093
-5.759952538698815
-28.035564938345505
-5.739662010812134
-27.90571094219818
-5.718661252950227
-27.774198073317606
-5.69697016231038
-27.641062535958234
-5.6746075513610705
-27.50633797526641
-5.651591216129995
-27.37005565853197
-5.62793799930522
-27.23224464126967
-5.603663848602562
-27.092931919535147
-5.5787838708075785
-26.95214256973451
-5.553312381860708
-26.809899877057543
-5.527262953318555
-26.666225453550236
-5.5006484554925255
-26.52113934674173
-5.473481097537629
-26.374660139649592
-5.445772464738906
-26.226805042906715
-5.4175335532201165
-26.077589979681612
-5.388774802278836
-25.927029663998184
-5.359506124533628
-25.7751376730064
-5.329736934052786
-25.621926513699734
-5.299476172618584
-25.467407684531974
-5.2687323342681704
-25.311591732343217
-5.237513488239564
-25.154488304967153
-5.205827300440527
-24.996106199858755
-5.173681053548022
-24.836453409050236
-5.1410816658368566
-24.675537160716864
-5.108035708828081
-24.513363957608103
-5.074549423840202
-24.34993961257826
-5.040628737519397
-24.185269281429463
-5.0062792764189386
-24.019357493262834
-4.971506380692283
-23.85220817851534
-4.936315116959259
-23.683824694845956
-4.900710290399994
-23.51420985102034
-4.864696456127103
-23.343365928931163
-4.828277929882595
-23.171294703878758
-4.791458798102423
-22.997997463228
-4.7542429273884546
-22.823475023546624
-4.716633973424413
-22.647727746321387
-4.678635389369688
-22.47075555234166
-4.640250433762382
-22.29255793483178
-4.601482177960643
-22.113133971407045
-4.562333513149029
-21.93248233492261
-4.522807156934881
-21.75060130327871
-4.482905659557674
-21.56748876824
-4.442631409732736
-21.38314224332309
-4.401986640149145
-21.197558870801114
-4.360973432640046
-21.01073542787124
-4.319593723042581
-20.8226683320257
-4.277849305762964
-20.633353645666134
-4.235741838061646
-20.442787079994726
-4.193272844071793
-20.250963998216033
-4.1504437185639045
-20.05787941807842
-4.107255730468189
-19.863528013782652
-4.063710026165433
-19.667904117282635
-4.019807632556438
-19.471001719002075
-3.9755494599193546
-19.27281446798705
-3.93093630456344
-19.073335671515842
-3.8859688512873025
-18.872558294181808
-3.840647675648886
-18.670474956467864
-3.7949732460542
-18.467077932826214
-3.7489459256708817
-18.262359149278968
-3.7025659741727157
-18.0563101805506
-3.6558335493202057
-17.84892224674607
-3.608748708382426
-17.640186209584748
-3.561311409404637
-17.430092568200937
-3.5135215123260166
-17.218631454520125
-3.465378779951274
-17.005792628220416
-3.416882878779979
-16.791565471288315
-3.368033379696862
-16.575938982175465
-3.318829758526145
-16.358901769566128
-3.2692713964529596
-16.1404420457613
-3.219357580314316
-15.920547619688245
-3.169087502762298
-15.699205889541936
-3.118460262301682
-15.476403835066407
-3.0674748632043265
-15.252128009482947
-3.0161302153022045
-15.026364531073442
-2.964425133661275
-14.799099074426366
-2.9123583381379303
-14.570316861353795
-2.8599284528199456
-14.340002651488238
-2.8071340053537255
-14.108140732568945
-2.753973426159652
-13.874714910426638
-2.7004450475373
-13.639708498678464
-2.6465471026624097
-13.403104308144272
-2.592277724477559
-13.164884635996064
-2.5376349444783566
-12.9250312546549
-2.482616691397358
-12.683525400449957
-2.4272207897879627
-12.440347762054614
-2.371444958510443
-12.195478468718372
-2.315286809122902
-11.948897078312514
-2.2587438441797465
-11.7005825652099
-2.201813455440703
-11.450513308022211
-2.1444929219937454
-11.19866707721791
-2.0867794082953313
-10.945021022647438
-2.0286699621319753
-10.689551661004701
-1.9701615125074126
-10.432234863255033
-1.9112508674599187
-10.1730458420637
-1.851934711815077
-9.911959139260766
-1.7922096048793785
-9.648948613381146
-1.7320719780808917
-9.383987427322484
-1.6715181325636272
-9.11704803616597
-1.6105442367428155
-8.848102175207886
-1.5491463238290057
-8.57712084825565
-1.4873202893296007
-8.304074316243147
-1.4250618885370605
-8.028932086225977
-1.362366734013933
-7.751662900820265
-1.2992302930855189
-7.472234728154494
-1.2356478853521167
-7.190614752405995
-1.1716146802333085
-6.906769365001128
-1.1071256945581787
-6.620664156561164
-1.0421757902160154
-6.332263909681939
-0.9767596718833056
-6.041532592640527
-0.9108718848439606
-5.748433354126989
-0.8445068129206935
-5.452928519106797
-0.7776586765370658
-5.1549795859223435
-0.7103215309305122
-4.854547224751054
-0.6424892645384458
-4.5515912775419185
-0.5741555975806097
-4.246070759558563
-0.5053140808623621
-3.9379438626647656
-0.4359580948251178
-3.627167960492629
-0.3660808488714946
-3.3136996156418697
-0.2956753809944161
-2.9974945890653615
-0.2247345577410086
-2.6785078518007372
-0.15325107454353057
-2.3566935992162144
-0.08121745645137056
-2.032005267945508
-0.008626059299889697
-1.704395555691082
0.06453092864681928
-1.3738164440834817
0.13826148454013126
-1.0402192247893074
0.21257374823754657
-0.7035545290662919
0.287476018997584
-0.36377236096994503
0.36297675153507003
-0.020822134420905775
0.43908455139145824
0.3253472856532837
0.5158081695733917
0.6747875378836675
0.5931564964111248
1.0275507145108922
0.6711385545872462
1.3836893066982199
0.7497634912848501
1.7432561448786463
0.8290405694032293
2.1063043339100465
0.9089791577881201
2.47288718280924
0.9895887204229472
2.8430581288388588
1.0708788045266442
3.2168706557222144
1.1528590275036261
3.5943782057640514
1.235539062690952
3.9756340856621577
1.3189286238483424
4.360691365798147
1.403037448336715
4.7496027728065995
1.4878752789321248
5.14241959348554
1.5734515773600493
5.539195394340017
1.6597765536772482
5.939981474805094
1.746859909446998
6.344825628102084
1.8347105831577502
6.753778129656788
1.9233383191919287
7.166886990249219
2.012752428535413
7.584198920883578
2.102962057651306
