12.17293
3.990339833127283
3.9067254331229684
3.8263916209599618
3.7492563650756994
3.6752476761484587
3.604286109876054
3.536282902826177
3.4711408728095425
3.4087558364469492
3.3490181264665604
3.291814105746342
3.237027632160644
3.184541442400334
3.134238430250823
3.086002801129328
3.0397210906957097
2.995283040949708
2.9525823322294986
2.9115171737995205
2.871990759194361
2.8339115951612914
2.7971937149551644
2.761756787956453
2.72752613819747
2.6944326844936812
2.6624128145886807
2.631408205129302
2.60136559847891
2.5722365464276327
2.5439771298315104
2.5165476621585623
2.4899123838776838
2.4640391536250412
2.4388991411414835
2.414466526107117
2.3907182062114525
2.367633517092558
2.345193966155405
2.3233829817350538
2.302185678599383
2.2815886403839705
2.2615797192114884
2.24214785246405
2.223282896443324
2.204975476463447
2.187216852771584
2.169998801574355
2.1533135103615852
2.137153486657307
2.121511479288514
2.1063804112411586
2.091753323167678
2.0776233266182356
2.063983566086635
2.0508271889895546
2.0381473167364503
2.0259370462369906
2.014189427280401
2.002897441618839
1.9920540217306062
1.9816520450800728
1.971684338402591
1.962143684422999
1.953022830543885
1.944314499083407
1.9360113986865461
1.9281062365767994
1.9205917313549892
1.9134606260906324
1.9067057014853661
1.9003197889209844
1.8942957651017238
1.8886266357811359
1.8833054423422646
1.8783253420828407
1.8736796018525268
1.8693616079475392
1.865364875264863
1.8616830556927662
1.8583099457387318
1.8552394933799492
1.8524658041625732
1.8499831465553727
1.8477859565828796
1.8458688417634364
1.8442265843813719
1.8428541441250437
1.8417466601241268
1.8408994524208013
1.8403080229097117
1.8399680557818403
1.8398754175069254
1.8400261563883236
1.840416501723318
1.8410428626005748
1.8419018263650921
1.842990156779539
1.8443047919091633
1.8458428417558759
1.8476015856654673
1.8495784695300177
1.8517711028061499
1.8541772553678706
1.856794854211267
1.85962198002669
1.8626568636526437
1.865897882423955
1.8693435564257426
1.8729925446631073
1.8768436411554885
1.8808957709633296
1.8851479861538756
1.889599461711655
1.8942494913986643
1.8990974835682197
1.9041429671041097
1.9093855469950942
1.9148249595000555
1.9204610286461248
1.9262936715290984
1.932322893895165
1.938548696073755
1.9449714236897981
1.951591234463005
1.95840844458419
1.965423435791923
1.9726366512311229
1.9800485908746246
1.9876598068609266
1.995470898794515
2.0034825090161212
2.0116953178451586
2.0201101367917365
2.0287275150929616
2.0375483136692067
2.0465733160927875
2.055803320289858
2.0652391332297957
2.074881565987171
2.0847314288509047
2.0947895264439595
2.105056652853653
2.11553358677836
2.126221086697606
2.1371198860732132
2.1482306885896736
2.159554163442595
2.171090940684208
2.1828416066358027
2.194806699377052
2.2069867043227256
2.2193820498975896
2.23199310332063
2.244820166509779
2.2578634721188298
2.271123179718013
2.2845993721298914
2.298292051932274
2.312201138139565
2.326326463073975
2.340667769437651
2.3552247075964683
2.3699968330858456
2.3849836043485113
2.400184380713369
2.4155984206243053
2.4312248801267193
2.4470628116190616
2.4631111628755735
2.4793687763457846
2.4958343887350454
2.512506630869622
2.529384027848694
2.5464649994845074
2.5637478610308206
2.5812308242365805
2.5989119984565354
2.61678939261632
2.6348609166883636
2.653124384016723
2.671577513675011
2.69021793312024
2.709043181094835
2.7280507107668965
2.7472378930977976
2.7666020204253345
2.7861403102497535
2.8058499092092646
2.8257278972309163
2.845771291842073
2.865977052627369
2.8863420858152518
2.906863248978172
2.9275373558301303
2.948361181105039
2.9693314654992307
2.9904449206617953
3.0116982342159715
3.033088074795491
