529892.0774999999
141995.73235110712
141106.86224823166
140179.6916387106
139219.0371238085
138230.13332325852
137217.97980489754
136187.1223232806
135141.60827557027
134085.0080943002
133020.45862785887
131950.7109731824
130878.17608260937
129804.96591537577
128732.92969616422
127663.68553250193
126598.6478750306
125539.05134915514
124485.97145844056
123440.34260651654
122402.97382571474
121374.5625450186
120355.706680128
119346.9152852224
118348.61796926582
117361.17324758013
116384.87597381596
115419.93181050969
114466.5925285864
113524.96621604731
112595.15291453112
111677.21604955842
110771.18635285967
109877.06541552857
108994.82891281988
108124.42953490312
107265.79965306944
106418.85374651037
105583.49061242347
104759.59537835146
103947.0413343181
103145.69159969196
102355.40063844259
101576.01563480274
100807.37774056252
100049.32320361768
99301.68438720983
98564.29068812437
97836.96936162109
97119.5462601623
96411.84649293435
95713.69501210956
95024.91713190064
94345.3389858112
93674.7879272536
93013.09287838303
92360.08463157955
91715.5961078701
91079.46257636468
90451.52183818235
89831.6143784104
89219.58348948417
88615.27536860193
88018.53919226443
87429.22717034316
86847.19458190005
86272.29979525843
85704.40427381589
85143.37256986246
84589.07230764677
84041.37415750792
83500.15180206423
82965.28189602212
82436.64402035416
81914.12063203646
81397.59701013876
80886.96119892347
80382.10394885762
79882.91865583364
79389.30129935681
78901.15038005503
78418.36685685287
77940.85408421698
77468.51774971414
77001.26581215253
76539.00844047977
76081.65795356256
75629.12876116388
75181.3373059073
74738.20200668937
74299.64320328341
73865.58310239957
73435.94572507916
73010.65685559632
72589.64399172014
72172.83629642375
71760.16455108587
71351.5611099751
70946.95985623696
70546.29615917732
70149.50683288572
69756.53009619618
69367.30553386369
68981.78490671903
68599.87787603357
68221.56044876762
67846.76646034035
67475.44178550878
67107.53345647382
66742.989632322
66381.75956911656
66023.7935908698
65669.04306154109
65317.46035778647
64968.99884267422
64623.6128401678
64281.2576103972
63941.88932572189
63605.46504750823
63271.94270363307
62941.28106666668
62613.43973269742
62288.37910084062
61966.06035329571
61646.445436077745
61329.49704023638
61015.17858368323
60703.454193536694
60394.28868899575
60087.64756466405
59783.496974394
59481.80371561165
59182.535214040276
58885.65950887593
58591.14523839916
58298.96162595908
58009.07846638715
57721.46611275317
57436.095463508274
57152.93794996449
56871.96552414094
56593.15064691374
56316.46627650939
56041.88585730414
55769.3833088982
55498.93301552601
55230.50981570862
54964.08899221179
54699.6462622357
54437.15776788281
54176.600066876395
53917.950123516646
53661.18529985238
53406.283347104916
53153.22239731486
52901.98095516092
52652.537890037485
52404.87242831188
52158.96414574844
51914.79296018151
51672.33912431735
51431.5832187459
51192.50614510333
50955.089119439304
50719.31366569738
50485.16160939446
50252.61507144386
50021.65646210474
49792.268475127545
49564.434081990956
49338.13652627978
49113.359318258714
48890.08622948632
48668.301287618124
48447.988771310665
48229.133205252605
48011.71935529216
47795.73222371829
47581.1570445876
47367.97927924837
47156.1846118658
46945.758945136
46736.68839604501
46528.95929174853
46322.558165529415
46117.471752875004
45913.68698759329
45711.19099807671
45509.97110358647
45310.014810682274
45111.30980967029
44913.843971178685
44717.60534278458
44522.582145704626
44328.76277159637
44136.13577938871
43944.68989219033
43754.413994288814
43565.29712818094
43377.32849169312
