224.2386837630199
127.15655251741153
124.63542281342775
122.27268149973712
120.06567398025577
118.003045526278
116.07278834486908
114.26378286158086
112.56599891630759
110.97042935458458
109.46898091046795
108.05436835487033
106.72002009348752
105.45999553178042
104.26891301558379
103.14188699298748
102.07447315453065
101.0626204635502
100.10262913695003
99.19111376870697
98.32497090323378
97.50135046455169
96.71763053190601
95.97139502478073
95.26041392196859
94.58262569193518
93.93612165652935
93.31913204831896
92.73001355442979
92.16723816763624
91.6293831892807
91.11512224900933
90.62321722382787
90.15251095403559
89.70192066654292
89.27043202725858
88.85709375387904
88.46101272876543
88.08134955883611
87.71731453568933
87.36816395464633
87.03319675617092
86.71175145728766
86.40320334426558
86.10696190102234
85.82246845050754
85.54919398878529
85.28663719370715
85.03432259197463
84.79179887008394
84.55863731614015
84.33443038084967
84.11879034717894
83.91134809921022
83.71175198165466
83.51966674231218
83.33477255050958
83.1567640852027
82.9853496870291
82.82025056911957
82.66120008195715
82.50794302799783
82.36023502215224
82.2178418945715
82.08053913249546
81.94811135820132
81.82035184034405
81.69706203621294
81.57805116263533
81.46313579344674
81.35213948162034
81.24489240430286
81.14123102914759
81.04099780045964
80.94404084379283
80.85021368774028
80.75937500175789
80.67138834895411
80.58612195285575
80.50344847723854
80.42324481817764
80.34539190753674
80.26977452717271
80.19628113318495
80.12480368958744
80.05523751082866
79.98748111262091
79.92143607058449
79.85700688624354
79.79410085994395
79.73262797029314
79.67250075975099
79.61363422602463
79.55594571894531
79.49935484252552
79.44378336191795
79.38915511501423
79.33539592843943
79.28243353771572
79.23019751138382
79.1786191788827
79.12763156200378
79.07716930974804
79.02716863642297
78.97756726283103
78.92830436040842
78.87932049818318
78.83055759243037
78.78195885891034
78.73346876758323
78.68503299970054
78.63659840718103
78.58811297418396
78.53952578079972
78.49078696878239
78.4418477092538
78.39266017231475
78.34317749850139
78.29335377203218
78.24314399579085
78.19250406799806
78.14139076052602
78.08976169881315
78.03757534334194
77.9847909726404
77.93136866777732
77.87726929831722
77.82245450970754
77.76688671207128
77.71052907038
77.65334549598376
77.595300639478
77.53635988488571
77.47648934513764
77.41565585883279
77.35382698826315
77.29097101868662
77.22705695883499
77.1620545426419
77.09593423217859
77.02866722178405
76.96022544337741
76.890581572941
76.81970903816114
76.74758202721488
76.6741754986914
76.59946519263494
76.52342764269648
76.44604018938229
76.36728099438488
76.28712905598182
76.20556422548928
76.12256722475327
76.03811966466202
75.9522040646628
75.86480387326428
75.77590348950383
75.68548828536014
75.59354462908742
75.50005990944773
75.40502256081628
75.30842208913187
75.21024909866406
75.11049531956523
75.0091536361762
74.90621811604832
74.80168403964666
74.69554793069221
74.58780758710247
74.47846211248299
74.36751194812355
74.25495890544475
74.14080619884031
74.02505847885631
73.90772186564108
73.78880398259902
73.668313990173
73.54626261967483
73.42266220707758
73.29752672667581
73.17087182451078
73.04271485144932
72.91307489579465
72.7819728152964
72.64943126841344
72.51547474466857
72.38012959391925
72.24342405434957
72.10538827896748
71.96605436037021
71.82545635351525
71.68363029620383
71.54061426660029
71.39644830833174
71.25117442026206
71.10483674337314
70.9574814666081
70.80915677694644
70.65991289527311
70.50980206034122
224.2386837630199
127.15655251741153
124.63542281342775
122.27268149973712
120.06567398025577
118.003045526278
116.07278834486908
114.26378286158086
112.56599891630759
110.97042935458458
109.46898091046795
108.05436835487033
106.72002009348752
105.45999553178042
104.26891301558379
103.14188699298748
102.07447315453065
101.0626204635502
100.10262913695003
99.19111376870697
98.32497090323378
97.50135046455169
96.71763053190601
95.97139502478073
95.26041392196859
94.58262569193518
93.93612165652935
93.31913204831896
92.73001355442979
92.16723816763624
91.6293831892807
91.11512224900933
90.62321722382787
90.15251095403559
89.70192066654292
89.27043202725858
88.85709375387904
88.46101272876543
88.08134955883611
87.71731453568933
87.36816395464633
87.03319675617092
86.71175145728766
86.40320334426558
86.10696190102234
85.82246845050754
85.54919398878529
85.28663719370715
85.03432259197463
84.79179887008394
84.55863731614015
84.33443038084967
84.11879034717894
83.91134809921022
83.71175198165466
83.51966674231218
83.33477255050958
83.1567640852027
82.9853496870291
82.82025056911957
82.66120008195715
82.50794302799783
82.36023502215224
82.2178418945715
82.08053913249546
81.94811135820132
81.82035184034405
81.69706203621294
81.57805116263533
81.46313579344674
81.35213948162034
81.24489240430286
81.14123102914759
81.04099780045964
80.94404084379283
80.85021368774028
80.75937500175789
80.67138834895411
80.58612195285575
80.50344847723854
80.42324481817764
80.34539190753674
80.26977452717271
80.19628113318495
80.12480368958744
80.05523751082866
79.98748111262091
79.92143607058449
79.85700688624354
79.79410085994395
79.73262797029314
79.67250075975099
79.61363422602463
79.55594571894531
79.49935484252552
79.44378336191795
79.38915511501423
79.33539592843943
79.28243353771572
79.23019751138382
79.1786191788827
79.12763156200378
79.07716930974804
79.02716863642297
78.97756726283103
78.92830436040842
78.87932049818318
78.83055759243037
78.78195885891034
78.73346876758323
78.68503299970054
78.63659840718103
78.58811297418396
78.53952578079972
78.49078696878239
78.4418477092538
78.39266017231475
78.34317749850139
78.29335377203218
78.24314399579085
78.19250406799806
78.14139076052602
78.08976169881315
78.03757534334194
77.9847909726404
77.93136866777732
77.87726929831722
77.82245450970754
77.76688671207128
77.71052907038
77.65334549598376
77.595300639478
77.53635988488571
77.47648934513764
77.41565585883279
77.35382698826315
77.29097101868662
77.22705695883499
77.1620545426419
77.09593423217859
77.02866722178405
76.96022544337741
76.890581572941
76.81970903816114
76.74758202721488
76.6741754986914
76.59946519263494
76.52342764269648
76.44604018938229
76.36728099438488
76.28712905598182
76.20556422548928
76.12256722475327
76.03811966466202
75.9522040646628
75.86480387326428
75.77590348950383
75.68548828536014
75.59354462908742
75.50005990944773
75.40502256081628
75.30842208913187
75.21024909866406
75.11049531956523
75.0091536361762
74.90621811604832
74.80168403964666
74.69554793069221
74.58780758710247
74.47846211248299
74.36751194812355
74.25495890544475
74.14080619884031
74.02505847885631
73.90772186564108
73.78880398259902
73.668313990173
73.54626261967483
73.42266220707758
73.29752672667581
73.17087182451078
73.04271485144932
72.91307489579465
72.7819728152964
72.64943126841344
72.51547474466857
72.38012959391925
72.24342405434957
72.10538827896748
71.96605436037021
71.82545635351525
71.68363029620383
71.54061426660029
71.39644830833174
71.25117442026206
71.10483674337314
70.9574814666081
70.80915677694644
70.65991289527311
70.50980206034122
