485.20428209319584
257.1210660352007
261.9691245029974
266.6527047877753
271.16013188161446
275.4809405885624
279.60632072315997
283.5292461570905
287.24451076783566
290.7487141356441
294.0402077665766
297.1190077110129
299.98667925122794
302.6461996846554
305.1018053812108
307.3588291435977
309.4235334819651
311.30294479301085
313.0046926790391
314.53685782149233
315.90783099424704
317.1261850110128
318.2005606825033
319.1395672343648
319.951697117215
320.64525472762335
321.22829824888925
321.70859360383105
322.0935793764757
322.39034149229536
322.60559643410926
322.7456818004104
322.81655307327856
322.82378554449133
322.7725804427464
322.6677744055406
322.51385154115195
322.3149574255586
322.07491447338293
321.79723820928695
321.4851540457003
321.1416142438415
320.7693147976857
320.37071203509703
319.9480387772568
319.5033199373626
319.0383874730142
318.5548946344613
318.054329473572
317.5380275967349
317.0071841594576
316.4628651118033
315.9060177124421
315.3374803355153
314.75799159904903
314.16819884669
313.5686627982365
312.95987782797783
312.3422592683102
311.71616225326517
311.0818847248031
310.43967256478163
309.7897244935227
309.13219658391904
308.46720641774425
307.7948369098872
307.11513982471496
306.4281390072579
305.73383335033355
305.0321995174833
304.3231944400357
303.60675760553937
302.8828079809632
302.15126578693224
301.41202569441873
300.66497666405525
299.90999904899684
299.14696593139905
298.3757443423093
297.5961963735679
296.80818019337875
296.01155096991187
295.2061617148913
294.3918640522156
293.56850891924506
292.735947207035
291.8940303454492
291.04261083865373
290.1815427560773
289.3106821835428
288.42988763889724
287.53902045613563
286.6379451416613
285.7265297060374
284.80464597427084
283.87216987740317
282.9289817279117
281.97496648118346
281.0100139850859
280.03401921943856
279.046882526992
278.0485098373175
277.0388128848291
276.01770942200704
274.98512342870583
273.9409853183103
272.88523214134153
271.81780778700244
270.73866318302265
269.6477564940534
268.54505331875947
267.43052688565473
266.30415824764077
265.1659364751183
264.01585884746703
262.85393104261067
261.6801676439831
260.4945910881328
259.29723363331084
258.088136397448
256.86734980020134
255.63493373280738
254.39095632867685
253.1354990007806
251.86865053220495
250.59051010571238
249.30118725324522
248.00080186563824
246.68948428966533
245.36737542764897
244.03462682683323
242.69140075592486
241.33787026765057
239.9742204799164
238.60064431936797
237.2173477902438
235.82454754034
234.42247095007207
233.01135619629912
231.59145220660835
230.16301857996294
228.7263254839628
227.28165352962276
225.82929362331376
224.3695467953884
222.90272400506927
221.42914592125425
219.94914267898525
218.4630536114251
216.97122695728547
215.4740195437597
213.97179644512497
212.46493061729262
210.95380250870443
209.43879964809594
207.9203162097658
206.398752557117
204.87451476535668
203.34801412435917
201.81966662282613
200.28989241497314
198.75911527110856
197.22776201355208
195.69626193945697
194.1650462321773
192.63454736292033
191.10519848448118
189.57743281893855
188.05168304123026
186.5283806605774
185.00795540175739
183.49083458824043
181.97744252921606
180.46819991252798
178.96352320551765
177.4638240657504
175.96950876620215
174.4809776182793
172.99862444975156
171.52283604763343
170.05399165891808
168.59246249623118
167.13861126791565
165.69279173131713
164.2553482704806
162.82661549935207
161.40691789144358
159.9965694367903
158.59587332689495
157.2051216682128
155.82459522459848
154.45456318899727
153.09528298452952
151.74700009498352
150.4099479246063
149.08434768695267
147.77040832244413
146.46832644415593
145.17828631127253
143.90045982952302
485.20428209319584
257.1210660352007
261.9691245029974
266.6527047877753
271.16013188161446
275.4809405885624
279.60632072315997
283.5292461570905
287.24451076783566
290.7487141356441
294.0402077665766
297.1190077110129
299.98667925122794
302.6461996846554
305.1018053812108
307.3588291435977
309.4235334819651
311.30294479301085
313.0046926790391
314.53685782149233
315.90783099424704
317.1261850110128
318.2005606825033
319.1395672343648
319.951697117215
320.64525472762335
321.22829824888925
321.70859360383105
322.0935793764757
322.39034149229536
322.60559643410926
322.7456818004104
322.81655307327856
322.82378554449133
322.7725804427464
322.6677744055406
322.51385154115195
322.3149574255586
322.07491447338293
321.79723820928695
321.4851540457003
321.1416142438415
320.7693147976857
320.37071203509703
319.9480387772568
319.5033199373626
319.0383874730142
318.5548946344613
318.054329473572
317.5380275967349
317.0071841594576
316.4628651118033
315.9060177124421
315.3374803355153
314.75799159904903
314.16819884669
313.5686627982365
312.95987782797783
312.3422592683102
311.71616225326517
311.0818847248031
310.43967256478163
309.7897244935227
309.13219658391904
308.46720641774425
307.7948369098872
307.11513982471496
306.4281390072579
305.73383335033355
305.0321995174833
304.3231944400357
303.60675760553937
302.8828079809632
302.15126578693224
301.41202569441873
300.66497666405525
299.90999904899684
299.14696593139905
298.3757443423093
297.5961963735679
296.80818019337875
296.01155096991187
295.2061617148913
294.3918640522156
293.56850891924506
292.735947207035
291.8940303454492
291.04261083865373
290.1815427560773
289.3106821835428
288.42988763889724
287.53902045613563
286.6379451416613
285.7265297060374
284.80464597427084
283.87216987740317
282.9289817279117
281.97496648118346
281.0100139850859
280.03401921943856
279.046882526992
278.0485098373175
277.0388128848291
276.01770942200704
274.98512342870583
273.9409853183103
272.88523214134153
271.81780778700244
270.73866318302265
269.6477564940534
268.54505331875947
267.43052688565473
266.30415824764077
265.1659364751183
264.01585884746703
262.85393104261067
261.6801676439831
260.4945910881328
259.29723363331084
258.088136397448
256.86734980020134
255.63493373280738
254.39095632867685
253.1354990007806
251.86865053220495
250.59051010571238
249.30118725324522
248.00080186563824
246.68948428966533
245.36737542764897
244.03462682683323
242.69140075592486
241.33787026765057
239.9742204799164
238.60064431936797
237.2173477902438
235.82454754034
234.42247095007207
233.01135619629912
231.59145220660835
230.16301857996294
228.7263254839628
227.28165352962276
225.82929362331376
224.3695467953884
222.90272400506927
221.42914592125425
219.94914267898525
218.4630536114251
216.97122695728547
215.4740195437597
213.97179644512497
212.46493061729262
210.95380250870443
209.43879964809594
207.9203162097658
206.398752557117
204.87451476535668
203.34801412435917
201.81966662282613
200.28989241497314
198.75911527110856
197.22776201355208
195.69626193945697
194.1650462321773
192.63454736292033
191.10519848448118
189.57743281893855
188.05168304123026
186.5283806605774
185.00795540175739
183.49083458824043
181.97744252921606
180.46819991252798
178.96352320551765
177.4638240657504
175.96950876620215
174.4809776182793
172.99862444975156
171.52283604763343
170.05399165891808
168.59246249623118
167.13861126791565
165.69279173131713
164.2553482704806
162.82661549935207
161.40691789144358
159.9965694367903
158.59587332689495
157.2051216682128
155.82459522459848
154.45456318899727
153.09528298452952
151.74700009498352
150.4099479246063
149.08434768695267
147.77040832244413
146.46832644415593
145.17828631127253
143.90045982952302
