16.250927458721357
16.250418289574863
16.249890287720444
16.24934823805657
16.248793022261022
16.2482248657966
16.247643909189833
16.247050310112005
16.246444261528953
16.2458259947306
16.245195779526703
16.24455392381345
16.24390077292183
16.24323670883941
16.242562149337665
16.241877547023307
16.24118338832623
16.24048019243169
16.23976851016033
16.239048922795728
16.23832204085575
16.23758850280164
16.236848973676445
16.236104143663727
16.235354726556505
16.234601458127226
16.23384509438995
16.233086409747706
16.232326195019784
16.231565255346002
16.230804407967646
16.230044479887532
16.229286305414526
16.228530723600784
16.22777857558283
16.227030701840203
16.226287939388108
16.225551118922493
16.22482106193802
16.224098577840994
16.223384461080226
16.222679488319812
16.22198441567781
16.221299976054816
16.220626876575743
16.21996579616712
16.219317383290747
16.218682253852894
16.218060989306007
16.217454134957613
16.216862198498614
16.2162856487603
16.215724914706726
16.215180384666283
16.21465240580335
16.214141283828322
16.21364728294156
16.21317062662549
16.212711495470877
16.212270031746968
16.211846337439827
16.21144047594902
16.211052473216178
16.210682319006246
16.21032996832052
16.209995342923335
16.209678332964916
16.209378798682867
16.20909657216559
16.208831459160958
16.208583240914816
16.208351676024254
16.20813650229194
16.20793743849578
16.207754186508076
16.207586432617216
16.20743384958674
16.207296098264916
16.207172829215967
16.207063684287352
16.20696829810783
16.20688629951258
16.2068173128925
16.20676095946574
16.20671685847034
16.206684628277653
16.206663887426735
16.20665425558071
16.206655354406376
16.206666808378955
16.20668824551418
16.206719298030247
16.20675960294243
16.206808802593283
16.20686654512159
16.206932484873295
16.20700628275768
16.2070876065521
16.207176131158587
16.20727153881562
16.207373519268213
16.207481769899527
16.207595995826978
16.207715909965856
16.207841233063203
16.207971693704675
16.208107028296943
16.208246981028076
16.20839130380814
16.20853975619227
16.208692105288108
16.2088481256496
16.209007599158845
16.20917031489763
16.20933606901019
16.209504664558537
16.209675911371626
16.20984962588958
16.210025631061875
16.21020375599118
16.21038383599796
16.210565712347456
16.21074923209459
16.21093424791919
16.21112061559127
16.211308202651576
16.211496876204635
16.21168650956166
16.211876981038742
16.212068173635643
16.21225997485896
16.212452276568694
16.21264497483096
16.212837969774565
16.21303116777072
16.213224472626106
16.21341779727189
16.213611056949592
16.2138041701101
16.21399705845601
16.214189646847704
16.214381863193164
16.214573638338486
16.2147649059617
16.21495560247023
16.21514566690183
16.21533504082912
16.215523668267522
16.2157114955866
16.215898471424662
16.216084546606616
16.21626967406492
16.216453808763617
16.21663690762526
16.21681892946079
16.2169998349021
16.21717958633738
16.21735814784897
16.217535485153793
16.217711565546157
16.217886357842925
16.218059832330912
16.218231960716444
16.218402716077016
16.218572072814894
16.218740006612684
16.2189064943907
16.219071514266098
16.219235045513702
16.219397068528426
16.219557564789216
16.219716516824484
16.219873908178926
16.220029723381693
16.220183947915796
16.220336568188745
16.220487571504304
16.220636946035395
16.220784680797966
16.2209307656259
16.221075225387704
16.22121797661596
16.221359056707602
16.221498454645968
16.2216361634152
16.221772177187596
16.221906490876098
16.222039100051568
16.22217000091493
16.22229919027792
16.222426665545626
16.222552424699668
16.222676466281843
16.222798789378295
16.22291939360402
16.223038279087817
16.22315544645758
16.223270896825937
16.223384631776245
16.223496653348878
