6.02812930881977
6.023962374191869
6.019140274780571
6.014347850486705
6.00958695372969
6.004859210126148
6.000165735088067
5.995507300469805
5.990884417479222
5.9862973977304055
5.981746398231664
5.977231455133531
5.972752509571459
5.968309427857098
5.963902017539621
5.959530040376185
5.95519322295241
5.950891265444671
5.946623848935457
5.942390641535518
5.938191303538673
5.9340254917660555
5.9298928632383685
5.925793078254101
5.921725802988187
5.9176907116492865
5.913687488275882
5.909715828198371
5.905775439214984
5.9018660425331015
5.897987373464701
5.894139181950768
5.890321232906603
5.886533306414123
5.882775197790392
5.879046717533617
5.875347691171203
5.871677959018754
5.868037375872452
5.8644258106199825
5.860843145813866
5.857289277188569
5.853764113136077
5.850267574163433
5.846799592302252
5.843360110530312
5.839949082145526
5.836566470149967
5.833212246626471
5.8298863921032895
5.826588894929846
5.8233197506495475
5.820078961384183
5.816866535223518
5.813682485621002
5.8105268308077935
5.807399593222961
5.804300798950565
5.801230477173263
5.798188659650104
5.795175380198214
5.792190674207544
5.789234578163565
5.786307129186725
5.78340836460339
5.780538321521192
5.77769703643269
5.774884544827639
5.7721008808424035
5.769346076905621
5.76662016341912
5.763923168448545
5.761255117438741
5.75861603293595
5.75600593433824
5.753424837658835
5.75087275530239
5.748349695859924
5.745855663926533
5.743390659923973
5.740954679940785
5.73854771559159
5.736169753883711
5.733820777106862
5.731500762725312
5.729209683286654
5.7269475063462245
5.724714194400892
5.722509704832263
5.720333989866574
5.718186996535303
5.716068666659141
5.7139789368241205
5.711917738386044
5.70988499747091
5.707880634989791
5.7059045666562715
5.7039567030170195
5.702036949486945
5.700145206392023
5.698281369015523
5.696445327657267
5.694636967694923
5.692856169644207
5.6911028092375595
5.689376757494318
5.687677880807605
5.686006041024506
5.6843610955365795
5.682742897373475
5.681151295297154
5.679586133900494
5.678047253711875
5.676534491293812
5.675047679356527
5.673586646859143
5.67215121912516
5.670741217952356
5.669356461724442
5.66799676552828
5.666661941266439
5.6653517977776
5.664066140946453
5.6628047738268315
5.661567496757516
5.660354107476447
5.6591644012434275
5.657998170951081
5.656855207245876
5.6557352986436165
5.654638231645712
5.653563790851398
5.652511759073662
5.6515170012864715
5.650543158715046
5.649590059546872
5.6486575197242015
5.647745346657252
5.646853341650947
5.645981301535487
5.645129019785132
5.644296287303364
5.643482893000679
5.642688624220403
5.641913267075268
5.641156606713661
5.640418427538758
5.63969851339537
5.638996647728546
5.638312613725778
5.6376461944390375
5.636997172899891
5.636365332220564
5.635750455686801
5.635152326845909
5.63457072958678
5.6340054482144435
5.633456267520386
5.632922972848202
5.632405350157713
5.631903186081711
5.6314162679836794
5.630944384012548
5.630487323150942
5.630044875267223
5.629616831161178
5.629202982610367
5.628803122412778
5.62841704442979
5.6280445436266575
5.627685416111549
5.627339459174327
5.627006471323316
5.626686252319369
5.626378603212443
5.626083326373893
5.62580022552828
5.625529105784999
5.625269773668366
5.6250220371458175
5.624785705656347
5.624560590137557
5.6243465013554
5.624143255091498
5.623950666927246
5.623768555502253
5.6235967380696925
5.623435035058572
5.6232832685532745
5.6231412623123616
5.623008841785159
5.622885834128141
5.622772068219575
5.622667374673691
5.622571585853058
5.6224845358803766
5.622406060648966
5.6223359978322405
5.622274186891876
