483.3492412622993
275.2699163775583
274.4375373186822
273.5662173908211
272.65859967054365
271.7173358184572
270.7450982654473
269.74454829203455
268.71829883783755
267.6688798305249
266.59870805897276
265.51006236134765
264.40506444017325
263.28566531490856
262.15363717913124
261.01057023520224
259.8578739366201
258.6967819773996
257.52836032526005
256.3535175948607
255.1730170906282
253.98748990704416
252.79744854903373
251.6033006185411
250.4053621990404
249.2038706526178
247.99899662073108
246.79085508759852
245.57951542316033
244.36501037046818
243.14734398047545
241.92649852638203
240.70244045091462
239.47512541438738
238.24450252024587
237.01051779916435
235.7731170336398
234.53224800327456
233.28786222733208
232.03991627626905
230.78837271828152
229.53320076085
228.27437664110866
227.01188381278592
225.7457129716455
224.47586195588136
223.20233555283565
221.92514523876562
220.64430887417467
219.35985037344946
218.07179936417592
216.78019084854773
215.4850648766572
214.1864662392003
212.88444418514436
211.57905216822698
210.27033488433594
208.95838020596005
207.64323924659436
206.32498028440202
205.00367510867392
203.6793988583291
202.35222998177787
201.02225022073728
199.6895446147762
198.35420152353976
197.01631266353039
195.67597315636135
194.333281585218
192.98834005682596
191.64125426568842
190.29213355806974
188.9410771527729
187.58822748855624
186.2336933976453
184.877599382384
183.5200738288915
182.1612490221463
180.80126114770053
179.44025027499958
178.07836033330423
176.71573905985812
175.3525379396094
173.98891212442783
172.6250203357326
171.26102475010958
169.89709086823362
168.53338736755907
167.17008593939667
165.8073611111082
164.4453900542879
163.08435237989073
161.72442992136723
160.36580650694464
159.00866772226072
157.653200664615
156.29959369014222
154.9480361552512
153.59871815368726
152.25183025059263
150.9075632149298
149.56610775163617
148.22765423483918
146.8923924434528
145.5605113004173
144.23219861681497
142.90764084202613
141.58702282104247
140.27052755997437
138.95833600072442
137.65062680571975
136.34757615350932
135.04935754595277
133.75614162763256
132.46809601803187
131.18538515693226
129.9081702770637
128.63660882266367
127.37085501720757
126.11105931050027
124.85736840713581
123.60992519548053
122.36886776677646
121.1343330664187
119.90645131941906
118.68534970866885
117.47115144856417
116.26397578938857
115.063938034635
113.87114956909322
112.68571789682163
111.50774668825068
110.33733583566057
109.17458241106432
108.01957715316546
106.87240992431849
105.7331662001813
104.6019280515629
103.47877423491377
102.36378028411985
101.25701860405115
100.1585585652566
99.06846659909019
97.98680629255509
96.91363848219856
95.84902134640946
94.79301049552981
93.74565905921803
92.70701777055906
91.67713504645822
90.65605706390957
89.6438278317707
88.6404892577397
87.64608121026907
86.66064157521163
85.68420630703699
84.71680947451368
83.75848330079627
82.80925819790535
81.86916279563668
80.93822396497288
80.01646683612533
79.10391481135366
78.20058957276991
77.30651108534666
76.42169759539415
75.54616562479272
74.67992996129175
73.82300364521004
72.9753979528864
72.13712237725099
71.30818460589126
70.48859049700226
69.67834405360986
68.87744739646304
68.08590073598783
67.30370234879491
66.5308485233837
65.76733358267137
65.0131498048997
64.26828742213047
63.532734589312696
62.80647736003288
62.08949966412799
61.38178328744025
60.68330785396588
59.99405081062972
59.31398741489675
58.64309072540364
57.98133159576864
57.32867867172113
56.685098391655515
56.05055499070291
55.42501050837919
54.80842479985525
54.20075555085946
53.60195829621688
53.01198644199313
52.430791291203406
51.85832207301952
483.3492412622993
275.2699163775583
274.4375373186822
273.5662173908211
272.65859967054365
271.7173358184572
270.7450982654473
269.74454829203455
268.71829883783755
267.6688798305249
266.59870805897276
265.51006236134765
264.40506444017325
263.28566531490856
262.15363717913124
261.01057023520224
259.8578739366201
258.6967819773996
257.52836032526005
256.3535175948607
255.1730170906282
253.98748990704416
252.79744854903373
251.6033006185411
250.4053621990404
249.2038706526178
247.99899662073108
246.79085508759852
245.57951542316033
244.36501037046818
243.14734398047545
241.92649852638203
240.70244045091462
239.47512541438738
238.24450252024587
237.01051779916435
235.7731170336398
234.53224800327456
233.28786222733208
232.03991627626905
230.78837271828152
229.53320076085
228.27437664110866
227.01188381278592
225.7457129716455
224.47586195588136
223.20233555283565
221.92514523876562
220.64430887417467
219.35985037344946
218.07179936417592
216.78019084854773
215.4850648766572
214.1864662392003
212.88444418514436
211.57905216822698
210.27033488433594
208.95838020596005
207.64323924659436
206.32498028440202
205.00367510867392
203.6793988583291
202.35222998177787
201.02225022073728
199.6895446147762
198.35420152353976
197.01631266353039
195.67597315636135
194.333281585218
192.98834005682596
191.64125426568842
190.29213355806974
188.9410771527729
187.58822748855624
186.2336933976453
184.877599382384
183.5200738288915
182.1612490221463
180.80126114770053
179.44025027499958
178.07836033330423
176.71573905985812
175.3525379396094
173.98891212442783
172.6250203357326
171.26102475010958
169.89709086823362
168.53338736755907
167.17008593939667
165.8073611111082
164.4453900542879
163.08435237989073
161.72442992136723
160.36580650694464
159.00866772226072
157.653200664615
156.29959369014222
154.9480361552512
153.59871815368726
152.25183025059263
150.9075632149298
149.56610775163617
148.22765423483918
146.8923924434528
145.5605113004173
144.23219861681497
142.90764084202613
141.58702282104247
140.27052755997437
138.95833600072442
137.65062680571975
136.34757615350932
135.04935754595277
133.75614162763256
132.46809601803187
131.18538515693226
129.9081702770637
128.63660882266367
127.37085501720757
126.11105931050027
124.85736840713581
123.60992519548053
122.36886776677646
121.1343330664187
119.90645131941906
118.68534970866885
117.47115144856417
116.26397578938857
115.063938034635
113.87114956909322
112.68571789682163
111.50774668825068
110.33733583566057
109.17458241106432
108.01957715316546
106.87240992431849
105.7331662001813
104.6019280515629
103.47877423491377
102.36378028411985
101.25701860405115
100.1585585652566
99.06846659909019
97.98680629255509
96.91363848219856
95.84902134640946
94.79301049552981
93.74565905921803
92.70701777055906
91.67713504645822
90.65605706390957
89.6438278317707
88.6404892577397
87.64608121026907
86.66064157521163
85.68420630703699
84.71680947451368
83.75848330079627
82.80925819790535
81.86916279563668
80.93822396497288
80.01646683612533
79.10391481135366
78.20058957276991
77.30651108534666
76.42169759539415
75.54616562479272
74.67992996129175
73.82300364521004
72.9753979528864
72.13712237725099
71.30818460589126
70.48859049700226
69.67834405360986
68.87744739646304
68.08590073598783
67.30370234879491
66.5308485233837
65.76733358267137
65.0131498048997
64.26828742213047
63.532734589312696
62.80647736003288
62.08949966412799
61.38178328744025
60.68330785396588
59.99405081062972
59.31398741489675
58.64309072540364
57.98133159576864
57.32867867172113
56.685098391655515
56.05055499070291
55.42501050837919
54.80842479985525
54.20075555085946
53.60195829621688
53.01198644199313
52.430791291203406
51.85832207301952
