0.0003535399005028052
0.0003583335054086648
0.0003633296430418254
0.00036847700531119905
0.00037376611368053665
0.00037919452855075055
0.00038476072744114367
0.0003904630105513992
0.00039629930562990834
0.00040226713482140793
0.0004083636118451476
0.00041458544589549655
0.0004209289478739865
0.0004273900379863062
0.0004339642543705687
0.00044064676256857057
0.0004474323657141751
0.0004543155153611777
0.00046129032291702363
0.0004683505716883565
0.0004754897295783735
0.00048270096250314123
0.0004899771486137083
0.0004973108934228006
0.0005046945459391461
0.0005121202159095112
0.0005195797922588819
0.0005270649628037022
0.000534567235292619
0.0005420779598045516
0.0005495883525063082
0.000557089520742197
0.0005645724893971175
0.0005720282284435254
0.0005794476815520497
0.000586821795616503
0.0005941415510170863
0.0006013979924215509
0.0006085822599034291
0.000615685620139738
0.0006226994974381402
0.0006296155043356622
0.0006364254715079452
0.0006431214767296156
0.000649695872632682
0.0006561413130207322
0.0006624507775117188
0.0006686175943011381
0.00067463546085965
0.0006804984624044706
0.000686201088011325
0.0006917382442629469
0.0006971052663603187
0.0007022979266535354
0.0007073124405795802
0.000712145470024011
0.0007167941241519094
0.0007212559514607149
0.0007255289619064492
0.0007296115801107359
0.0007335026651531725
0.0007372014928279618
0.000740707743624282
0.0007440214890443625
0.0007471431764848478
0.0007500736128768387
0.000752813947274366
0.0007553656525786271
0.0007577305065815143
0.0007599105725059546
0.0007619081792131423
0.0007637259012373815
0.0007653665387989618
0.0007668330985784729
0.000768128771438451
0.0007692569172493044
0.0007702210432801595
0.0007710247866507878
0.0007716718967043661
0.0007721662180657998
0.0007725116744422713
0.0007727122532083202
0.0007727719908061018
0.0007726949589832294
0.000772485251880188
0.0007721469739722399
0.0007716842288631378
0.0007711011089216094
0.0007704016857459665
0.0007695900014373419
0.0007686700606579121
0.0007676458234471137
0.0007665211987659906
0.0007653000387377683
0.0007639861335509611
0.0007625832069903406
0.0007610949125603004
0.000759524830164901
0.0007578764633089208
0.0007561532367845993
0.0007543584948093475
0.0007524954995805383
0.00075056743021449
0.000748577382037907
0.0007465283662012893
0.000744423309585198
0.0007422650549716391
0.0007400563614543179
0.0007377999050629518
0.000735498279578328
0.0007331539975162498
0.0007307694912599568
0.0007283471143220229
0.0007258891427181188
0.0007233977764363012
0.0007208751409868503
0.0007183232890188282
0.0007157442019907086
0.0007131397912604676
0.000710511901914869
0.0007078623120680985
0.0007051927357956217
0.0007025048248000364
0.0006998001701793991
0.0006970803297030923
0.0006943467343846191
0.0006916008198560153
0.0006888439548673334
0.0006860774542183022
0.000683302582211654
0.0006805205545524883
0.0006777325399958851
0.0006749396619280673
0.0006721429999062444
0.0006693435662032596
0.0006665424005602483
0.0006637404444151499
0.0006609386142175943
0.0006581377917509963
0.0006553388236739008
0.0006525425225257673
0.0006497496679096478
0.0006469610076659186
0.0006441772590108403
0.0006413991096366138
0.0006386272187730654
0.000635862218211546
0.000633104713291827
0.0006303552838527943
0.0006276144851478167
0.0006248828487256842
0.0006221608832780311
0.0006194490754542104
0.0006167478906445712
0.0006140577737331145
0.00061137914982052
0.0006087124249185005
0.0006060579866165074
0.0006034162047217022
0.0006007874318732306
0.0005981720041316991
0.0005955702415448334
0.0005929824486902352
0.0005904089151961467
0.0005878499162411493
0.0005853057130336171
0.0005827765532718535
0.0005802626715856948
0.0005777642899604111
0.0005752816181437133
0.0005728148540366239
0.0005703641840689536
0.0005679297835601277
0.0005655118170660509
0.0005631104387126868
0.0005607257925170186
0.0005583580126960093
0.0005560072239641359
0.0005536735418203015
0.000551357072824166
0.0005490575468919313
0.0005467758578124642
0.0005445116008260217
0.000542264891109916
0.0005400358007319969
0.0005378243888875254
0.000535630706716295
0.0005334547982003506
0.0005312967004720273
0.00052915644402924
0.000527034052932274
0.0005249295449933765
0.0005228429319611068
0.0005207742196999326
0.0005187234083653862
0.0005166904925749836
0.0005146754615751706
0.0005126782994044496
0.0005106989850529172
0.0005087374926183473
