36.58923398106886
36.620355751246215
36.65156550221024
36.68286351162691
36.71425005257686
36.745725395963895
36.777289810757594
36.808943563992386
36.84068692073767
36.87252014406292
36.904443495000294
36.936457232505205
36.96856161341488
37.00075689240476
37.03304332194301
37.06542115224301
37.09789063121384
37.130452004408866
37.16310551497241
37.195851403584435
37.228689908403474
37.261621265007676
37.29464570633401
37.3277634626157
37.36097476131799
37.39427982707208
37.4276788816075
37.46117214368276
37.49475982901452
37.52844215020508
37.562219316668546
37.59609153455542
37.63005900667583
37.664121932421466
37.69828050768621
37.73253492478561
37.7668853723751
37.80133203536729
37.835875094848184
37.87051472799248
37.90525110797805
37.940084403899704
37.975014780682265
38.010042398993065
38.045167415154104
38.08038998105368
38.11571024405799
38.15112834692243
38.18664442770299
38.22225861966785
38.25797105120909
38.29378184575491
38.329691121682394
38.36569899223097
38.401805565416716
38.43801094394776
38.47431522514079
38.51071850083899
38.547220857331524
38.58382237527479
38.62052312961556
38.65732318951635
38.694222618283014
38.73122147329501
38.76831980593834
38.80551766154168
38.84281507931545
38.8802120922946
38.91770872728494
38.9553050048135
38.99300093908302
39.030796537930854
39.068691802792664
39.10668672867086
39.14478130410846
39.18297551116818
39.22126932541738
39.25966271591891
39.29815564522807
39.336748069396265
39.37543993798113
39.41423119406378
39.45312177427316
39.492111608817865
39.53120062152568
39.57038872989088
39.60967584512976
39.64906187224435
39.68854671009471
39.72813025147984
39.76781238322738
39.80759298629243
39.847471935865315
39.887449101488706
39.927524347183976
39.96769753158701
40.007968508093406
40.048337125013305
40.08880322573547
40.12936664890106
40.17002722858677
40.21078479449725
40.251639172166875
40.292590183170596
40.33363764534377
40.37478137301077
40.41602117722214
40.45735686600004
40.4987882445917
40.54031511573058
40.581937279904814
40.623654535632625
40.66546667974424
40.707373507669914
40.74937481373338
40.79147039145058
40.83366003383266
40.875943533704415
40.91832068398199
40.96079127801706
41.00335510990195
41.046011974786
41.08876166919255
41.1316039913359
41.17453874143735
41.21756572203976
41.260684738319625
41.30389559839632
41.34719811363724
41.39059209895843
41.43407737311978
41.47765375901417
41.521321083949644
41.565079179924034
41.60892788389127
41.652943352098056
41.69704839305225
41.74124261805856
41.78552566927812
41.82989721332629
41.8743569376937
41.918904548397784
41.963539768377004
42.008262336362925
42.053072006061335
42.097968545530925
42.14295173668539
42.18802137486934
42.233177268474684
42.2784192385758
42.32374711856857
42.36916075380423
42.41466000121196
42.46024472890668
42.50591481578013
42.551670151074404
42.597510633937404
42.643436172960406
42.68944668569801
42.73554209817041
42.7817223443484
42.827987365620565
42.87433711024248
42.9207715327669
42.96729059345359
43.01389425765699
43.06058360343042
43.1073599686485
43.15422334070094
43.201173709703575
43.24821106756812
43.29533540769229
43.342546724090404
43.38984501060477
43.4372302600496
43.48470246327335
43.532261608123285
43.57990767829248
43.627640652024574
43.67546050064589
43.72336718688707
43.7713606629465
43.819440868235475
43.867607726728465
43.915861143819924
43.96420100256012
44.01262715910236
44.06113943714032
44.10973762103752
44.15842144724502
44.20719059344908
44.25604466466619
44.304983175166974
44.354005524597675
44.403110965862574
44.45229856102901
44.501567119335974
44.550915107581744
44.6003405161898
44.64984065067074
