0.985288
0.6417148885652223
0.6417246219411996
0.6417348383202499
0.6417461667687063
0.6417587310333134
0.6417726000724845
0.6417878362590289
0.6418045008103591
0.6418226544368938
0.6418423574552968
0.6418636698408106
0.6418866512716054
0.6419113611710202
0.6419378587483652
0.641966203038347
0.6419964529391153
0.642028667248947
0.6420629047015455
0.6420992239999529
0.6421376838490795
0.6421783429868428
0.6422212602138919
0.642266494421935
0.6423141046206365
0.6423641499630856
0.6424166897698161
0.6424717835513644
0.6425294910293524
0.6425898721560604
0.6426529871324954
0.6427188964248922
0.6427876607796669
0.6428593412367495
0.6429339991412978
0.6430116961537395
0.6430924942581158
0.643176455768686
0.6432636433347377
0.6433541199435939
0.6434479489217318
0.6435451939339785
0.6436459189807535
0.6437501883932646
0.6438580668266373
0.6439696192508966
0.6440849109397511
0.6442040074571171
0.6443269746413172
0.6444538785868761
0.644584785623876
0.6447197622947504
0.6448588753285298
0.6450021916123512
0.6451497781602871
0.6453017020793125
0.6454580305324138
0.6456188306987263
0.6457841697306235
0.6459541147077428
0.6461287325877862
0.6463080901541172
0.6464922539600286
0.6466812902696599
0.6468752649954311
0.6470742436320516
0.647278291186945
0.6474874721070168
0.6477018502020041
0.6479214885638647
0.6481464494826742
0.6483767943586941
0.6486125836107337
0.6488538765807652
0.6491007314347862
0.6493532050599341
0.6496113529579366
0.6498752291348444
0.6501448859871808
0.6504203741845165
0.6507017425485739
0.650989037928947
0.6512823050755426
0.6515815865078803
0.6518869223813895
0.6521983503508676
0.652515905431287
0.6528396198561562
0.6531695229336508
0.6535056409007822
0.6538479967758504
0.654196610209503
0.654551497334682
0.6549126706158533
0.6552801386978262
0.6556539062546057
0.6560339738386721
0.6564203377311307
0.6568129897932161
0.6572119173196275
0.657617102894233
0.6580285242486686
0.6584461541244251
0.6588699601389721
0.6592999046565946
0.6597359446645029
0.6601780316549334
0.6606261115138595
0.6610801244170357
0.6615400047340273
0.6620056809409953
0.6624770755428706
0.6629541050057088
0.6634366796998784
0.6639247038548801
0.6644180755263261
0.6649166865760352
0.6654204226656745
0.6659291632647171
0.6664427816733051
0.6669611421066641
0.6674841114733782
0.6680115419995908
0.6685432828548163
0.6690791773962875
0.6696190632919683
0.670162772661563
0.6707101322356697
0.6712609635331737
0.6718150830569006
0.6723723025074343
0.6729324290149219
0.6734952653885996
0.6740606103836358
0.6746282589848186
0.6719482875519318
0.6727156908981078
0.6734814533948227
0.6742445139960774
0.6750042574370049
0.6757602512143742
0.6765121742089124
0.6772597794823347
0.6780028705746405
0.6787412858698879
0.6794748882754181
0.6802035584752916
0.6809271906050408
0.6816456895710257
0.682358969486107
0.6830669528597165
0.6837695702932065
0.6844667605086113
0.6851584705923898
0.685844656373109
0.6865252828783437
0.6872003248348622
0.6878697671897349
0.6885336056398804
0.6891918471649848
0.6898445105643926
0.6904916270030476
0.6911332405752959
0.6917694088987485
0.692400203753447
0.693025711784863
0.6936460352926967
0.6942612931312967
0.6948716217522802
0.6968862658602795
0.6992419797732011
0.7015804501678249
0.7039026619947263
0.7062090907675987
0.7085008351827982
0.7107789754355932
0.7130447426429133
0.7152995382751849
0.7175449579741137
0.7197828207924937
0.7220152052525882
0.7242444940354459
0.7264734296782994
0.7287051844251069
0.7309434484393942
0.7331925420732155
0.7354575599882819
0.7377445579472568
0.7400607974973392
0.7424150703057036
0.7448181337911198
0.7472833049553569
0.7498272834389473
0.7524713139606674
0.7552428637246743
0.7581781035536206
0.7613256851765642
0.7647526910506459
0.7685543980526739
0.7728711263112
