0.00043
0.0005086011042691433
0.00048418979700703036
0.00046311715985805385
0.0004450006804737679
0.00042943958075873054
0.0004160931539809659
0.00040467270930004775
0.00039493368846294614
0.000386668624184676
0.00037970108819069506
0.00037388058476456223
0.0003690782822775926
0.0003651834623565266
0.00036210057289290317
0.00035974678427675745
0.0003580499627811085
0.00035694698879625003
0.00035638235982396807
0.000356307028605206
0.00035667743554125845
0.0003574547018553263
0.0003586039559360995
0.0003600937702119145
0.0003618956899078187
0.0003639838383043315
0.0003663345857739862
0.00036892627027667707
0.0003717389729775978
0.00037475430582825447
0.00037795525927920897
0.00038132605920435504
0.00038485204913215996
0.0003885195903800649
0.00039231597703187306
0.0003962293631782533
0.00040024870025051943
0.00040436368262704243
0.00040856469998444496
0.0004128427951241792
0.00041718962621808644
0.0004215974326057195
0.0004260590034342361
0.0004305676485690457
0.00043511717131725834
0.0004397018426077211
0.00044431637635005403
0.00044895590576663673
0.0004536159605470353
0.0004582924447217758
0.0004629816151870576
0.00046768006084360895
0.0004723846823332978
0.000477092672373879
0.00048180149670364085
0.00048650887565461964
0.0004912127663776748
0.0004959113457430759
0.0005006029939387764
0.000505286278788378
0.0005099599408048725
0.0005146228789915585
0.0005192741373996319
0.0005239128924431322
0.0005285384409689499
0.0005331501890756584
0.0005377476416662995
0.0005423303927224134
0.0005468981162756322
0.0005514505580569805
0.0005559875277949442
0.0005605088921372307
0.0005650145681634603
0.0005695045174605543
0.0005739787407271543
0.0005784372728756318
0.0005828801786003405
0.0005873075483784683
0.0005917194948746577
0.0005961161497172129
0.0006004976606170223
0.0006048641888017433
0.0006092159067375063
0.0006135529961131577
0.0006178756460627092
0.0006221840516037057
0.0006264784122708113
0.0006307589309233081
0.0006350258127115647
0.0006392792641820136
0.0006435194925085134
0.0006477467048339694
0.0006519611077109083
0.000656162906627893
0.0006603523056130129
0.0006645295069038819
0.0006686947106753395
0.0006728481148190697
0.000676989914766075
0.0006811203033477716
0.0006852394706895925
0.0006893476041322113
0.0006934448881771412
0.0006975314859016206
0.0007016076318646751
0.0007056734458748147
0.0007097291196622472
0.0007137748233049462
0.0007178107240483082
0.0007218369863291898
0.0007258537718134956
0.0007298612394386314
0.0007338595454576837
0.0007378488434876158
0.0007418292845574838
0.0007458010171585436
0.0007497641872949221
0.0007537189385342641
0.0007576654120584213
0.0007616037467136421
0.0007655340790603513
0.0007694565434224524
0.0007733712719350355
0.0007772783945923097
0.000781178039293183
0.0007850703318871879
0.0007889553962183699
0.0007928333541684954
0.0007967043256987793
0.0008005684288913662
0.0008044257799890767
0.0008082764934337967
0.0008121206819046293
0.0008159584563547343
0.0008197899260468885
0.0008236151985885934
0.0008274343799655916
0.0008312475745750964
0.0008350548852578205
0.0008388564133293358
0.0008426522586103988
0.0008464425194565902
0.0008502272927873116
0.0008540066741136419
0.0008577807575662006
0.0008615496359214174
0.0008653134006278224
0.0008690721418312598
0.0008728259483998887
0.0008765749079483315
0.0008803191068610262
0.0008840586303153351
0.000887793562304123
0.000891523985657634
0.0008952499820645951
0.0008989716320936694
0.0009026890152134734
0.0009064022098124093
0.0009101112932187841
0.0009138163417190815
0.000917517430577078
0.0009212146340518318
0.0009249080254157088
0.0009285976769712584
0.0009322836600688304
0.0009359660451228489
0.0009396449016280412
0.0009433202981757924
0.0009469923024690046
0.00095066098133779
0.0009543264007547744
0.0009579886258485714
0.0009616477209191149
0.0009653037494511813
0.0009689567741281637
0.0009726068568453068
0.0009762540587232273
0.0009798984401201468
0.0009835400606454262
0.0009871789791705988
0.0009908152538427666
0.0009944489420954698
0.000998080100660788
0.0010017087855804837
0.0010053350522173851
0.0010089589552657045
0.0010125805487626069
0.0010161998860977004
0.0010198170200243105
0.0010234320026685816
0.0010270448855402136
0.0010306557195415209
0.0010342645549771066
0.001037871441563518
0.0010414764284376648
0.0010450795641662358
0.001048680896754665
0.0010522804736552256
0.0010558783417759319
0.0010594745474885035
