0.04172
0.10505363113910052
0.10557880752166317
0.10607235225730986
0.10653479867218608
0.10696728627907212
0.10737108613253414
0.10774958081208381
0.1080978937434824
0.10842355826387381
0.10872582474608526
0.10900598977298694
0.10926532086132928
0.10950505010439152
0.10972636917907143
0.10993042554824739
0.11011831970658141
0.1102911033293862
0.11044977819574993
0.11059529576858265
0.11072855732607682
0.11085041454831483
0.11096167047719017
0.11106308077244618
0.11115535520082506
0.11123915930101914
0.11131511617615392
0.11138380837240666
0.11144577980884343
0.11150153772928681
0.11155155465209746
0.11159627029819445
0.1116360934815419
0.11167140394964872
0.11170251426389669
0.11172987130333387
0.1117536577285889
0.11177419436106056
0.11179174092892843
0.11180653770665488
0.1118188068488482
0.11182875365006523
0.11183656773052124
0.11184242414960671
0.1118464844496877
0.1118488976329595
0.11184980107429564
0.11184932137313683
0.11184757514752508
0.11184466977339105
0.11184070407215495
0.1118357689496774
0.11182994798947787
0.1118233180030666
0.11181594954011924
0.11180790736109733
0.11179925087481353
0.11179003454329726
0.11178030825619248
0.1117701176768153
0.11175950456183306
0.11174850705645965
0.11173715996689283
0.111725495011649
0.11171354105331949
0.11170132431217146
0.11168886856294181
0.11167619531603468
0.11166332398430272
0.11165027203646484
0.11163705513814928
0.11162368728149868
0.111610180904168
0.1115965469985125
0.11158279521169492
0.11156893393738546
0.11155497039965617
0.11154091072967712
0.1115267600356972
0.11151252246683216
0.11149820127108317
0.1114837988480009
0.11146931653309355
0.11145475568602292
0.11144011617321012
0.11142539742500496
0.11141059824003843
0.1113957167695239
0.11138075056955948
0.11136569661502455
0.11135055132573916
0.11133531054889095
0.111319969974734
0.11130452370673037
0.11128896637179281
0.11127329173909471
0.111257493066734
0.11124156310207148
0.11122549407983126
0.11120927771799585
0.11119290521148385
0.11117636722361442
0.11115965387532925
0.11114275473212146
0.11112565878862701
0.1111083544507936
0.11109082951553562
0.11107307114776539
0.11105506585464929
0.11103679945694686
0.11101825705724
0.11099942300482883
0.11098028085706292
0.11096081333682155
0.11094100228581642
0.11092082861336727
0.11090027224021667
0.1108793120369357
0.11085792575636526
0.11083608995950023
0.11081377993411413
0.11079096960533377
0.11076763143728173
0.11074373632471628
0.11071925347352718
0.11069415026869742
0.11066839212818733
0.11064194234091099
0.11061476188672141
0.1105868092359758
0.11055804012581338
0.11052840730985217
0.11049786027738162
0.11046634493745418
0.11043380326242398
0.11040017288444937
0.11036538663720916
0.11032937203354228
0.1102920506677667
0.11025333752905608
0.11021314020924423
0.1101713579845754
0.11012788074614924
0.11008258774750732
0.11003534612981034
0.10998600917452798
0.10993441421963668
0.10988038015686742
0.1098237044025163
0.10976415920019357
0.10970148706664316
0.10963539512524219
0.10956554797685523
0.10949155861946702
0.10941297672289137
0.10932927325345723
0.10923981995900899
0.10914386144886667
0.1090404763210225
0.1089285215889661
0.10880655071977441
0.1086726881672417
0.10852442839839331
0.1083582127054131
0.10816909988282332
0.10794910616161783
0.10768456029726024
0.10734763209792283
0.10686000526941285
0.11673753949727646
0.1167888388038807
0.11684043796428475
0.11689236227855744
0.11694461582156189
0.116997200289429
0.11705011670080472
0.1171033656781787
0.11715694752228493
0.117210862253298
0.11726510964400022
0.11731968924886457
0.11737460042991153
0.11742984237974226
0.11748541414202997
0.11754131462976722
0.11759754264146764
0.11765409687556995
0.11771097594320176
0.11776817837950908
0.11782570265367356
0.11788354717778325
0.1179417103146607
0.1180001903847782
0.11805898567234219
0.11811809443065346
0.1181775148868147
0.11823724524585834
0.11829728369436456
0.11835762840361393
0.11841827753235341
