1.014696
0.9410916180362259
0.9437724970687972
0.9469730433282608
0.9505104172557977
0.9543420170150569
0.9584481075031048
0.9628145354368757
0.967430150612371
0.9722863003660666
0.9773765560742766
0.9826964251287373
0.9882430358384262
0.9940148144070388
1.000011173664908
1.0062322285490921
1.0126785479995897
1.0193509481241532
1.0262503276051669
1.0333775434993326
1.0407333237423424
1.048318211666998
1.0561325374735315
1.0641764116718746
1.0724497358781955
1.0809522268693668
1.0896834503796047
1.0986428617067598
1.1078298507425384
1.1172437856197355
1.1268840768782276
1.1367502023630909
1.1468417708118397
1.1571585633078023
1.1677005822782194
1.1784680756961547
1.1894616021644893
1.2006820512492469
1.212130682439712
1.223809157761948
1.2357195723680243
1.2478644833117523
1.2602469367570908
1.2728704938958812
1.2857392558753358
1.2988578825392552
1.3122316384084154
1.3258663833677389
1.3397686196805259
1.3539455107383789
1.368404915067309
1.3831553870836335
1.3982062463722271
1.41356758454947
1.429250094307065
1.4452659484463612
1.4616275983140326
1.4783486410215996
1.4954436697313318
1.5129283323205966
1.5308193966543493
1.549134823266764
1.567893846341943
1.5871170639516898
1.606826538683057
1.6270459098434695
1.6478005186516234
1.6691175479712959
1.6910261783705272
1.7135577625388299
1.736746020384285
1.7606272574869857
1.7852406099846334
1.8106283194531412
1.8368360419093668
1.8639131957437525
1.8919133541864304
1.9208946888745946
1.9509204722316411
1.9820596477459969
2.014387478898348
2.047986289492313
2.0829463105855703
2.119366652192808
2.157356421581505
2.1970360148363492
2.2385386100434563
2.2820119152994143
2.3276201858923065
2.3755438772639312
2.4259961447262723
2.479198726203576
2.5354133263086966
2.5949325846800235
2.658088461058339
2.7252590486053294
2.7968768491980467
2.8734388930717327
2.9555192005203508
2.9720254546628637
2.9688745268527104
2.9655558520544005
2.962073282940063
2.9584414271630144
2.954662148560787
2.950742042655704
2.946687620365563
2.9425054098412002
2.9382010805639647
2.933781744269673
2.9292531911955138
2.9246213647777823
2.9198920822529577
2.9150710298015587
2.9101637583497078
2.9051756800300255
2.90011206525906
2.8949780404198053
2.8897785861054555
2.8845185358926644
2.8792025756165818
2.873835243109054
2.8684209283656776
2.8629638741133707
2.8574681767365107
2.851937787539642
2.8463765143075626
2.8407880231375953
2.835175840511921
2.8295433555849088
2.823893822662739
2.818230363838109
2.812555971776559
2.806873512613449
2.8011857289551427
2.79549524295958
2.7898045594791476
2.7841160692541105
2.77843205213354
2.772754680321008
2.7670860216245075
2.7614280427049125
2.755782612308488
2.7501515044784703
2.7445364017356
2.738938898220696
2.7333605027961423
2.727802642093309
2.7222666635106973
2.7167538381513294
2.7112653637013455
2.705802367241364
2.7003659079916433
2.69495697999274
2.689576514711063
2.684225383575863
2.678904400445609
2.673614324000508
2.668355860062937
2.6631296638477617
2.6579363421406272
2.652776455401577
2.6476505198055946
2.642559009206993
2.6375023570408844
2.6324809581526516
2.6274951705681295
2.622545317192581
2.6176316874520777
2.6127545388703988
2.6079140985876337
2.6031105648197896
2.5983441082625194
2.5936148734383306
2.588922979990694
2.5842685239279084
2.579651578814756
2.575072196916777
2.570530410295983
2.566026231863225
2.561559656383916
2.5571306614439875
2.5527392083742257
2.54838524313263
2.544068697153252
2.5397894881534353
2.5355475209099616
2.531342687998909
2.5271748705034507
2.523043938690645
2.5189497526571225
2.5148921629469654
2.5108710111397863
2.5068861304154573
2.502937346090221
2.49902447612789
2.4951473316309896
2.4913057173043387
2.487499431901418
2.483728268647706
