0.12643418515414917
-0.29516416716547095
-0.2709305329389249
-0.2480784034067804
-0.22658378294443476
-0.20641360661218366
-0.18752849853158293
-0.16988388373310256
-0.15343102438981068
-0.13811800154473408
-0.12389062785013549
-0.11069328033540797
-0.09846964658656295
-0.0871633812339585
-0.076718672764706
-0.06708072322513334
-0.05819614520723338
-0.050013281903995885
-0.042482456893958805
-0.03555616080803512
-0.02918918219299179
-0.02333868979117225
-0.017964273169396864
-0.013027948205818705
-0.008494133431040742
-0.004329602656624838
-0.0005034187413141721
0.0030131472336038727
0.006246707666339236
0.009221857825849566
0.011961280228931266
0.014485851740236049
0.016814751526698472
0.018965568346740354
0.02095440595959828
0.022795985704073884
0.02450374552196662
0.026089934893125125
0.027565705309991074
0.02894119605310404
0.030225615138973733
0.03142731540088725
0.03255386573457696
0.03361211759692886
0.034608266889234296
0.03554791138906177
0.036436103918416674
0.03727740145191874
0.03807591037887108
0.03883532813805911
0.03955898144540936
0.040249861332536364
0.0409106552097974
0.04154377616123857
0.04215138967109368
0.042735437972850766
0.04329766220264928
0.04383962252899175
0.044362716420968076
0.04486819520716478
0.04535717906781443
0.0458306705930054
0.04628956703063278
0.04673467133884735
0.047166702149146277
0.047586302738251526
0.04799404909926796
0.04839045719523602
0.04877598947163655
0.04915106069785449
0.049516043201816906
0.049871271556430195
0.05021704677138466
0.050553640039073665
0.05088129607909857
0.051200236121664765
0.05151066056659153
0.05181275135107549
0.05210667405639956
0.05239257978070729
0.05267060680251332
0.05294088205707135
0.05320352244563454
0.053458635995628626
0.053706322887863006
0.05394667636541339
0.05417978353716075
0.054405726087730526
0.05462458090426987
0.05483642062950005
0.05504131414932998
0.055239327022597096
0.04354327502471707
0.03210433779778057
0.020749660276433636
0.009478452816699647
-0.001710016131820498
-0.012816435976351665
-0.0238414652145619
-0.034785739345495184
-0.04564987644293763
-0.05643448108440826
-0.06714014712351019
-0.07776745964864475
-0.08831699636944859
-0.09878932860062614
-0.10918502196260302
-0.11950463688291231
-0.12974872895739784
-0.13991784921275477
-0.15001254429961544
-0.1600333566367262
-0.16998082452067742
-0.1798554822113291
-0.18965786000007293
-0.19938848426603165
-0.20904787752361093
-0.21863655846400162
-0.2281550419923292
-0.23760383926168813
-0.24698345770492428
-0.256294401064812
-0.2655371694229789
-0.27471225922797504
-0.2838201633226294
-0.292861370970856
-0.30183636788405716
-0.3107456362471316
-0.31958965474422435
-0.3283688985841383
-0.33708383952559295
-0.34573494590218773
-0.3543226826471945
-0.3628475113181453
-0.371309890121231
-0.3797102739355054
-0.388049114336936
-0.39632685962224484
-0.4045439548325912
-0.41270084177709865
-0.4207979590561788
-0.4288357420847153
-0.43681462311508007
-0.44473503125995517
-0.45259739251502823
-0.4604021297814993
-0.46814966288845544
-0.47584040861504556
-0.4834747807125252
-0.4910531899261511
-0.49857604401687844
-0.5060437477829598
-0.5134567030813296
-0.5208153088488919
-0.5281199611236113
-0.5353710530654759
-0.54256897497732
-0.5497141143254552
-0.5568068557602079
-0.5638475811362718
-0.5708366695329397
-0.577774497274154
-0.5846614379484661
-0.591497862428808
-0.5982841388921417
-0.605020632838965
-0.6117077071126823
-0.6183457219188222
-0.6249350348441446
-0.6314760008755851
-0.6379689724190537
-0.6444142993181494
-0.6508123288726864
-0.6571634058571303
-0.6634678725388514
-0.6697260686963054
-0.6759383316370313
-0.6821049962155783
-0.6882263948512293
-0.6943028575456786
-0.700334711900513
-0.7063222831346034
-0.7122658941013682
-0.7181658653059191
-0.7240225149220594
-0.7298361588091841
-0.7356071105290369
-0.7413356813623914
-0.7470221803255377
-0.7526669141867164
-0.7582701874824278
-0.7638323025335715
-0.7693535594615397
-0.7748342562041455
-0.7802746885314416
-0.7856751500614694
-0.7910359322758197
-0.7963573245351724
-0.8016396140946276
-0.80688308611901
0.12643418515414917
-0.29516416716547095
-0.2709305329389249
-0.2480784034067804
-0.22658378294443476
-0.20641360661218366
-0.18752849853158293
-0.16988388373310256
-0.15343102438981068
-0.13811800154473408
-0.12389062785013549
-0.11069328033540797
-0.09846964658656295
-0.0871633812339585
-0.076718672764706
-0.06708072322513334
-0.05819614520723338
-0.050013281903995885
-0.042482456893958805
-0.03555616080803512
-0.02918918219299179
-0.02333868979117225
-0.017964273169396864
-0.013027948205818705
-0.008494133431040742
-0.004329602656624838
-0.0005034187413141721
0.0030131472336038727
0.006246707666339236
0.009221857825849566
0.011961280228931266
0.014485851740236049
0.016814751526698472
0.018965568346740354
0.02095440595959828
0.022795985704073884
0.02450374552196662
0.026089934893125125
0.027565705309991074
0.02894119605310404
0.030225615138973733
0.03142731540088725
0.03255386573457696
0.03361211759692886
0.034608266889234296
0.03554791138906177
0.036436103918416674
0.03727740145191874
0.03807591037887108
0.03883532813805911
0.03955898144540936
0.040249861332536364
0.0409106552097974
0.04154377616123857
0.04215138967109368
0.042735437972850766
0.04329766220264928
0.04383962252899175
0.044362716420968076
0.04486819520716478
0.04535717906781443
0.0458306705930054
0.04628956703063278
0.04673467133884735
0.047166702149146277
0.047586302738251526
0.04799404909926796
0.04839045719523602
0.04877598947163655
0.04915106069785449
0.049516043201816906
0.049871271556430195
0.05021704677138466
0.050553640039073665
0.05088129607909857
0.051200236121664765
0.05151066056659153
0.05181275135107549
0.05210667405639956
0.05239257978070729
0.05267060680251332
0.05294088205707135
0.05320352244563454
0.053458635995628626
0.053706322887863006
0.05394667636541339
0.05417978353716075
0.054405726087730526
0.05462458090426987
0.05483642062950005
0.05504131414932998
0.055239327022597096
0.04354327502471707
0.03210433779778057
0.020749660276433636
0.009478452816699647
-0.001710016131820498
-0.012816435976351665
-0.0238414652145619
-0.034785739345495184
-0.04564987644293763
-0.05643448108440826
-0.06714014712351019
-0.07776745964864475
-0.08831699636944859
-0.09878932860062614
-0.10918502196260302
-0.11950463688291231
-0.12974872895739784
-0.13991784921275477
-0.15001254429961544
-0.1600333566367262
-0.16998082452067742
-0.1798554822113291
-0.18965786000007293
-0.19938848426603165
-0.20904787752361093
-0.21863655846400162
-0.2281550419923292
-0.23760383926168813
-0.24698345770492428
-0.256294401064812
-0.2655371694229789
-0.27471225922797504
-0.2838201633226294
-0.292861370970856
-0.30183636788405716
-0.3107456362471316
-0.31958965474422435
-0.3283688985841383
-0.33708383952559295
-0.34573494590218773
-0.3543226826471945
-0.3628475113181453
-0.371309890121231
-0.3797102739355054
-0.388049114336936
-0.39632685962224484
-0.4045439548325912
-0.41270084177709865
-0.4207979590561788
-0.4288357420847153
-0.43681462311508007
-0.44473503125995517
-0.45259739251502823
-0.4604021297814993
-0.46814966288845544
-0.47584040861504556
-0.4834747807125252
-0.4910531899261511
-0.49857604401687844
-0.5060437477829598
-0.5134567030813296
-0.5208153088488919
-0.5281199611236113
-0.5353710530654759
-0.54256897497732
-0.5497141143254552
-0.5568068557602079
-0.5638475811362718
-0.5708366695329397
-0.577774497274154
-0.5846614379484661
-0.591497862428808
-0.5982841388921417
-0.605020632838965
-0.6117077071126823
-0.6183457219188222
-0.6249350348441446
-0.6314760008755851
-0.6379689724190537
-0.6444142993181494
-0.6508123288726864
-0.6571634058571303
-0.6634678725388514
-0.6697260686963054
-0.6759383316370313
-0.6821049962155783
-0.6882263948512293
-0.6943028575456786
-0.700334711900513
-0.7063222831346034
-0.7122658941013682
-0.7181658653059191
-0.7240225149220594
-0.7298361588091841
-0.7356071105290369
-0.7413356813623914
-0.7470221803255377
-0.7526669141867164
-0.7582701874824278
-0.7638323025335715
-0.7693535594615397
-0.7748342562041455
-0.7802746885314416
-0.7856751500614694
-0.7910359322758197
-0.7963573245351724
-0.8016396140946276
-0.80688308611901
