430227.629424
288771.66414803755
289444.80861434276
290080.22894557845
290690.4415108825
291282.22214753093
291859.7221982397
292425.5203002597
292981.2518939205
293527.9877998228
294066.4616875985
294597.20677295735
295120.63808152475
295637.10211442085
296146.9070189994
296650.34112394624
297147.68455294135
297639.2167468212
298125.22159656114
298605.9912152358
299081.82897487824
299553.0521952111
300019.99473001866
300483.00961508794
300942.47189531097
301398.78172454523
301852.3678213587
302303.6913627245
302753.2504030543
303201.5849161295
303649.28257282125
304096.98538675724
304545.3973846289
304995.2934881706
305447.529831781
305903.05578483886
306362.928002728
306828.3268972628
307300.5759980904
307781.16477428685
308271.77560259675
308774.3157083433
309290.95506871946
309824.1714562472
310376.80400872993
310952.1169300327
311553.87512508815
312186.4337151558
312854.8433430125
313564.9728373805
314323.6498245995
315138.793242356
316019.6756898532
316976.952405345
318022.8870404233
319171.3920607006
320437.93199676654
321839.13242821186
323391.8851464481
325111.65300967125
327009.61252012954
329088.3177664769
331335.8966525887
333719.61682507803
336181.03565729805
338636.3029076618
340984.9994444116
343127.60010857595
344986.0851214669
346518.7867422214
347723.2486558984
348627.87752774596
349278.4236607487
349725.4804600859
350016.17338062474
350190.1739290658
350278.77419592824
350305.608837035
350288.0133832796
350238.4532498964
350165.7727182076
350076.1912465206
349974.0575387476
349862.4020791772
349743.33352061355
349618.3191616198
349488.3816778279
349354.2362039634
349216.38548465003
349075.18573366076
348930.8921337293
348783.6902309499
348633.62580172555
348480.97304767475
348325.7411347279
348168.08600273886
348007.8911493414
347845.27577258256
347680.283740047
347512.9546441383
347343.3087446143
347171.4109566133
346997.281155548
346820.9508599492
346642.45089167776
346461.81149736926
346279.06242620357
346094.2329806327
345907.3520479217
345718.4481182304
345527.54929340363
345334.6832893909
345139.8774344553
344943.158664619
344744.55351742334
344544.0881247238
344341.78820502944
344137.6790557449
343931.78554552473
343724.13210696273
343514.74272965867
343303.6409537369
343090.8498639445
342876.39208419144
342660.28977275814
342442.5646177821
342223.2378337983
342002.3301581654
341779.86184849363
341555.8526803116
341330.3219455356
341103.2884508511
340874.77051710547
340644.78597884485
340413.3521843367
340180.4859959917
339946.2037911588
339710.52146328386
339473.4544234368
339235.0176021495
338995.22545158584
338754.09194800776
338511.6305945374
338267.8544241726
338022.77600308583
337776.40743415896
337528.76036073634
337279.84597063524
337029.67500031483
336778.2577392945
336525.60403470683
336271.7232960711
336016.6245001986
335760.31619626336
335502.806511027
335244.10315418406
334984.21342385263
334723.14421216014
334460.90201096586
334197.4929176716
333932.922641142
333667.19650769443
333400.31946719903
333132.2960992321
332863.13061932207
332592.8268852475
332321.38840339996
332048.8183352123
331775.1195036212
331500.2943995991
331224.34518870316
330947.2737176899
330669.08152114804
330389.8669564053
330109.4344748192
329827.8840166618
