2.7775514966291586
2.778512191640586
2.7794753479314847
2.780436045936361
2.7813933851976302
2.7823471925582335
2.7832974514120905
2.7842441786518135
2.7851873977392194
2.786127132849367
2.787063407643374
2.7879962450565725
2.7889256673066622
2.7898516959464392
2.790774351922332
2.7916936556302456
2.792609626966988
2.7935222853771156
2.7944316498954005
2.7953377391852157
2.796240571573165
2.797140165080263
2.798036537449983
2.798929706173438
2.7998196885119797
2.8007065015174355
2.8015901620502275
2.8024706867955587
2.803348092277857
2.8042223948736438
2.805093610822972
2.8059617562395722
2.806826847119823
2.8076888993506666
2.8085479287165502
2.8094039509055007
2.810256981514392
2.811107036053496
2.811954129950368
2.8127982785531276
2.8136394971331904
2.8144778008874916
2.8153132049402068
2.816145724344263
2.816975374082026
2.8178021690660575
2.8186261241393287
2.81944725407516
2.82026557357689
2.8210810972772644
2.821893839737593
2.822703815446661
2.8235110388194395
2.824315524195583
2.8251172858377456
2.8259163379297108
2.826712694574357
2.8275063697914606
2.8282973775153475
2.8290857315923974
2.82987144577841
2.830654533735839
2.8314350090308924
2.8322128851305166
2.8329881753992523
2.8337608930959823
2.8345310513705577
2.8352986632603177
2.8360637416865035
2.836826299450563
2.837586349230347
2.8383439035762126
2.839098974907018
2.839851575506017
2.840601717516656
2.8413494129382713
2.8420946736216925
2.8428375112647357
2.8435779374076158
2.844315963428246
2.8450516005374507
2.8457848597740747
2.846515751999998
2.84724428789505
2.8479704779518307
2.8486943324704286
2.849415861553038
2.850135075098485
2.85085198279665
2.8515665941227875
2.852278918331751
2.8529889644521127
2.8536967412801872
2.854402257373945
2.855105521046838
2.855806540361511
2.8565053231234145
2.8572018768743197
2.857896208885725
2.8585883261521627
2.859278235384406
2.859965943002569
2.8606514551291053
2.861334777581712
2.8620159158661242
2.862694875168812
2.863371660349583
2.8640462759340775
2.8647187261061746
2.8653890147002974
2.8660571451936283
2.8667231206982255
2.8673869439530555
2.8680486173159325
2.86870814275538
2.869365521842398
2.87002075574216
2.8706738452056344
2.871324790561122
2.871973591705743
2.8726202480968492
2.8732647587433764
2.8739071221971506
2.874547336544147
2.8751853993957037
2.8758213078797037
2.876455058631732
2.877086647786213
2.8777160709675407
2.8783433232812037
2.8789683993049264
2.879591293079827
2.8802119981016046
2.880830507311774
2.8814468130889606
2.882060907240258
2.882672780992674
2.8832824249846802
2.8838898292578796
2.884494983248806
2.885097875780879
2.8856984950565363
2.8862968286495576
2.886892863497608
2.887486585895023
2.8880779814858593
2.888667035257237
2.8892537315330054
2.889838053967757
2.8904199855412194
2.8909995085530684
2.891576604618177
2.8921512546623585
2.8927234389186247
2.893293136924006
2.8938603275169705
2.8944249888354934
2.8949870983158132
2.895546632691924
2.896103567995859
2.896657879558806
2.8972095420131194
2.8977585292952726
2.8983048146498214
2.898848370634423
2.8993891691259863
2.899927181328005
2.900462377779145
2.9009947283631523
2.9015242023201493
2.902050768259386
2.9025743941735285
2.9030950474545425
2.903612694911256
2.904127302788673
2.904638836789109
2.905147262095227
2.905652543395047
2.9061546449090008
2.9066535304191072
2.9071491633003297
2.9076415065541945
2.9081305228447274
2.9086161745367667
2.9090984237367157
2.909577232335772
2.910052562055695
2.9105243744971245
2.9109926311904957
2.9114572936495513
2.911918323427476
2.912375682175621
2.9128293317048155
2.913279234282364
2.9137253517768205
2.9141676468471442
2.9146060830799456
2.915040623864738
2.9154712333909525
2.9158978765063406
