-3740.3269318842836
94.12093958831736
93.50635859058366
92.9072187173533
92.31862681183756
91.73980072622768
91.17042712320145
90.61025820527934
90.05906623134243
89.51663801241178
88.98277388236795
88.45728718054468
87.94000380395491
87.430761779532
86.92941085051002
86.43581207588734
85.94983744253474
85.47136948939207
85.00030094339236
84.5365343665777
84.0799818139585
83.63056450162652
83.18821248463703
82.75286434417325
82.3244668834706
81.90297483204903
81.48835055770994
81.08056378583635
80.67959132548336
80.28541680173544
79.89803039389747
79.51742857894824
79.14361387984336
78.77659461809583
78.41638467022976
78.06300322755847
77.71647455884532
77.3768277753759
77.04409659792812
76.71831912523449
76.39953760346336
76.08779819621321
75.78315075465217
75.48564858733282
75.19534822922725
74.91230920961563
74.63659381835811
74.36826687021986
74.10739546677813
73.85404875561322
73.608297686367
73.37021476334662
73.13987379433124
72.91734963527206
72.70271793057121
72.4960548487035
72.29743681287975
72.10694022653892
71.92464119347231
71.75061523237397
71.58493698569235
71.4276799226499
71.27891603633253
71.13871553480509
71.00714652624131
70.88427469807696
70.77016299027169
70.66487126272699
70.56845595713649
70.4809697533053
70.40246122034057
70.33297446292246
70.2725487630732
70.22121821777827
70.17901137302862
70.14595085473806
70.12205299716258
70.10732746952962
70.10177690155814
70.1053965086908
70.11817371792328
70.14008779514353
70.17110947502631
70.21120059453669
70.26031373120585
70.31839184739536
70.38536794188583
70.46116471004328
70.54569421412715
70.63885756511999
70.74054461767753
70.85063367979684
70.96899123884134
71.09547170567282
71.22991717858908
71.3721572288867
71.52200870982486
71.67927559087396
71.8437488190591
72.01520620924931
72.19341236523097
72.37811863344157
72.56906309108443
72.76597057042449
72.96855272095885
73.176508111082
73.38952237082364
73.60726837704323
73.82940648250546
74.05558478998518
74.28543947246419
74.51859514035966
74.75466525646051
74.9932525991345
75.23394977405097
75.47633977462853
75.71999659090037
75.96448586648002
76.20936560290323
76.45418691037095
76.69847392821832
76.94180746427028
77.18370274246956
77.42369169362253
77.66130375137637
77.89606684390407
78.12750841632716
78.35515648054255
78.57854068864172
78.79719342588142
79.01065091879673
79.21845435389318
79.42015100200345
79.61529534330789
79.80345018774523
63.35043018582071
64.01954150492251
64.70972169735361
65.40656384110068
66.09781196347879
66.77375758141662
67.42676642193604
68.05085007872718
68.64133471025958
69.19460644354254
69.70791378231216
70.17921253458194
70.60704280665156
70.99043045304104
71.32880737604664
71.62194649951725
71.86990827525649
72.07299633657203
72.23172047274302
72.3467655158489
72.4189650466581
72.44927906631665
72.43877496496233
72.38861126141305
72.30002369970975
72.17431337681894
72.01283664608283
71.81699659819698
71.58823596840615
71.3280313579821
71.03788869234296
70.71933986852024
70.37394057335601
70.00326928170608
69.58707545147647
69.14230747110857
68.67599848108517
68.18978658066484
67.6853787314027
67.16451190731242
66.62898722322723
66.08067624133211
65.52153591386052
64.95362742241308
64.3791397607814
63.8004192056321
63.22000617702921
62.64068147460833
62.06552453764795
61.49798729377641
60.941988445277836
60.402034864580834
59.88337939496575
59.39222819025376
58.93601643597052
58.52377994685658
58.16666352618557
57.87862818313755
57.67745379282832
57.58619155142616
57.635320683833655
57.86604429825943
58.33549989394471
59.12533940047656
60.35658245001917
