181390.101048
128583.9540116904
129961.59539145918
131393.72590006742
132875.55414062203
134406.69683591294
135987.31086023973
137617.52419868868
139297.36441058258
141026.76251025655
142805.5684553892
144633.5680881678
146510.49946168036
148436.06782105382
150409.95887461267
152431.85019516275
154501.4207563267
156618.35872632504
158782.3677266517
160993.17180614188
163250.519396576
165554.18650904292
167903.97940642005
170299.7369554714
172741.33282597564
175228.67766771166
177761.72136081653
180340.4554065418
182964.91549663158
185635.18413653068
188351.3941803864
191113.73108724758
193922.43696925766
196777.8136681282
199680.22685747856
202630.1085707148
205627.96252174725
208674.36695427937
211769.97879777962
214915.53762091152
218111.86964908976
221359.89185849373
224660.61616585555
228015.15374445668
231424.71950275137
234890.6367707806
238414.34171564662
241997.39068942863
245641.46282008005
249348.3680886517
253120.05437197327
256958.61161726672
260866.28426046314
264845.47723151464
268898.72223009804
273028.86358542246
277238.810274472
281531.72107560246
285910.97690269176
290380.1973851331
294943.2593288764
299604.31727740454
304367.82641866925
309238.5681147825
314221.6783662973
319322.67956667644
324547.5159513087
329902.5932042396
335394.82275468204
341031.67137697927
346821.21680354443
352772.2101745996
358894.1462846767
365197.3427458762
371693.0293825439
378393.44940190425
385311.97416382266
392463.23370912555
399863.26560984406
407529.68520269654
415481.8808674233
423741.23875436815
432331.40227825404
441278.5728252821
450611.85952993075
460363.6877405345
470570.2780819583
481272.21010254533
492515.09150235116
504350.3494260901
516835.3431211322
530038.69894172
544033.2936375104
558906.3318590585
574757.1999983267
591700.8399405337
609870.8994636501
626233.8044362693
625254.6377768397
624232.0004945555
623167.9766263455
622063.8692144349
620922.812760727
619745.7909363115
618534.5881299654
617291.2200459439
616016.5881524747
614713.2619100756
613382.6236630268
612026.2993861907
610645.879947824
609242.9198198618
607818.9359369613
606375.4067146606
604913.7712267624
603435.428534436
601941.7371645654
600434.0147285573
598913.5376766206
597381.5411792044
595839.2191272576
594287.7242450002
592728.1683053426
591161.622440605
589589.1175413142
588011.6447324915
586430.1559235079
584845.5644216646
583258.745601538
581670.5376259132
580081.7422106243
578493.1254256112
576905.4185288505
575319.3188264316
573735.490553504
572154.5657721485
570577.1452817352
569003.7995369444
567435.0695707076
565871.4679182064
564313.4795391497
562761.5627352648
561216.1500606533
559677.6492236244
558146.4439760527
556622.8949904282
555107.3407224941
553600.0982581754
552101.4641422513
550611.7151914779
549131.1092864429
547659.8861458217
546198.2680805513
544746.4607262191
543304.6537573728
541873.0215785424
540451.7239968168
539040.9068711945
537640.7027433254
536251.2314461584
534872.6006925605
533504.9066439557
532148.2344588537
530802.658821257
529468.2444504265
528145.0465920237
526833.1114893625
525532.4768380397
524243.17222252453
522965.21953513566
521698.63337843766
520443.4214520896
519199.5849228516
517967.11877986096
516746.01217535493
515536.24875017337
514337.80694656924
513150.66030605044
511974.7777558235
510810.1238817046
509656.65918922995
508514.3403533349
507383.120456643
506262.9492168379
505153.7732039007
504055.53604732663
502968.17863364704
501891.63929472864
500825.8539872407
499770.7564640569
498726.278436132
497692.34972911887
496668.8984288878
495655.8510237015
494653.13253644103
493660.6666521919
492678.37583857373
491706.18145984894
490744.0038864221
489791.76259722735
