0.10251712101798402
0.10235241817457633
0.10219657596152026
0.10204185342546081
0.1018904485117081
0.10174167494655001
0.1015954234535031
0.10145159844241061
0.1013101157585294
0.10117090075711885
0.10103388676836149
0.10089901379587525
0.10076622749332502
0.10063547830340334
0.10050672076925062
0.10037991293182948
0.1002550158685213
0.1001319932649197
0.10001081109563983
0.0998914373241709
0.09977384165391158
0.09965799532561809
0.09954387094309641
0.09943144231313532
0.09932068430697959
0.0992115727554163
0.09910408434273874
0.09899819652863913
0.09889388746330649
0.09879113592734211
0.09868992126539747
0.09859022334449569
0.09849202250359641
0.09839529952219363
0.09830003557950792
0.09820621221845513
0.09811381132632194
0.09802281511275274
0.09793320608611951
0.09784496702641286
0.09775808097968258
0.0976725312349346
0.09758830131962383
0.09750537498065068
0.09742373617592247
0.09734336906490329
0.09726425800016379
0.09718638751981495
0.09710974234295791
0.09703430735691444
0.09696006761840842
0.0968870083464469
0.09681511491788425
0.09674437286341923
0.09667476786397651
0.09660628574742902
0.09653891248369031
0.09647263418789717
0.09640743711197938
0.09634330764442196
0.09628023230820328
0.09621819775890181
0.09615719078295272
0.09609719829603725
0.09603820734158962
0.09598020508940865
0.09592317883436215
0.09586711599517321
0.09581200411480452
0.09575783085459391
0.09570458399823559
0.09565225144907229
0.09560082122770186
0.09555028147589191
0.09550062045190648
0.09545182652528221
0.09540388818801546
0.0953567940397879
0.09531053279998979
0.09526509329761003
0.0952204644734974
0.09517663538261288
0.09513359518979082
0.09509133317011707
0.09504983870824353
0.09500910129896399
0.09496911054286694
0.09492985614923431
0.09489132793422002
0.09485351582018478
0.09481640983503209
0.09478000011154519
0.09474427688672475
0.09470923050112658
0.09467485139819891
0.09464113012361942
0.0946080573246313
0.09457562374937831
0.09454382024623856
0.09451263776315726
0.09448206734697764
0.09445210014190246
0.09442272739143381
0.09439394043508287
0.09436573070856791
0.09433808974313782
0.09431100916489414
0.09428448069411147
0.09425849614455657
0.09423304742280635
0.09420812652756415
0.09418372554897536
0.09415983666794174
0.0941364521554349
0.09411356437180887
0.09409116576675453
0.0940692488766612
0.0940478063258993
0.09402683082546616
0.09400631517229639
0.09398625224857207
0.09396663502103282
0.09394745654028623
0.09392870994011844
0.09391038843680506
0.09389248532842293
0.09387499399416216
0.09385790789363929
0.09384122056621119
0.09382492563028991
0.0938090167826589
0.09379348779779048
0.09377833252716444
0.09376420366936002
0.09375043273087742
0.09373701223446632
0.09372393496106184
0.09371119393231835
0.09369878239443757
0.09368669380334498
0.09367492181110801
0.09366346025349556
0.09365230313858215
0.09364144463630815
0.09363087906922535
0.09362060090275198
0.09361060473814534
0.0936008853047653
0.09359143745329686
0.0935822561495231
0.09357333646860048
0.0935646735897912
0.09355626279161328
0.09354809944737152
0.09354017902103594
0.09353249706343761
0.09352504920875437
0.0935178311712615
0.09351083874232426
0.0935040677876121
0.09349751424451526
0.09349117411974663
0.09348504348711327
0.09347911848544362
0.09347339531665651
0.09346787024396101
0.09346253959017564
0.09345739973615728
0.0934524471193306
0.09344767823230968
0.09344308962160451
0.0934386778864048
0.0934344396772982
0.09343037169561023
0.09342647069195903
0.0934227334654364
0.0934191568626954
0.09341573777708401
0.09341247314782225
0.09340935995921867
0.09340639523992329
0.09340357606221371
0.09340089954145477
0.09339836283500984
0.09339596314205419
0.09339369770269916
0.09339156379778199
0.09338955874792562
0.09338767991312465
0.09338592469222043
0.09338429052239203
0.09338277487866245
0.09338137527341867
0.0933800892559446
0.09337891441196632
0.09337784836320827
0.09337688876696072
0.09337603331565687
0.09337527973646034
0.09337462579086246
