12.36527700861232
46.762414248552965
46.96939937510137
47.134228050243685
47.28203220219179
47.413537111273676
47.533507296440575
47.6447462012575
47.749285457359356
47.84861809637653
47.9438567528277
48.03584180546007
48.1252158517161
48.212475379190565
48.298007728616
48.38211766586722
48.46504669723363
48.54698756616974
48.62809465843141
48.70849263981388
48.788282270535866
48.8675452838941
48.94634848935044
49.02474610937656
49.10278274379293
49.18049466338968
49.257911566627904
49.3350577513683
49.41195311461995
49.488613814082605
49.56505284614757
49.641280881082636
49.71730637378871
49.793136117902655
49.86877533522697
49.944228250968074
50.01949795793543
50.09458668005152
50.16949614618369
50.24422737106213
50.318780948327415
50.39315714703244
50.46735575365735
50.541376613189264
50.61521913675943
50.68888267559289
50.76236638384876
50.83566951318503
50.90879108074995
50.98173014700126
51.05448566182582
51.12705664368873
51.199442293277556
51.271641456254066
51.34365328200192
51.41547687507922
51.487111434203165
51.55855610074621
51.62981014341517
51.70087294851932
51.77174372825175
51.84242198338047
51.91290716687525
51.98319886457228
52.05329662444816
52.12320011016205
52.19290904447523
52.26242317703085
52.33174235813154
52.40086648432928
52.46979545540351
52.53852926949561
52.607068008542896
52.67541174268985
52.74356064568065
52.811514923850474
52.8792747706072
52.94684047631811
53.014212434755315
53.08139089395914
53.14837637674846
53.21516937714798
53.28177015725464
53.3481794792099
53.414397761692676
53.48042560599094
53.546263582909575
53.61191247627871
53.67737276666221
53.742645200379755
53.807730574403195
53.87262952387458
53.937342744569555
54.00187117605738
54.06621539937787
54.130376317894296
54.194354769006694
54.25815147709721
54.321767347269784
54.38520316961885
54.448459753626345
54.511538014311185
54.57443877620754
54.63716287311271
54.69971125525959
54.76208455538159
54.82428385076556
54.88630991225028
54.94816356281394
55.00984567125056
55.071357115684464
55.132698703884294
55.19387113840962
55.25487536280556
55.315712271467454
55.376382446080086
55.43688682297331
55.497226079275315
55.55740110072534
55.61741252334251
55.67726097123436
55.736947426991584
55.796472411373685
55.855836621790786
55.91504080785986
55.97408541738037
56.03297137006783
56.09169910643481
56.15026910799198
56.208682155368145
56.26693864041576
56.32503917308328
56.382984201552695
55.17623977321971
55.26309430492573
55.34906999925679
55.434259895487834
55.51872222893952
55.60249252734283
55.68559260252878
55.768035789463454
55.84982975041484
55.93097927079332
56.01148733228447
56.09135581526365
56.17058634845435
56.249180416936504
56.32713978761209
56.404466296736935
56.48116235524933
56.55723056710266
56.632674212383726
56.70749655025941
56.78170153660303
56.85529333302157
56.928276365836616
57.00065546107693
57.07243578525604
57.14362246915003
57.214221273858364
57.284237834190854
57.35367793975185
57.42254789497802
57.49085358931215
57.55860163956954
57.62579824903332
57.69244995640183
57.75856335780938
57.82414498357769
57.889201690567184
57.953739785630596
58.01776624025601
58.08128759539812
58.144310586856264
58.206841796276485
58.26888784215381
58.33045550996385
58.39155110339333
58.452181326722176
58.512352399183186
58.572070841994595
58.63134303889935
58.69031094508988
58.74870989359381
58.80668099552392
58.864091827920696
58.92122396679274
58.97794584603248
59.0342629367657
59.090180983557836
59.145705028693094
59.2008404980361
59.255592372462345
59.30996542765271
59.36396426532967
59.41759329715563
59.47085636891054
59.52375698125913
59.5762982175791
59.6284822276573
