99622.49999999999
52581.97553989567
50454.826400741804
48564.894190123305
46887.26297529054
45399.04985958352
44079.484633456465
42909.89872475159
41873.6411232255
40955.94242290301
40143.750086319225
39425.55315315447
38791.208829024734
38231.77856199691
37739.37769350604
37307.04039823597
36928.60012782262
36598.584887916986
36312.126203740416
36064.88041871432
35852.96092235206
35672.87994965841
35521.4986910166
35395.984571426714
35293.774684303484
35212.54448852224
35150.180992279835
35104.750708767446
35074.51617665951
35057.864333860605
35053.32832889205
35059.56560153527
35075.34677105352
35099.545907258704
35131.131963919244
35169.161188215265
35212.77034987594
35261.17065942207
35313.64226666926
35369.52924967527
35428.23502001652
35489.21808392717
35551.98811011305
35616.10226459225
35681.16178069413
35746.808738979686
35812.72303692185
35878.61953254006
35944.2453494754
36009.37733366103
36073.81965358521
36137.401537804304
36199.97514426658
36261.41355681713
36321.608904673296
36380.47060093026
36437.923696295366
36493.90734420963
36548.373373433766
36601.28496416729
36652.61542355337
36702.34705625204
36750.47012583145
36796.98190240683
36841.885792028865
36885.19054330362
36926.909526534306
36967.06008100643
37005.662925755816
37042.74162955258
37078.3221356823
37112.432337492755
37145.101700564526
37176.36092779281
37206.24166364281
37234.77623413224
37261.997419322906
37287.93825515477
37312.631861873575
37336.11129629122
37358.409425434125
37379.55881932155
37399.59166074057
37418.53967011392
37436.43404369162
37453.30540348039
37469.18375748573
37484.09846888118
37498.07823306809
37511.15106140977
37523.34427084145
37534.684478417425
37545.19760012613
37554.908853241286
37563.84276170402
37572.02316398614
37579.47322296325
37586.21543750124
37592.2716553104
37597.663086855944
37602.4103200484
37606.53333548105
37610.05152207755
37612.988392709834
37615.348107432415
37617.162461482796
37618.44394422416
37619.2092244688
37619.47447436632
37619.25538440024
37618.567178254285
37617.424627365115
37615.842065061806
37613.833400392985
37611.41213150775
37608.59135867346
37605.383796900285
37601.801788159304
37597.85731322194
37593.562003106745
37588.92715015334
37583.963718736166
37578.68235559371
37573.093399843645
37567.20689261295
37561.03258638445
37554.579953994515
37547.85819732851
37540.87625571258
37533.64281404047
37526.1663106038
37518.454944641904
37510.5166836632
37502.359270506444
37493.990230152376
37485.41687632503
37476.64631784532
37467.68546479541
37458.541034461974
37449.219557093355
37439.72738145114
37430.07068019434
37420.25545507202
37410.287541951075
37400.17261569199
37389.91619484154
37379.523646196634
37369.00018920102
37358.35090022103
37347.580716672164
37336.69444101192
37325.696744607594
37314.59217149422
37303.385141997656
37292.07995624059
37280.68079756657
37269.191735824184
37257.61673056089
37245.95963413807
37234.2241947095
37222.41405914465
37210.532775841784
37198.58379746857
37186.570483595635
37174.49610328436
37162.36383756644
37150.17678185934
37137.93794832125
37125.650268103345
37113.316593567164
37100.93970043425
37088.52228982915
37076.06699032233
37063.576359870356
37051.052887714286
37038.49899621478
37025.917042648805
37013.30932092607
37000.67806329794
36988.02544195532
36975.35357065149
36962.66450621541
36949.96025006204
36937.24274963828
36924.5138998412
36911.775544372074
36899.02947709119
36886.2774432843
36873.52114094586
36860.76222197354
36848.0022933774
36835.242918415766
36822.485617720005
36809.7318703923
36796.98311504472
36784.24075084017
36771.50613849616
36758.780601243925
36746.06542578405
36733.36186319759
