0.02352
0.044979704926389266
0.04506069961344017
0.045123157281399866
0.04516734892850141
0.04519335727987358
0.045201328728846336
0.04519151318964636
0.045164264870372436
0.045120034887407595
0.04505936148447176
0.04498285918419732
0.044891207411571196
0.04478513896816403
0.04466542867507422
0.04453288245175249
0.04438832704524291
0.04423260057090139
0.0440665439740724
0.04389099347490325
0.043706774017118706
0.043514693707106734
0.043315539202379974
0.043110071988181765
0.042899025467140854
0.04268310277865394
0.042462975261183346
0.0422392814709606
0.0420126266737919
0.041783582731947023
0.041552688314773295
0.04132044936912213
0.041087339793423557
0.040853802266940686
0.04062024919310224
0.04038706372266844
0.04015460082871604
0.039923188410968875
0.039693128411833936
0.03946469793064205
0.039238150326069345
0.0390137162995847
0.038791604955081195
0.038572004831678504
0.03835508490808274
0.03814099557792902
0.037929869596266125
0.037721822997829925
0.03751695598803567
0.03731535380775059
0.03711708757292072
0.03692221509005428
0.03673078164843399
0.036542820789770274
0.03635835505582833
0.036177396714384774
0.03599994832971237
0.035826003834139884
0.0356555489767052
0.03548856161015775
0.03532501276822472
0.03516486711304642
0.03500808350778273
0.034854615566547606
0.03470441218117228
0.0345574180245271
0.03441357403021886
0.03427281784855684
0.034135084278768206
0.03400030567752085
0.033868412343913565
0.033739332881174235
0.03361299462161407
0.033489323594469225
0.03336824534851671
0.033249684867847094
0.03313356691440692
0.0330198162595625
0.032908357896368305
0.03279911723309463
0.03269202026923044
0.03258699375411354
0.0324839653297157
0.03238286365804432
0.03228361853415671
0.032186160985628536
0.03209042335932712
0.031996339396326436
0.031903844295780734
0.03181287476855281
0.031723369081365804
0.03163526709222095
0.03154851027779236
0.031463041753478374
0.031378806286757176
0.031295750304460336
0.031213821894543536
0.03113297080290191
0.03105314842574158
0.030974307797987287
0.030896403578174796
0.030819392030242223
0.030743231002607643
0.030667879904888364
0.03059329968259063
0.030519452790071105
0.030446303162046346
0.03037381618390163
0.0303019586610288
0.030230698787399687
0.03016000611356329
0.030089851514233566
0.030020207155620194
0.02995104646263427
0.02988234408608941
0.029814075870001903
0.029746219005448254
0.029678751261434582
0.02961165204441483
0.02954490164977085
0.029478481406342405
0.029412373646295436
0.029346558997282605
0.029281026906960793
0.02921576008996305
0.029150744538877622
0.029085967154540687
0.02902141567626751
0.02895707864914505
0.02889294539709504
0.028829005997241468
0.02876525125493936
0.028701672679361426
0.02863826516874843
0.028575016304416993
0.02851192204960769
0.028448976553288423
0.028386174503890284
0.02832351115046573
0.028260982287692114
0.02819858423601558
0.02813631382141062
0.028074168355375982
0.028012145615239736
0.027950243824765724
0.027888461635044583
0.027826798105651022
0.02776525268605066
0.027703825197239608
0.027642515813603327
0.027581325044980017
0.02752025371891796
0.0274593029631156
0.027398474188036218
0.02733776906968965
0.02727718953257623
0.027216737732788824
0.027156416041270844
0.02709622702723066
0.02703617344171313
0.026976258201331482
0.026916484372164425
0.026856855153824643
0.026797373863706363
0.026738043921421217
0.026678868833433036
0.02661985217790326
0.02656099758976007
0.026502308746004937
0.02644378935127168
0.026385443123654047
0.026327273780817353
0.026269285026411893
0.02621148053680488
0.026153863948148715
0.02609643884380278
0.026039208742069053
0.02598217708466708
0.02592534722472758
0.025868722416404623
0.025812305804018224
0.025756100412018097
0.025700109135352703
0.025644334730319678
0.025588779805909602
0.025533446815654517
0.025478338049990685
0.0254234556291444
0.02536880149654794
0.025314377412791373
0.02526018495011401
0.025206225487439025
0.025152500205951153
0.025099010085217973
0.02504575589985215
0.024992738216711302
0.024939957392630222
0.024887413572678745
0.024835106688937507
0.024783036459781683
