0.009223457282281387
0.009232979445177095
0.009242231026049503
0.009251238199377322
0.009260018498972965
0.009268588091836328
0.009276962600935794
0.009285157210550397
0.009293186691884074
0.009301065419767801
0.00930880738827758
0.009316426226107004
0.009323935211761903
0.009331347288562131
0.009338675079429207
0.00934593090144073
0.009353126780135113
0.009360274463552271
0.009367385435999057
0.009374470931529167
0.009381541947130161
0.009388609255611136
0.009395683418186493
0.009402774796752335
0.009409893565853453
0.009417049724339457
0.00942425310671004
0.009431513394149547
0.009438840125252186
0.009446242706439427
0.00945373042207164
0.009461312444256513
0.009468997842357121
0.009476795592202143
0.009484714585001858
0.009492763635972637
0.009500951492673389
0.009509286843056804
0.009517778323238635
0.00952643452498791
0.009535264002940675
0.009544275281539859
0.009553476861703582
0.00956287722722391
0.009572484850897596
0.00958230820039055
0.00959235574383664
0.009602635955171865
0.009613157319204028
0.009623928336417769
0.009634957527514572
0.009646253437686634
0.00965782464062342
0.009669679742248846
0.009681827384187103
0.0096942762469541
0.009707035052871606
0.009720112568700198
0.009733517607987251
0.009747259033125054
0.009761345757114247
0.009775786745027153
0.00979059101516501
0.009805767639902714
0.009821325746214691
0.009837274515874175
0.009853623185318953
0.009870381045175201
0.009887557439431522
0.00990516176425434
0.00992320346643601
0.00994169204146633
0.009960637031218226
0.009980048021238032
0.009999934637630678
0.010020306543529853
0.0100411734351436
0.010062545037365107
0.010084431098939174
0.010106841387174558
0.010129785682192837
0.010153273770704272
0.010177315439302278
0.010201920467267516
0.010227098618874142
0.010252859635190608
0.01027921322536848
0.010306169057413696
0.010333736748435058
0.010361925854366611
0.010390745859161018
0.010420206163452782
0.010450316072691545
0.010481084784747243
0.01051252137699047
0.010544634792853844
0.010577433827881516
0.010610927115276772
0.010645123110959545
0.01068003007814874
0.010715656071486425
0.010752008920724173
0.010789096213994633
0.010826925280694663
0.010865503174009876
0.010904836653113197
0.010944932165074682
0.01098579582652243
0.011027433405099015
0.011069850300761368
0.011113051526975913
0.011157041691865053
0.011201824979364644
0.011247405130456347
0.01129378542454259
0.011340968661035601
0.011388957141235681
0.011437752667475766
0.01148735645575289
0.011537769227790054
0.01158899111983118
0.011641021686602296
0.011693859886682936
0.01174750406877613
0.011801951958971303
0.01185720064909555
0.011913246586247645
0.011970085563609225
0.012027712712625578
0.012086122496646217
0.012145308706112792
0.012205264455377746
0.012265982181232406
0.012327453643218605
0.012389669925790532
0.012427299068233196
0.01246687654395497
0.012508383794104754
0.012551789830052998
0.012597051801833587
0.012644117579855854
0.012692927952284307
0.012743418355472214
0.012795520236559303
0.01284916213575609
0.012904270554202993
0.012960770656554741
0.013018586845221206
0.013077643234245281
0.013137864044175556
0.013199173934344015
0.01326149828522854
0.013324763440749024
0.013388896918181212
0.013453827591713213
0.01351948585439087
0.013585803762214814
0.013652715163395265
0.013720155815192996
0.013788063490337598
0.01385637807469083
0.013925041657590145
0.013993998616151419
0.014063195694717532
0.014132582080602366
0.014202109477293116
0.014271709751698365
0.014341312173574185
0.01441087604972993
0.014480363398311007
0.014549739053878838
0.014618970762432385
0.014688029293436305
0.014756888561018297
0.014825525759745776
0.014893921519801743
0.01496206008708635
0.01502992953502139
0.015097522016431636
0.015164834065930664
0.015231866965905316
0.01529862719268121
0.015365126964063579
0.015431384915597647
0.015497426941188188
0.015563287245023736
0.015629009667353786
0.015694649368477483
0.015760274986225318
0.015825971426748405
0.015891843513665363
0.0159580208180157
0.01602466414000204
0.01609197434548211
0.016160204632413355
0.016229677918559702
0.016300812098781887
0.01637415781175108
0.016450456915395276
0.01653073699141286
