0.04059534411009619
0.03798931062090963
0.037476171391796834
0.03703921411856636
0.03662684018924686
0.0362369647409436
0.03586863734790123
0.03552084564064368
0.03519252097015099
0.03488256670019773
0.03458988063414019
0.0343133720544012
0.03405197467035913
0.033804656086654165
0.0335704246112406
0.03334833392605515
0.03313748606297229
0.03293703303947875
0.032746177441916755
0.03256417218860098
0.03239031966127812
0.032223970357907306
0.032064521190950504
0.031911413531892786
0.03176413108348829
0.03162219764542388
0.031485174826057186
0.031352659742111474
0.031224282739295367
0.031099705159437697
0.0309786171736292
0.03086073569583161
0.030745802387279603
0.030633581758615868
0.030523859373947443
0.03041644015878946
0.030311146812086992
0.030207818321104335
0.030106308576881635
0.030006485087131236
0.02990822778283307
0.029811427914355947
0.029715987032643186
0.029621816050833867
0.02952883438161791
0.02943696914562868
0.029346154446241217
0.02925633070625587
0.029167444062094407
0.029079445811307995
0.02899229190938816
0.028905942512073478
0.028820361559555672
0.028735516399199284
0.028651377443600995
0.028567917861022533
0.028485113295432716
0.028402941613590908
0.028321382676790793
0.02824041813506299
0.02816003124180477
0.02808020668696544
0.028000930447067026
0.02792218965048159
0.027843972456518352
0.02776626794699778
0.027689066029103315
0.027612357348408997
0.027536133211078086
0.027460385514319546
0.027385106684272426
0.027310289620564865
0.027235927646865523
0.027162014466809246
0.02708854412473869
0.02701551097075707
0.026942909629637107
0.02687073497317553
0.02679898209562445
0.026727646291866806
0.026656723038037945
0.026586207974325458
0.026516096889707064
0.026446385708411752
0.02637707047791138
0.02630814735827112
0.02623961261270509
0.026171462599199675
0.026103693763083167
0.026036302630432176
0.025969285802218498
0.025902639949110313
0.025855523192336024
0.025822306816494604
0.025798873529736
0.025782326013954412
0.0257706263810445
0.02576234059831358
0.025756459213660737
0.02575227147565151
0.025749276860403136
0.025747122846501266
0.025745561129339185
0.025744416799966644
0.025743566644442894
0.025742923862104118
0.025742427302725045
0.02574203388563148
0.02574171325969778
0.025741444041653093
0.02574121116611344
0.0257410040187326
0.02574081512101803
0.02574063920377676
0.02574047255434457
0.02574031255669498
0.0257401573674329
0.02574000568752105
0.025739856601452313
0.025739709463939633
0.025739563820083376
0.02573941934912512
0.025739275824818872
0.02573913308751019
0.025738991024464013
0.025738849556004438
0.025738708625748858
0.025738568193727336
0.025738428231534723
0.025738288718914638
0.02573814964135284
0.02573801098838135
0.025737872752383633
0.025737734927752637
0.025737597510297756
0.025737460496826615
0.025737323884850713
0.025737187672377915
0.02573705185776612
0.025736916439620307
0.02573678141671995
0.025736646787967794
0.025736512552353874
0.02573637870893014
0.02573624525679245
0.025736112195068068
0.025735979522906748
0.025735847239474415
0.025735715343948917
0.025735583835516697
0.02573545271337078
0.02573532197670919
0.02573519162473377
0.025735061656649565
0.025734932071664204
0.025734802868987494
0.025734674047831196
0.02573454560740889
0.025734417546935742
0.025734289865628448
0.02573416256270521
0.02573403563738562
0.025733909088890748
0.025733782916442963
0.025733657119266038
0.0257335316965851
0.025733406647626585
0.025733281971618355
0.02573315766778954
0.025733033735370628
0.02573291017359346
0.02573278698169124
0.025732664158898386
0.025732541704450867
0.0257324196175858
0.025732297897541737
0.025732176543558572
0.025732055554877457
0.025731934930741003
0.02573181467039311
0.025731694773078982
0.025731575238045194
0.025731456064539703
0.025731337251811797
0.025731218799112016
0.02573110070569238
0.025730982970806133
0.025730865593707977
0.025730748573653844
0.025730631909901085
0.02573051560170837
0.025730399648335706
0.025730284049044448
0.02573016880309728
0.025730053909758265
0.025729939368292775
0.02572982517796751
0.02572971133805053
0.025729597847811248
0.0257294847065204
