-52.381608305245095
-20.87166064937018
-20.886329067654376
-20.882915167192373
-20.87477138907979
-20.86181264742182
-20.846133560088862
-20.828824725688293
-20.81062022255165
-20.792014768431372
-20.773340597331337
-20.75481852208184
-20.7365924030421
-20.718752659021813
-20.701352536101044
-20.684419438196226
-20.667962939768273
-20.65198042124866
-20.636461122891912
-20.621389002292975
-20.606744790563056
-20.592507457409248
-20.578655244654644
-20.565166381608996
-20.55201958471652
-20.539194395807613
-20.5266713890829
-20.514432302878344
-20.502460094092168
-20.49073896582186
-20.479254342833805
-20.46799284777123
-20.456942242252143
-20.446091373184434
-20.435430101770027
-20.424949234328217
-20.4146404607286
-20.404496283757364
-20.394509952661632
-20.38467539416749
-20.374987165222432
-20.365440385065227
-20.356030690345083
-20.346754179501676
-20.33760736762151
-20.328587147825896
-20.31969074621538
-20.31091568880405
-20.30225976899519
-20.29372101013881
-20.285297646412932
-20.276988091119936
-20.268790915189076
-20.26070482512712
-20.252728642683415
-20.244861288208803
-20.237101763768955
-20.22944914189739
-20.22190254546225
-20.21446114173923
-20.207124128014613
-20.199890724794717
-20.192760165150535
-20.185731686577988
-20.178804526498237
-20.171977913371872
-20.165251062936903
-20.15862317137283
-20.15209341580434
-20.14566094175942
-20.13932486988997
-20.13308428708058
-20.126938245497563
-20.12088576283623
-20.1149258170135
-20.109057343153488
-20.103279243689528
-20.09759036969092
-20.09198954028506
-20.086475525163966
-20.081047052802607
-20.075702812230404
-20.07044144655287
-20.065261558889514
-20.06016170942698
-20.055140417897604
-20.050196160933567
-20.045327377976346
-20.04053246782077
-20.03580979175967
-20.03115767191587
-20.026574395647096
-20.022058211828515
-20.017607336918044
-20.01321995248793
-20.008894207991283
-20.00462822013381
-20.00042007554513
-19.996267831041436
-19.99216951493303
-19.988123127090454
-19.98412664122986
-19.98017800818925
-19.976275149970164
-19.972415968052516
-19.968598339510656
-19.964820121802212
-19.96107915031767
-19.957373241259198
-19.953700192584524
-19.95005778382931
-19.946443777517818
-19.94285592113657
-19.939291944907172
-19.935749567188957
-19.932226490738213
-19.928720405071992
-19.925228988986333
-19.921749908430485
-19.918280819678074
-19.914819367656538
-19.911363189677306
-19.90790991116735
-19.90445715186102
-19.901002523082983
-19.897543627527597
-19.89407806364221
-19.890603420841337
-19.887117284863592
-19.88361723584144
-19.880100849504817
-19.876565695925407
-19.87300934218315
-19.844152237321648
-19.855090186644674
-19.866092930095284
-19.87711646150966
-19.88812034665021
-19.89906743954026
-19.909923645250185
-19.920657703634838
-19.931240989826655
-19.94164733660827
-19.9518528591637
-19.961835800856765
-19.971576380742118
-19.98105665530922
-19.99026038708725
-19.999172919380282
-20.007781062642234
-20.01607298214553
-20.02403810005248
-20.031666997094575
-20.038951323394176
-20.045883716983337
-20.05245772446517
-20.058667728232813
-20.06450887903299
-20.069977032403784
-20.075068691970156
-20.07978095092061
-20.084111444853445
-20.088058304686996
-20.091620108346373
-20.094795846669008
-20.097584881142225
-20.099986911899258
-20.102001943170904
-20.10363025597445
-20.104872379385597
-20.105729065133506
-20.106201265824712
-20.106290112250353
-20.105996892457817
-20.105323037577534
-20.104270101547534
-20.102839746612364
-20.101033730750387
-20.098853894472175
-20.09630214742676
-20.09338046042395
-20.090090855219625
-20.086430171298925
-20.08241092707832
-20.078030044111575
-20.073294959159508
-20.068197259440723
-20.06274438168248
-20.05693849081889
-20.050781751582065
-20.044276320185652
-20.037424342760886
-20.03022794802591
-20.022689244718386
-20.014810312232225
-20.006593195190348
-19.998039891767235
-19.98915233888943
-19.979932387053367
-19.970381761393107
