-370.09614183492874
-623.3513466310781
-611.6665506363968
-600.7496194284246
-590.5383516674623
-580.9721277231371
-571.99569655352
-563.5594309690733
-555.6188422616226
-548.1340068540705
-541.0690337829382
-534.391592918896
-528.0725017210582
-522.0853642649741
-516.4062560302395
-511.01344847939316
-505.88716814608495
-501.00938562026124
-496.3636304302873
-491.9348283664048
-487.7091582671696
-483.6739257049124
-479.81745136397535
-476.1289722129632
-472.59855383595414
-469.21701251338607
-465.9758458365573
-462.8671708049563
-459.88366849714134
-457.0185345270695
-454.26543460166283
-451.6184645846002
-449.072114547961
-446.62123635933193
-444.261014408874
-441.9869391299428
-439.7947830093568
-437.6805788201832
-435.6405998418699
-433.6713418602886
-431.76950676445136
-429.9319875777352
-428.1558547759304
-426.43834378888266
-424.7768435089065
-423.1688857939604
-421.61213580310834
-420.1043831169764
-418.643533563522
-417.22760168515697
-415.85470378934
-414.5230515306006
-413.2309459772077
-411.97677212032573
-410.7589937876362
-409.5761489270847
-408.4268452297091
-407.3097560634421
-406.2236166924034
-405.1672207585721
-404.1394170048326
-403.1391062202912
-402.1652383904801
-401.2168100365897
-400.29286172927476
-399.39247576382104
-398.514773984604
-397.6589157477844
-396.8240960121236
-396.0095435486339
-395.21451926055454
-394.4383146058277
-393.680250114884
-392.93967399712403
-392.21596083000026
-391.50851032508723
-390.8167461659603
-390.1401149130993
-389.4780849714078
-388.83014561625345
-388.19580607426656
-387.5745946553849
-386.9660579329134
-386.3697599685914
-385.78528157988006
-385.2122196468818
-384.6501864564848
-384.0988090815048
-383.5577287927354
-383.0266005019789
-382.5050922342507
-381.9928846274795
-381.4896704581373
-380.99515419133525
-380.50905155402177
-380.0310891300075
-379.5610039756294
-379.09854325493166
-378.64346389332724
-378.19553224876057
-377.754523799456
-377.32022284739185
-376.89242223669913
-376.47092308622564
-376.05553453555376
-375.6460735038092
-375.24236446062196
-374.8442392086583
-374.45153667715533
-374.06410272593916
-373.6817899594191
-373.304457550095
-372.93197107112474
-372.5642023375304
-372.2010292556392
-371.8423356803768
-371.4880112800457
-371.1379514082371
-370.7920569825458
-370.4502343697586
-370.1123952772131
-369.7784566500224
-369.4483405738788
-369.12197418314656
-368.7992895739793
-368.48022372218287
-368.16471840556204
-367.8527201304886
-367.54418006243213
-367.239053960195
-366.937302113592
-366.6388892843217
-366.34378464976027
-366.0519617494258
-365.763398433837
-365.47807681550046
-365.1959832217478
-364.91710814913887
-364.64144621914016
-364.3689961347787
-364.09976063795807
-363.8337464671251
-363.5709643149466
-363.31142878565703
-363.0551583517211
-362.80217530943656
-362.5525057330953
-362.3061794272981
-362.0632298770058
-361.8236941948943
-361.5876130655561
-361.35503068608
-361.125994702518
-360.9005561417302
-360.67876933807486
-360.4606918544025
-360.2463843967731
-360.0359107223186
-359.82933753963283
-359.6267344010635
-359.4281735862582
-359.2337299762988
-359.0434809177338
-358.85750607581974
-358.6758872762449
-358.49870833461176
-358.3260548729404
-358.15801412243684
-357.9946747117769
-357.83612644014227
-357.6824600342514
-357.5337668886295
-357.39013878836886
-357.25166761364284
-357.1184450252627
-356.99056213057236
-356.8681091290277
-356.7511749368243
-356.6398467899913
-356.53420982541746
-356.4343466393378
-356.3403368228678
-356.2522564742663
-356.17017768767596
-356.0941680182083
-356.0242899233301
-355.96060018064196
-355.9031492822611
-355.85198080617266
-355.80713076505657
-355.76862693327854
-355.7364881528956
-355.71072361973296
-355.6913223212319
-355.67829120569945
-355.6716078839282
-355.671213360121
-355.67706815560837
-355.6891076723036
-355.70725223812497
