0.00012
0.00029611359410427476
0.00029486568369667626
0.00029393417308179877
0.0002932652955715667
0.00029282099235017106
0.00029257204675777187
0.00029249483318994414
0.00029256964968581503
0.0002927797660469257
0.0002931108143730552
0.0002935503584404047
0.0002940875674470024
0.000294712957952417
0.0002954181846964738
0.00029619586872970413
0.00029703945511801687
0.0002979430945859519
0.0002989015447575119
0.000299910087542693
0.00030096445987591336
0.00030206079552384877
0.00030319557608786787
0.0003043655896551013
0.0003055678958188893
0.0003067997960112774
0.00030805880826541857
0.00030934264650141875
0.00031064919917733226
0.00031197651711359944
0.00031332279776453265
0.00031468637365957274
0.0003160657019628416
0.0003174593552748505
0.00031886601346869394
0.00032028445638531837
0.00032171355724254155
0.00032315227664011354
0.00032459965705915287
0.00032605481777828334
0.00032751695013846923
0.00032898531310518095
0.0003304592290850764
0.00033193807996486995
0.0003334213033451502
0.0003349083889516084
0.0003363988752069859
0.00033789234595360654
0.0003393884273185259
0.0003408867847166193
0.00034238711998591426
0.0003438891686545738
0.00034539269733645895
0.000346897501254457
0.00034840340189020645
0.00034991024475893045
0.0003514178973085547
0.0003529262469411819
0.0003544351991540814
0.0003559446757994471
0.0003574546134594968
0.00035896496193243396
0.0003604756828284447
0.00036198674826938326
0.0003634981396890801
0.0003650098467307899
0.0003665218662345456
0.0003680342013134121
0.00036954686051015825
0.0003710598570326638
0.00037257320806045527
0.0003740869341204582
0.0003756010585242871
0.0003771156068651909
0.00037863060656842697
0.0003801460864911882
0.00038166207656899545
0.000383178607502591
0.00038469571048416624
0.00038621341695738637
0.00038773175840868285
0.00038925076618719746
0.00039077047134984834
0.00039229090452928844
0.00039381209582205234
0.0003953340746948346
0.0003968568699073808
0.0003983805094482801
0.000399905020485131
0.00040143042932385233
0.0004029567613789308
0.00040448404115120347
0.0004060122922136023
0.00040754153720234167
0.0004090717978141604
0.00041060309480806434
0.000412135448010163
0.0004136688763231358
0.00041520339773718797
0.0004167390293439724
0.00041827578735228235
0.0004198136871048944
0.0004213527430971399
0.0004228929660657822
0.00042443437767212356
0.0004259769811699889
0.0004275207908077575
0.0004290658171424228
0.00043061207000624465
0.00043215955852754707
0.0004337082911514247
0.0004352582756611285
0.0004368095191978961
0.0004383620282821345
0.0004399158088329294
0.00044147086618791866
0.00044302720512284056
0.0004445848298704343
0.0004461437441392115
0.00044770395113169395
0.0004492654535623066
0.00045082825367517013
0.0004523923532608903
0.00045395775367382984
0.0004555244558479559
0.00045709246031340044
0.0004586617672119601
0.00046023237631238607
0.0004618042870251651
0.00046337749841755805
0.00046495200922776404
0.0004665278178784939
0.00046810492249089867
0.00046968332089790865
0.00047126301065699534
0.0004728439890630708
0.000474426253160537
0.000476009799755549
0.00047759462542764237
0.0004791807265413649
0.00048076809925723515
0.0004823567395428686
0.00048394664318341074
0.0004855378057918538
0.0004871302228194243
0.00048872388956505
0.0004903188011851608
0.0004919149527027589
0.0004935123390167282
0.0004951109549105869
0.000496710795060968
0.0004983118540458849
0.0004999141263530817
0.0005015176063877711
0.0005031222884800068
0.0005047281668926195
0.0005063352358279978
0.0005079434894350196
0.0005095529218162809
0.0005111635270340485
0.0005127752991169745
0.000514388232066051
0.0005160023198607462
0.0005176175564643146
0.0005192339358297851
0.0005208514519050361
0.0005224700986379004
0.0005240898699814414
0.0005257107598981943
0.000527332762365101
0.0005289558713782196
0.0005305800809560818
0.0005322053851445909
0.0005338317780205212
0.0005354592536953234
0.0005370878063185612
0.0005387174300816037
0.0005403481192203726
0.0005419798680191898
0.0005436126708126553
0.0005452465219894807
0.0005468814159944035
0.0005485173473310114
0.0005501543105639483
0.0005517923003213144
0.0005534313112963349
0.0005550713382498804
0.0005567123760116261
0.0005583544194824299
0.0005599974636351835
0.0005616415035169066
0.0005632865342496248
0.0005649325510316519
0.0005665795491390214
0.0005682275239258795
0.0005698764708257458
0.0005715263853524112
0.0005731772631002241
0.0005748290997449891
0.000576481891044219
