114.33665486957017
113.69227130478937
113.04489254235938
112.39478936456133
111.74223815906856
111.08751929725763
110.43091530716117
109.77270903390995
109.11318185497738
108.45261198940563
107.79127293046035
107.12943202452578
106.467349212785
105.80527594609106
105.14345427761089
104.48211613254513
103.82148274966126
103.16176428563288
102.50315957029197
101.84585599885663
101.19002954593827
100.5358448855643
99.8834556014746
99.2330044724415
98.58462381821786
97.93843589282417
97.29455331315748
96.65307951225759
96.01410920793923
95.37772887883979
94.74401724120686
94.11304572093032
93.48487891639509
92.85957504868733
92.23718639652245
91.61775971398565
91.00133662978766
90.3879540272487
89.77764440464402
89.17043621588061
88.56635419174185
87.96541964214067
87.36765073997373
86.77306278727696
86.181668464454
85.59347806339119
85.00849970529043
84.42673954405198
83.84820195602356
83.27288971690875
82.70080416659512
82.13194536262576
81.56631222299912
81.00390265894042
80.44471369824903
79.88874159978528
79.33598195707482
78.78642980375139
78.24007969873303
77.69692581049314
77.15696199533282
76.6201818686054
76.08657887010872
75.55614632397524
75.02887749337079
74.50476563029744
73.98380402077956
73.46598602569917
72.95130511753408
72.4397549132402
71.93132920350965
71.42602197862583
70.92382744750117
70.42474006785746
69.92875455297465
69.43586588922587
68.94606934792546
68.45936049492087
67.97573519809069
67.49518963290474
67.0177202861951
66.54332395827822
66.071997763563
65.60373912977118
65.13854579589012
64.67641580897086
64.21734751987775
63.76133957808941
63.308390925644154
62.85850079031691
62.411668678108406
61.96789436512187
61.527177888896155
61.089519539259484
60.65491984876212
60.22337958274178
59.79489972907027
59.369481487625684
58.947126259530066
58.52783563618832
58.11161138816023
57.69845545389412
57.28836992834701
56.88135705151309
56.47741919687952
56.07655885982567
55.67877864597968
55.284081259543704
54.89246949159721
54.50394620838615
54.11851433960346
53.73617686666578
53.35693681098905
52.98079722226518
52.60776116674087
52.23783171549859
51.87101193363436
51.507304865796094
51.1467135272796
50.78924089134606
50.4348898775022
50.08366333977419
49.735564045328026
49.39059469255308
49.04875786834836
48.710056047347614
48.37449157999618
48.04206668075882
47.712783416342674
47.38664369392137
47.063649249361454
46.74380163545537
46.42710221016676
46.11355213474476
45.803152331626656
45.49590350423584
45.19180611424099
44.890860370135755
44.59306621575875
44.29842331887793
44.00693105986975
43.71858852051166
43.433394472904666
43.15134736854443
42.872445327559596
42.596686128137456
42.32406719615756
42.05458559505491
41.78823801593489
41.52502076796283
41.26492976905139
41.00796053686952
40.75410818019684
40.503367390647526
40.25573243478772
40.011197146670284
39.76975492081063
39.53139870562664
39.29612099736559
39.06391383453955
38.83476879289079
38.60867698090707
38.38562903590564
38.16561512070404
37.94862492089367
37.73464764273126
37.52367201166121
37.31568627148061
37.11067818415647
36.90863503030298
36.70954361032488
36.51339024623055
36.3201607841168
36.129840597324886
35.94241459026549
35.757867202908
35.57618241592956
35.397343756501954
35.22133430473873
35.048136700744905
34.87773315228817
34.71010544306133
34.545234941519425
34.383102610271415
34.22368901600438
34.06697433991675
33.91293838863567
33.761560605592386
33.61282008282817
33.46669557320262
33.32316550297503
33.18220798472877
33.0438008306083
32.90792156583758
32.77454744248863
32.6436554534687
32.51522234669445
32.38922463942161
32.26563863269889
32.14444042591517
