5.7065
4.852156698547044
4.852301755479064
4.852243001549678
4.851964931658382
4.8514724381862475
4.85077482491577
4.8498818463254825
4.84880283929695
4.8475465447822
4.846121088996203
4.844534005260443
4.842792267810045
4.840902329351634
4.838870159291597
4.836701281152051
4.834400808367259
4.831973478022358
4.829423682324083
4.8267554977387475
4.823972711826568
4.821078847859002
4.818077187339371
4.814970790565542
4.8117625153799555
4.808455034252484
4.8050508498375475
4.801552309139488
4.797961616411706
4.79428084490631
4.790511947580978
4.786656766861091
4.782717043546224
4.778694424941675
4.7745904722885335
4.770406667558269
4.766144419671576
4.761805070195408
4.757389898566871
4.752900126887569
4.748336924328038
4.743701411177843
4.738994662573239
4.734217711931705
4.729371554119116
4.724457148373374
4.719475421005756
4.7144272678993016
4.709313556821542
4.704135129567612
4.698892803947943
4.693587375633418
4.688219619870055
4.682790293073612
4.677300134314199
4.671749866699422
4.666140198664375
4.660471825175698
4.6547454288565895
4.648961681038582
4.643121242746093
4.637224765618428
4.631272892774324
4.625266259623027
4.6192054946259615
4.6130912200125485
4.6069240524535235
4.6007046036947425
4.594433481154278
4.588111288485284
4.581738626107183
4.575316091707091
4.568844280713653
4.562323786745076
4.555755202032989
4.549139117823708
4.542476124758413
4.535766813233509
4.529011773742329
4.522211597199311
4.515366875247855
4.508478200552601
4.501546167077021
4.4945713703472485
4.487554407702901
4.480495878535325
4.473396384514232
4.466256529803041
4.4590769212636285
4.4518581686507215
4.444600884796785
4.437305685787336
4.429973191127378
4.422604023899182
4.415198810911626
4.407758182841532
4.400282774367086
4.392773224293645
4.385230175672113
4.3776542759098795
4.370046176874912
4.362406534992421
4.354736011334953
4.3470352717054475
4.339304986713558
4.331545831845225
4.323758487525603
4.3159436391752495
4.308101977259665
4.300234197332118
4.292341000069817
4.284423091303219
4.276481182038738
4.268515988474409
4.2605282320087445
4.252518639242638
4.244487941974053
4.236436877185768
4.228366187025653
4.220276618779663
4.212168924837464
4.204043862650286
4.195902194681196
4.187744688347465
4.1795721159550805
4.171385254624964
4.163184886211255
4.154971797210932
4.146746778665164
4.138510626051943
4.13026413916999
4.122008122013728
4.113743382639284
4.105470733021325
4.097190988900616
4.088904969622231
4.080613497964232
4.072317399956742
4.064017504691374
4.055714644120787
4.047409652848403
4.039103367908249
4.030796628534619
4.022490275921862
4.014185152973964
4.005882104043968
3.9975819746633694
3.9892856112612445
3.980993860873347
3.9727075708410164
3.9644275885001
3.9561547608598673
3.947889934271958
3.9396339540895937
3.9313876643170254
3.9231519072494714
3.914927523103557
3.9067153496386267
3.8985162217689164
3.8903309711669416
3.8821604258582494
3.8740054098078835
3.8658667424987363
3.857745238502144
3.849641707041063
3.841556951546069
3.8334917692047177
3.825446950504445
3.8174232787696005
3.80942152969295
3.801442470862065
3.7934868612812265
3.7855554508891505
3.777648980073281
3.7697681791809496
3.7619137680282737
3.7540864554070783
3.7462869385907664
3.738515902839592
3.730774020906125
3.7230619525416238
3.7153803440039836
3.7077298275681736
3.7001110210399157
3.6925245272734064
3.684970933694102
3.677450811827434
3.6699647168344156
3.6625131870552283
3.6550967435618458
3.6477158897207573
3.6403711107671097
3.6330628735647563
3.6257916269528385
3.618557794811125
3.6113617909915603
3.60420400229384
3.5970847970343365
3.5900045228307724
3.582963506329789
