0.011524526333443762
0.011401790864915743
0.011263743999872873
0.011128444769895825
0.010995850719785077
0.010865916099262359
0.010738588470822031
0.010613811678899104
0.010491527483459795
0.01037167669840061
0.010254199974927599
0.01013903834444023
0.01002613359818987
0.009915428554450084
0.009806867246598471
0.009700395054262515
0.009595958793024176
0.009493506772568572
0.00939298883158751
0.009294356354252464
0.009197562272636567
0.009102561058001174
0.009009308703516584
0.008917762699754157
0.008827882005092812
0.00873962701161073
0.008652959507901466
0.008567842639209245
0.008484240865684237
0.008402119919650114
0.008321446761522584
0.00824218953573352
0.008164317526359917
0.008087801112864171
0.008012611726371919
0.007938721806408524
0.00786610475845222
0.007794734912351978
0.007724587481913331
0.007655638525285794
0.007587864906847982
0.007521244260138649
0.007455754952018685
0.007391376048359834
0.007328087280663528
0.007265869014541677
0.007204702218956869
0.007144568437115898
0.007085449758632939
0.007027328792807931
0.0069701886433304406
0.006914012884093402
0.006858785536285618
0.006804491046588532
0.006751114266428816
0.006698640432414469
0.006647055147854874
0.006596344365168127
0.006546494369263096
0.006497491761965734
0.006449323447128074
0.006401976616812014
0.0063554387381245655
0.006309697540796886
0.006264741005678972
0.006220557353715992
0.006177135035718757
0.006134462722610434
0.006092529296523061
0.006051323842131111
0.006010835638751912
0.005971054152818954
0.005931969030916423
0.0058935700931063845
0.005855847326815697
0.005818790881054919
0.0057823910609526895
0.005746638322687807
0.00571152326876423
0.005677036643541691
0.005643169329008159
0.005609912340905169
0.005577256825001975
0.005545194053720392
0.005513715422833092
0.0054828124484103315
0.005452476763990872
0.005422700117894055
0.005393474370663667
0.005364791492730544
0.005336643562089465
0.005309022762265948
0.005281921380184706
0.0052553318043792015
0.005229246523143417
0.005203658122848969
0.005178559286280929
0.005153942791117949
0.005129801508452115
0.005106128401384064
0.005082916523642801
0.005060159018341549
0.005037849116741153
0.005015980136983379
0.004994545483023186
0.004973538643446326
0.004952953190463726
0.0049327827788141175
0.004913021144771009
0.0048936621051715
0.004874699556439799
0.0048561274736494955
0.004837939909642608
0.004820130994073657
0.004802694932612557
0.004785626006003885
0.0047689185692788
0.004752567050902528
0.004736565951938392
0.004720909845271686
0.00470559337478309
0.0046906112546086665
0.004675958268289388
0.0046616292680676215
0.004647619174109805
0.004633922973719245
0.004620535720647371
0.004607452534288766
0.00459466859899389
0.004582179163333809
0.004569979539385903
0.004558065101990328
0.0045464312880600585
0.004535455615428235
0.004524736817079731
0.004514271194205312
0.004504054997604959
0.004494084463929778
0.004484355838285394
0.004474865388477241
0.004465609413954825
0.004456584251360024
0.004447786278016538
0.004439211913949107
0.00443085762308483
0.004422719913832173
0.004414795339274456
0.004407080497125549
0.00439957202948482
0.004392266622507534
0.0043851610059476055
0.004378251952702372
0.004371536278282812
0.004365010840264314
0.004358672537748155
0.00435251831079787
0.004346545139872773
0.004340750045268212
0.00433513008655512
0.004329682362047814
0.004324404008239209
0.004319292199284658
0.004314344146492995
0.004309557097787807
0.004304928337239644
0.004300455184566695
0.004296134994672151
0.004291965157173873
0.004287943095964528
0.0042840662687738075
0.004280332166741673
0.004276738314013293
0.004273282267337874
0.004269961615663355
0.004266773979777715
0.004263717011929341
0.004260788395463144
0.004257985844474637
0.0042553071034682945
0.004252749947015954
0.004250312179435964
0.004247991634476209
0.004245786156690466
0.004243693656893694
0.004241712055247798
0.004239839315904801
0.004238073398554425
0.004236412307135327
0.004234854072938441
0.004233396754336063
0.004232038436503722
0.0042307772311537505
0.004229611276265553
0.004228538735824527
0.00422755779955647
0.0042266666826689505
0.004225863625592366
0.0042251468937232655
0.004224514777166777
0.004223965590481546
