14.88463227013547
14.896127913944547
14.914620943194818
14.939583450169662
14.970540891033986
15.007062048707981
15.048752336249118
15.095248896697633
15.146216774950162
15.201345799778588
15.260347978994506
15.322955289388009
15.388917783097543
15.458001954181453
15.529989322528293
15.604675201049584
15.68186761833827
15.761386373651986
15.843062204730822
15.926736051896023
16.01225840429118
16.099488716147427
16.188294882665627
16.27855276657428
16.370145767686815
16.462964428880944
16.556906072881777
16.651874465064058
16.747779498197907
16.844536895942042
16.942067931904848
17.04029916219137
17.139162169461706
17.238593316968885
17.33853351136614
17.43892797334889
17.539726015430276
17.64088082634423
17.74234926173168
17.844091640896345
17.946071549520433
18.048255648310555
18.150613487603184
18.253117327999803
18.355741967127177
18.45846457263021
18.56126452150606
18.664123245880237
18.767024085310627
18.86995214568493
18.97289416475287
19.07583838430754
19.17877442900195
19.281693191757924
19.38458672569592
19.487448142486993
19.59027151700177
19.693051798107728
19.79578472544404
19.898466751984323
20.00109497218088
20.10366705547053
20.206181184910704
20.308636000706365
20.411030548382186
20.513364231351034
20.615636767628555
20.717848150444432
20.819998612503554
20.922088593654546
21.024118711728978
21.126089736321358
21.2280025652882
21.329858203753016
21.431657745413816
21.533402355959556
21.6350932584122
21.73673172022179
21.838319041952186
21.939856547405967
22.04134557504719
22.142787470590896
22.244183580638232
22.345535247245493
22.446843803324597
22.548110568781212
22.649336847304987
22.75052392373426
22.851673061924743
22.952785503058728
23.05386246433761
23.15490513800646
23.255914690664827
23.3568922628229
23.457838968666888
23.558755896001394
23.659644106340703
23.76050463512398
23.861338492032754
23.96214666139169
24.06293010263627
24.16368975083306
24.264426517240455
24.365141290529138
24.465834934761837
24.566508294156083
24.667162190814263
24.767797426125508
24.868414781396897
24.969015018478846
25.06959888038145
25.170167091879414
25.270720360103844
25.37125937511934
25.471784810485577
25.572297323802466
25.672797557238486
25.77328613804194
25.873763679035047
25.974230779090945
26.07468802359372
26.17513598488178
26.27557522267494
26.37600628448552
26.476429706013963
26.576846011529494
26.677255714236104
26.77765931662458
26.87805731081097
26.97845017886199
27.078838393107876
27.17922241644319
27.27960270261605
27.3799796965062
27.48035383439246
27.580725544209937
27.681095245797394
27.78146335113528
27.88183026457465
27.982196383057552
28.082562096329063
28.182927787141388
28.28329383145038
28.383660598604724
28.48402845152815
28.58439774689489
28.684768835298723
28.785142061415854
28.885517764161794
28.98589627684261
29.086277927300628
29.186663038055
29.287051926437094
29.387444904721093
29.48784228024993
29.58824435555673
29.688651428481954
29.789063792286413
29.889481735760217
29.989905543327996
30.090335495150338
30.190771867221734
30.291214931465078
30.391664955822865
30.492122204345232
30.59258693727495
30.69305941112946
30.793539878780074
30.894028589528432
30.99452578918041
31.095031720117355
31.195546621364958
31.296070728659828
31.396604274513624
31.497147488275186
31.59770059619039
31.698263821460092
31.798837384296053
31.89942150197494
32.00001638889055
32.100622256604275
32.201239313893794
32.30186776680021
32.402507818673534
32.50315967021674
32.60382351952821
32.70449956214285
32.80518799107181
32.9058889968409
33.00660276752769
33.1073294887974
33.20806934393759
33.30882251389171
33.40958917729155
33.5103695104886
33.611163687584394
33.711971880459835
33.8127942588036
33.91363099013955
34.01448223985334
