2.026488187889922
1.9642704176759158
1.9672788406681787
1.9716529063335826
1.975762069729558
1.9795992965645246
1.9831956509741486
1.9865795636975023
1.9897762281889324
1.9928079632159126
1.995694544327431
1.9984534862863386
2.001100293714325
2.0036486779180325
2.0061107499095985
2.0084971927228636
2.010817415860686
2.013079694234679
2.015291293333231
2.017458582034518
2.0195871342308553
2.0216818202611075
2.0237468890302552
2.0257860416115143
2.0278024970640023
2.0297990511489568
2.03177812858453
2.033741829439445
2.03569197022757
2.0376301202277127
2.039557633515357
2.0414756771558547
2.043385255971939
2.045287234262767
2.047182354817371
2.0490712555326973
2.050954483915639
2.052832509719673
2.05470573594014
2.0565745083677163
2.0584391238773945
2.060299837610007
2.062156869185176
2.0640104080681394
2.0658606181983417
2.0677076419746125
2.0695516036801997
2.071392612420711
2.0732307646389234
2.0750661462624413
2.076898834533224
2.0787288995617086
2.0805564056429304
2.0823814123672357
2.084203975553983
2.0860241480330037
2.0878419802953907
2.0896575210323225
2.09147081757824
2.093281916272495
2.095090862751731
2.0968977021836004
2.0987024794509974
2.1005052392947223
2.102306026421388
2.104104885582458
2.1059018616294067
2.107696999549356
2.109490344484818
2.111281941740687
2.113071836781127
2.114860075218587
2.1166467027968148
2.118431765369445
2.120215308875451
2.1219973793125573
2.1237780227094696
2.125557285097627
2.1273352124830764
2.129111850818888
2.130887245978468
2.132661443730033
2.1344344897124223
2.136206429412398
2.137977308143493
2.1397471710264546
2.141516062971304
2.1432840286609793
2.145051112536538
2.146817358783844
2.1485828113217105
2.1503475137914023
2.147788291660305
2.1460490382027833
2.144886940247816
2.1441309632823162
2.1436607733076376
2.143391711949888
2.143264220421551
2.143236398272913
2.143278768058504
2.143370592097035
2.143497281231732
2.143648571857465
2.1438172434422142
2.1439982162938733
2.1441879168326587
2.1443838310550123
2.144584190390923
2.1447877507006
2.1449936367951885
2.1452012330541956
2.1454101064724123
2.1456199525214372
2.14583055706168
2.1460417695461738
2.1462534841684677
2.1464656265994115
2.146678144655867
2.1468910017357086
2.147104172198998
2.147317638118375
2.1475313869927746
2.147745410138865
2.1479597015593312
2.1481742571466262
2.148389074122746
2.1486041506450837
2.148819485529107
2.149035078053237
2.1492509278215763
2.1494670346673184
2.149683398584792
2.14990001968165
2.1501168981452388
2.1503340342189188
2.1505514281854294
2.1507690803551687
2.150986991057958
2.1512051606372435
2.151423589446025
2.1516422778439908
2.1518612261955004
2.1520804348681684
2.1522999042318713
2.1525196346580535
2.1527396265192333
2.1529598801886607
2.153180396040074
2.153401174447542
2.1536222157853375
2.1538435204278623
2.1540650887495887
2.1542869211250237
2.154509017928679
2.154731379535057
2.154954006318639
2.155176898653879
2.155400056915196
2.155623481476972
2.155847172713557
2.1560711309992597
2.156295356708354
2.1565198502150773
2.1567446118936284
2.1569696421181797
2.1571949412628597
2.15742050970177
2.1576463478089773
2.157872455958515
2.1580988345243903
2.158325483880575
2.158552404401007
2.1587795964595995
2.1590070604302287
2.1592347966867407
2.1594628056029497
2.15969108755264
2.1599196429095557
2.160148472047413
2.160377575339887
2.16060695316062
2.1608366058832136
2.1610665338812356
2.161296737528205
2.1615272171976043
2.1617579732628696
2.161989006097393
2.1622203160745146
2.162451903567528
2.162683768949675
2.162915912594139
2.1631483348740526
2.1633810361624835
2.1636140168324416
2.1638472772568718
2.1640808178086517
2.1643146388605894
2.1645487407854214
2.1647831239558077
