455.21625704999997
469.7247714117952
469.2301903276427
468.703450171109
468.1465228593315
467.56179558685017
466.9515017063911
466.31764857478504
465.6620296453734
464.9862493042168
464.2917468298338
463.57981730520345
462.85162952722544
462.10824132049817
461.3506126636418
460.5796169782928
459.7960508718544
459.0006425748024
458.19405927199927
457.3769134937175
456.549768704491
455.71314420531183
454.8675194461214
454.01333783024023
453.15101007972
452.2809172200803
451.40341323417084
450.5188274275563
449.62746654172935
448.7296166462853
447.8255448368636
446.915500761982
445.9997179987767
445.07841529501417
444.1517976924713
443.22005754485696
442.2833754417802
441.34192104884806
440.3958538727476
439.44532395909704
438.4904725299401
437.5314325669497
436.56832932188314
435.6012809260433
434.63039860152975
433.6557873146427
432.67754603736944
431.69576812293445
430.71054163027685
429.72194962386453
428.7300704510181
427.7349779986881
426.7367419314463
425.73542791227214
424.73109780756744
423.72380987769264
422.7136189541981
421.70057660481825
420.6847312871898
419.6661284921785
418.64481087761453
417.6208183931666
416.594188397023
415.5649557649913
414.533152992572
413.498810290523
412.46195567438133
411.4226150483759
410.38081228413006
409.3365692945162
408.28990610300536
407.24084090882025
406.1893901481798
405.1355685519078
404.0793891996454
403.0208635709021
401.9600015931625
400.8968116872359
399.83130081005027
398.7634744950494
397.69333689036546
396.6208907949123
395.54613769254627
394.469077784424
393.3897100196882
392.3080321245963
391.2240406302044
390.1377308987158
389.04909714859133
387.9581324785202
386.864828890339
385.7691773109914
384.67116761360404
383.5707886377677
382.468028209092
381.36287315811205
380.2553093386183
379.14532164547575
378.03289403200176
376.91800952696576
375.80065025127504
374.6807974344069
373.55843143064897
372.433531735203
371.3060770002153
370.1760450507845
369.0434129010055
367.9081567701048
366.77025209871925
365.62967356537365
364.48639510320737
363.340389917004
362.1916305005761
361.0400886545523
359.8857355046231
358.72854152028907
357.5684765341651
356.40550976188683
355.23960982267164
354.0707447605754
352.8988820664977
351.72398870097936
350.5460311178382
349.3649752886866
348.18078672837777
346.9934305214193
345.8028713493987
344.60907351945957
343.4120009938695
342.21161742071394
341.00788616575505
339.8007703454872
338.5902328614235
337.37623643564115
336.1587436476148
334.9377169723631
333.7131188199284
332.48491157621515
331.25305764519527
330.0175194925025
328.77825969041845
327.5352409642605
326.28842624017216
325.03777869431445
323.7832618034507
322.5248393969152
321.26247570994883
319.99613543838063
318.72578379462914
317.45138656499216
316.17291016818746
314.8903217150987
313.60358906968156
312.31268091097036
311.01756679612333
309.7182172244411
308.4146037022786
307.1066988087708
305.7944762622817
304.47791098748104
303.1569791829453
301.83165838917193
300.50192755688965
299.16776711553985
297.82915904179856
296.4860869279987
295.13853605030795
293.78649343650943
292.42994793322777
291.0688902724316
289.703313137046
288.3332112254936
286.9585813149813
285.57942232334676
284.19573536926805
282.8075238306396
281.4147934009121
280.01755214318854
278.61581054186706
277.2095815516183
275.79888064348097
274.3837258478573
272.96413779419123
271.54013974710875
270.11175763879953
268.67902009742073
267.24195847130386
265.8006068487473
264.3550020731795
262.9051837534795
261.4511942692495
259.99307877083095
258.530885173868
257.06466467504407
255.59446936619997
254.1203561289776
252.64238409480163
251.1606144212084
249.67511117506245
248.18594098075528
