116.22723307357724
116.00563039967784
115.79072843045778
115.5519711423969
115.29481788931076
115.02251292436024
114.73700282861289
114.43945377581107
114.1305592862314
113.81072307255666
113.48016740243088
113.13899705717618
112.78723680190961
112.42485302424646
112.05176587328558
111.66785565411293
111.27296569841245
110.8669030169541
110.44943749341452
110.02030005144333
109.57918002893203
109.12572187201523
108.65952118464425
108.18012011869601
107.68700205298867
107.17958548029044
106.65721699496694
106.11916324735768
105.56460170217639
104.99261000546939
104.40215372622256
103.79207219305185
103.16106209154118
102.50765842160322
101.83021233415559
101.1268652692975
100.39551870045835
99.63379864626988
98.83901393928839
98.00810703258223
97.13759587580972
96.22350509629193
95.26128437403554
94.24571150308668
93.17077719415427
92.02954822068253
90.81400509949937
89.51485023439731
88.12128254926843
86.62073545114164
84.99857714484935
83.23778403982253
81.31855668446026
79.21801547638972
76.90988876846792
74.36440523411052
71.5485279330189
68.42683225198388
64.96348259733698
61.12595041313883
56.89125606427333
52.255413319119725
47.24603464480772
41.93624337159561
36.455028142964366
30.986236257425702
25.748878660587557
20.95873649425737
16.78346893298652
13.310775362863266
10.542973895991574
8.415911894037896
6.828656755097826
5.670804782840721
4.840177525773875
4.2512335468778595
3.8368315182556216
3.546494898934553
3.3433683361638216
3.2010728386671143
3.1009830382230312
3.030069784719585
2.979276206335818
2.942333636582913
2.9149157939591346
2.89404268424961
2.8776642520400326
2.8643713240704054
2.8531957342936436
2.8434724880374027
2.8347448790127907
2.8266992505977466
2.819111912514472
2.8118526410660665
2.804810360111908
2.7979231656346077
2.7911253749393166
2.784393271997086
2.777704409136351
2.771043290895365
2.7643982659037136
2.757763983735899
2.751134396892745
2.7445059861203975
2.737876364902023
2.731243927217334
2.7246076068648732
2.717966712643577
2.7113208153263475
2.7046696700256088
2.6980131627716046
2.691351273672303
2.6846840514375487
2.678011595698467
2.671334044681501
2.664651566561441
2.6579643533486816
2.6512726165191203
2.644576583852291
2.637876497101132
2.6311726102398594
2.6244651881165875
2.6177545053888536
2.611040845653609
2.604324500723092
2.5976057700062154
2.5908849599487587
2.5841623835512415
2.5774383599118273
2.5707132138107776
2.563987275312924
2.557260879408608
2.5505343656541344
2.5438080778398775
2.5370823636700983
2.5303575744554863
2.5236340648186006
2.5169121924107185
2.510192317638751
2.503474803403073
2.4967600148444666
2.4900483191011085
2.4833400850740097
2.4766356832005783
2.4699354852377944
2.463239864052034
2.4565491934172434
2.449863847819979
2.4431842022732506
2.4365106321337815
2.4298435129300735
2.4231832201935357
2.416530129298065
2.4098846153033198
2.40324705280597
2.3966178157951465
2.389997277512311
2.383385810319302
2.3767837855673575
2.3701915734735866
2.3636095430006723
2.357038061742086
2.350477495809294
2.343928209725423
2.337390566321216
2.3308649266344146
2.3243516498143917
2.317851093028182
2.3113636113703326
2.30488955777676
2.2984292829400057
2.2919831352282785
2.2855514606070724
2.2791318004042944
2.2727311135788684
2.2663456227730983
116.22723307357724
116.00563039967784
115.79072843045778
115.5519711423969
115.29481788931076
115.02251292436024
114.73700282861289
114.43945377581107
114.1305592862314
113.81072307255666
113.48016740243088
113.13899705717618
112.78723680190961
112.42485302424646
112.05176587328558
111.66785565411293
111.27296569841245
110.8669030169541
110.44943749341452
110.02030005144333
109.57918002893203
109.12572187201523
108.65952118464425
108.18012011869601
107.68700205298867
107.17958548029044
106.65721699496694
106.11916324735768
105.56460170217639
104.99261000546939
104.40215372622256
103.79207219305185
103.16106209154118
102.50765842160322
101.83021233415559
101.1268652692975
100.39551870045835
99.63379864626988
98.83901393928839
98.00810703258223
97.13759587580972
96.22350509629193
95.26128437403554
94.24571150308668
93.17077719415427
92.02954822068253
90.81400509949937
89.51485023439731
88.12128254926843
86.62073545114164
84.99857714484935
83.23778403982253
81.31855668446026
79.21801547638972
76.90988876846792
74.36440523411052
71.5485279330189
68.42683225198388
64.96348259733698
61.12595041313883
56.89125606427333
52.255413319119725
47.24603464480772
41.93624337159561
36.455028142964366
30.986236257425702
25.748878660587557
20.95873649425737
16.78346893298652
13.310775362863266
10.542973895991574
8.415911894037896
6.828656755097826
5.670804782840721
4.840177525773875
4.2512335468778595
3.8368315182556216
3.546494898934553
3.3433683361638216
3.2010728386671143
3.1009830382230312
3.030069784719585
2.979276206335818
2.942333636582913
2.9149157939591346
2.89404268424961
2.8776642520400326
2.8643713240704054
2.8531957342936436
2.8434724880374027
2.8347448790127907
2.8266992505977466
2.819111912514472
2.8118526410660665
2.804810360111908
2.7979231656346077
2.7911253749393166
2.784393271997086
2.777704409136351
2.771043290895365
2.7643982659037136
2.757763983735899
2.751134396892745
2.7445059861203975
2.737876364902023
2.731243927217334
2.7246076068648732
2.717966712643577
2.7113208153263475
2.7046696700256088
2.6980131627716046
2.691351273672303
2.6846840514375487
2.678011595698467
2.671334044681501
2.664651566561441
2.6579643533486816
2.6512726165191203
2.644576583852291
2.637876497101132
2.6311726102398594
2.6244651881165875
2.6177545053888536
2.611040845653609
2.604324500723092
2.5976057700062154
2.5908849599487587
2.5841623835512415
2.5774383599118273
2.5707132138107776
2.563987275312924
2.557260879408608
2.5505343656541344
2.5438080778398775
2.5370823636700983
2.5303575744554863
2.5236340648186006
2.5169121924107185
2.510192317638751
2.503474803403073
2.4967600148444666
2.4900483191011085
2.4833400850740097
2.4766356832005783
2.4699354852377944
2.463239864052034
2.4565491934172434
2.449863847819979
2.4431842022732506
2.4365106321337815
2.4298435129300735
2.4231832201935357
2.416530129298065
2.4098846153033198
2.40324705280597
2.3966178157951465
2.389997277512311
2.383385810319302
2.3767837855673575
2.3701915734735866
2.3636095430006723
2.357038061742086
2.350477495809294
2.343928209725423
2.337390566321216
2.3308649266344146
2.3243516498143917
2.317851093028182
2.3113636113703326
2.30488955777676
2.2984292829400057
2.2919831352282785
2.2855514606070724
2.2791318004042944
2.2727311135788684
2.2663456227730983
