307.50309280457003
307.5188065932127
307.5345203818554
307.55023417049796
307.56594795914066
307.5816617477833
307.597375536426
307.61308932506864
307.6288031137113
307.644516902354
307.6602306909965
307.6759444796392
307.6916582682818
307.7073720569245
307.72308584556714
307.73879963420984
307.7545134228525
307.7702272114951
307.78594100013777
307.80165478878035
307.81736857742305
307.8330823660657
307.84879615470834
307.864509943351
307.8802237319937
307.8959375206363
307.911651309279
307.9273650979216
307.9430788865643
307.95879267520684
307.97450646384954
307.9902202524922
308.0059340411348
308.0216478297775
308.03736161842016
308.05307540706286
308.06878919570545
308.08450298434815
308.1002167729907
308.1159305616334
308.131644350276
308.14735813891866
308.16307192756136
308.178785716204
308.1944995048467
308.21021329348935
308.225927082132
308.24164087077463
308.2573546594172
308.27306844805986
308.2887822367025
308.30449602534514
308.32020981398784
308.33592360263054
308.3516373912732
308.36735117991583
308.3830649685585
308.39877875720106
308.4144925458437
308.4302063344864
308.445920123129
308.4616339117717
308.4773477004143
308.493061489057
308.5087752776997
308.5244890663423
308.540202854985
308.55591664362754
308.57163043227024
308.5873442209128
308.6030580095555
308.61877179819817
308.63448558684087
308.6501993754835
308.66591316412615
308.68162695276885
308.6973407414114
308.7130545300541
308.7287683186967
308.74448210733937
308.760195895982
308.7759096846247
308.79162347326735
308.80733726191005
308.82305105055264
308.83876483919533
308.8544786278379
308.87019241648056
308.8859062051232
308.90161999376585
308.91733378240855
308.9330475710512
308.9487613596939
308.9644751483365
308.9801889369792
308.9959027256217
309.0116165142644
309.0273303029071
309.0430440915497
309.0587578801924
309.07447166883503
309.09018545747773
309.1058992461204
309.121613034763
309.13732682340566
309.15304061204824
309.16875440069094
309.18446818933353
309.20018197797623
309.21589576661887
309.23160955526157
309.2473233439042
309.26303713254686
309.2787509211895
309.2944647098321
309.3101784984747
309.3258922871174
309.34160607576007
309.3573198644027
309.3730336530454
309.38874744168805
309.40446123033075
309.42017501897334
309.43588880761604
309.45160259625857
309.46731638490127
309.48303017354385
309.49874396218655
309.51445775082925
309.5301715394719
309.5458853281146
309.5615991167572
309.5773129053999
309.5930266940424
309.6087404826851
309.62445427132775
309.6401680599704
309.65588184861303
309.67159563725573
309.68730942589843
309.7030232145411
309.7187370031837
309.73445079182636
309.75016458046895
309.7658783691116
309.78159215775423
309.7973059463969
309.8130197350396
309.8287335236822
309.8444473123249
309.86016110096756
309.8758748896102
309.8915886782528
309.90730246689543
309.92301625553813
309.9387300441807
309.9544438328234
309.97015762146606
309.98587141010876
310.0015851987514
310.01729898739404
310.03301277603674
310.04872656467927
310.06444035332197
310.08015414196456
310.09586793060726
310.1115817192499
310.1272955078926
310.14300929653524
310.1587230851779
310.1744368738205
310.1901506624631
310.2058644511058
310.22157823974845
310.2372920283911
310.25300581703374
