8718301.08
22270069.550687995
22381645.080605157
22490788.953421924
22597698.98743514
22702379.64156588
22804846.420437586
22905129.631221104
23003272.76519348
23099330.691185903
23193367.536138877
23285456.2004465
23375674.75583351
23464106.19064445
23550836.677300863
23635954.258336376
23719547.738178764
23801705.694729306
23882515.64103421
23962063.323958293
24040432.15035081
24117702.729837716
24193952.52262572
24269255.58046066
24343682.36909103
24417299.66104257
24490170.48820224
24562354.144523304
24633906.230064653
24704878.728490394
24775320.1110705
24845275.46108869
24914786.613422543
24983892.304776013
25052628.330794014
25121027.70685612
25189120.8299588
25256935.639536437
25324497.775525406
25391830.7323218
25458956.007610112
25525893.245307814
25592660.37207089
25659273.727025416
25725748.184512243
25792097.269777227
25858333.267631292
25924467.324190207
25990509.54185212
26056469.067745488
26122354.17589253
26188172.3433537
26253930.32067409
26319634.19690173
26385289.45951574
26450901.049548138
26516473.4122167
26582010.543350812
26647516.031908948
26712993.098856434
26778444.632664695
26843873.221688196
26909281.18365974
26974670.592511844
27040043.302759342
27105400.971623927
27170745.079090197
27236076.94607044
27301397.750836395
27366708.543861635
27432010.261229824
27497303.736712646
27562589.71266261
27627868.849800196
27693141.736028064
27758408.894337244
27823670.78990264
27888927.8364464
27954180.40192959
28019428.813654475
28084673.362811357
28149914.30855584
28215151.88162653
28280386.287586994
28345617.70970499
28410846.311509702
28476072.239077743
28541295.62304653
28606516.580418065
28671735.21614608
28736951.624546308
28802165.890543014
29108662.86516724
29171643.43284525
29234722.761816084
29297873.055785686
29361074.751075793
29424314.06985915
29487581.30463067
29550869.61310555
29614174.170776118
29677491.57455323
29740819.42286277
29804156.019888524
29867500.16720469
29930851.0169398
29994207.96829845
30057570.594627254
30120938.592002515
30184311.742997088
30247689.89113199
30311072.922872595
30374460.754933767
30437853.325335007
30501250.58708636
30564652.503752913
30628059.04631095
30691470.190944463
30754885.91748631
30818306.208324134
30881731.0476214
30945160.420784794
31008594.314066034
31072032.714301087
31135475.608721092
31198922.984813727
31262374.830236156
31325831.132741492
31389291.88014088
31452757.06026621
31516226.660950623
31579700.670013163
31643179.07524994
31706661.864422005
31770149.02525788
31833640.545444254
31897136.412629746
31960636.614423133
32024141.138388064
32087649.972053785
32151163.10290439
32214680.5183842
32278202.2059048
32341728.152835026
32405258.346509684
32468792.774225336
32532331.423249077
32595874.280811135
32659421.334109843
32722972.570316024
32786527.976565365
32850087.53997009
32913651.247612707
32977219.086547226
33040791.043804992
33104367.106391285
33167947.261289775
33231531.495458208
33295119.79583722
33358712.149344575
33422308.542877212
33485908.96331887
33549513.39753006
33613121.83235624
33676734.254631616
33740350.65116861
33803971.008772165
33867595.31423053
33931223.55432
33994855.71580931
34058491.78545014
34122131.749992765
34185775.596173964
34249423.31072297
34313074.880362175
34376730.29180985
34440389.53177706
34504052.58697003
34567719.444090225
34631390.08983886
34695064.51091473
34758742.694010235
34822424.62582114
34886110.29304293
34949799.68236888
35013492.78049556
35077189.574121125
35140890.04994712
35204594.19467576
35268301.995012596
35332013.43767331
35395728.50937068
35459447.19683131
35523169.4867795
35586895.3659554
35650624.8210996
35714357.83896309
35778094.406308256
35841834.50990208
35905578.13652478
