42.75253
18.576629370414235
18.540614842569973
18.536870677350134
18.5487949077904
18.5739646929015
18.60873950922681
18.65083859375554
18.69861843335593
18.7508708707621
18.80669166712539
18.865393065777344
18.926444365474758
18.989430748993502
19.054024222807367
19.119962761469104
19.187035104257433
19.25506951247252
19.32392534965077
19.39348669364366
19.463657439286926
19.534357504996215
19.60551986569271
19.677088207605195
19.749015064509887
19.821260323601678
19.893790015609557
19.966575333486528
20.03959182392647
20.112818728179864
20.18623842708549
20.259835988838248
20.333598781430823
20.407516152772875
20.48157915502877
20.55578031177931
20.630113424102337
20.704573399784437
20.77915610742894
20.853858246985876
20.928677249081566
21.00361117356413
21.078658632619206
21.1538187152213
21.22909092475652
21.304475126984407
21.379971497596955
21.45558048189425
21.531302757907866
21.607139197947028
21.683090845996237
21.759158886965004
21.835344625032903
21.911649462540005
21.988074880964984
22.064622425456395
22.141293689663215
22.218090305858908
22.295013927214775
22.37206622294592
22.44924886605301
22.52656352773511
22.6040118685999
22.68159553199888
22.75931614069853
22.837175289512842
22.91517454268057
22.99331542826704
23.071599439583153
23.150028023471645
23.22860258843556
23.307324496132345
23.386195061173133
23.465215552848854
23.54438718934799
23.62371113516037
23.70318851451967
23.78282038856215
23.862607780519674
23.942551654024783
24.0226529244321
24.102912461272556
24.183331080286482
24.263909551233287
24.344648594833565
24.425548886130617
24.506611050479716
24.58783567258867
24.66922329149552
24.750774404811192
24.83248946703751
24.91436889492623
24.996413063362635
25.078622312764494
25.160996946445433
25.243537234057367
25.326243411163603
25.40911568263864
25.492154223270365
25.5753591795704
25.6587306700988
25.742268787980052
25.825973607719142
25.90984517412423
25.99388351581871
26.078088639662436
26.162460537464924
26.246999182811575
26.33170453532943
26.416576542077692
26.50161513770653
26.58682024653791
26.672191785672183
26.757729662051535
26.84343378049128
26.929304039294504
27.01534033080263
27.101542550187297
27.18791058931804
27.27444434258457
27.361143704774538
27.44800857680743
27.5350388597542
27.6222344644086
27.709595307571753
27.797121311838254
27.884812412863905
27.97266855203433
28.060689685230802
28.14887578014528
28.237226818411393
28.325742793768452
28.414423716741616
32.589762407116254
32.641724815279986
32.695416949419126
32.75076234626749
32.807685664120086
32.86611392494891
32.92597720084748
32.98720893641164
33.04974604932272
33.11352891713725
33.17850126414769
33.24461003315835
33.311805196469024
33.38003961096199
33.44926882678924
33.51945091726843
33.590546320419435
33.66251767482299
33.73532968263923
33.808948965116194
33.88334393435314
33.958484678367334
34.03434284621685
34.110891544145076
34.18810524037659
34.26595967457494
34.34443178020405
34.42349959757185
34.50314221184923
34.583339686586044
34.66407299056303
34.745323957081844
34.827075218610865
34.909310164610076
34.992012889338426
35.075168155132104
35.158761349470446
35.242778447633185
35.327205982322276
35.41203100416201
35.4972410658614
35.582824179388254
35.668768798008585
35.75506378975491
35.841698419865324
35.92866232899175
36.01594551010805
36.10353829895977
36.191431357745216
36.279597985723356
36.36806464726956
36.456805377158325
36.54583014989843
36.635094977169665
36.72461024304452
36.814368622945295
36.904363083653735
36.994586885658116
37.08503361349726
37.17569720180503
37.266571992980865
37.35765280269891
37.448935039008525
37.54041487150317
37.63208950346054
37.72395760809459
37.81602008411903
