1.5018964407106785
1.5097112590626174
1.5100847452618391
1.5094374374936257
1.5087115021359725
1.50803749665445
1.5074270598575479
1.5068753794805918
1.5063761378448128
1.5059235985464783
1.5055127385883398
1.5051391848556563
1.5047991147233364
1.5044891721134133
1.5042063983889302
1.503948175380234
1.5037121781387166
1.503496335509935
1.5032987970319134
1.5031179049840004
1.5029521706566948
1.5028002541016925
1.5026609467680119
1.5025331565446078
1.5024158948200652
1.5023082652414113
1.5022094539109851
1.502118720805958
1.5020353922418763
1.5019588542314024
1.5018885466137115
1.501823957849864
1.5017646203957993
1.5017101065780913
1.5016599977259135
1.501614012686119
1.5015717528015535
1.5015329334870564
1.5014972806315203
1.501464540717785
1.5014344806534787
1.5014068862569676
1.5013815606855014
1.501358322978651
1.5013370067295249
1.5013174588743958
1.5012995385894403
1.5012831162841815
1.5012680726823104
1.5012542979815726
1.5012416910853226
1.50123015889911
1.5012196156863624
1.5012099824778427
1.501201186530076
1.501193160828435
1.501185843630985
1.5011791780495607
1.5011731116648872
1.5011675961728497
1.501162587059284
1.501158043300904
1.5011539270901861
1.5011502035822355
1.501146840661822
1.5011438087289424
1.5011410805013914
1.5011386308329784
1.5011364365461097
1.5011344762775967
1.5011327303366155
1.5011311805738636
1.5011298102610027
1.5011286039795881
1.5011275475187191
1.5011266277807258
1.5011258326942574
1.5011251511341883
1.5011245728477998
1.5011240883867558
1.5011236890444006
1.501123366797977
1.5011231142562058
1.501122924606983
1.5011227915767025
1.5011227093859143
1.5011226727111517
1.5011226766498806
1.50112271668768
1.501122788668247
1.5011228887656225
1.5011230134588163
1.501123159506918
1.5011233239321704
1.501123503993256
1.501123697171049
1.5011239011509274
1.501124113807075
1.5011243331881166
1.5011245575039038
1.5011247851133542
1.5011250145132635
1.5011252443280183
1.5011254733001345
1.501125700281568
1.501125924225731
1.5011261441801662
1.5011263592798263
1.5011265687409214
1.5011267718552823
1.5011269679852122
1.50112715655879
1.5011273370655924
1.5011275090528056
1.5011276721217066
1.501127825924489
1.5011279701614095
1.5011281045782439
1.501128228964028
1.5011283431490838
1.5011284470033026
1.5011285404346935
1.5011286233881753
1.5011286958446204
1.5011287578201404
1.5011288093656163
1.5011288505664802
1.5011288815427486
1.5011289024493264
1.5011289134765837
1.5011289148512341
1.5011289068375324
1.5011288897388213
1.5011288638994649
1.5011288297072114
1.5011287875960393
1.5011287380495568
1.501128681605033
1.5011286188581594
1.5011285504686682
1.5011284771669573
1.501128399761903
1.5011283191501055
1.501128236326848
1.5011281523991422
1.5011280686013275
1.501127986313826
1.5011279070858246
1.501127832662904
1.5011277650209505
1.5011277064081427
1.5011276593974465
1.5011276269529488
1.5011276125147075
1.5011276201087438
1.5011276544918288
1.501127721345355
1.5011278275400985
1.5011279815060306
1.5011281937625927
1.5011284777029132
1.5011288507971465
1.5011293365237384
1.501129968343751
1.5011307933046596
1.5011318872293913
1.5011333807997425
1.501135540105542
1.5011391105626313
1.5010479397399454
1.5010363068229973
1.5010358455943476
1.5010368077831395
1.5010378130125406
1.5010386746110556
1.5010393755368554
1.5010399222616384
1.5010403239687329
1.501040589632294
1.5010407276446278
1.5010407458037993
1.5010406513495917
1.5010404510035464
1.5010401510069715
1.501039757156254
1.5010392748355552
1.5010387090470747
1.5010380644390542
1.5010373453317027
1.5010365557411929
1.5010356994018725
1.5010347797868315
1.5010338001269408
1.5010327634284832
1.5010316724894812
1.5010305299148163
1.5010293381302338
1.5010280993953153
1.5010268158154978
1.5010254893532045
