-416.96436176308316
-456.2880240630768
-453.9464608747212
-451.55468717424424
-449.12277196873896
-446.65775303878746
-444.1664436489533
-441.6557480771694
-439.1326138613049
-436.60393522301536
-434.0764565496708
-431.55668542581606
-429.05081809322843
-426.56467839606245
-424.1036702567528
-421.6727430288263
-419.2763685990697
-416.91852885023513
-414.6027119918844
-412.3319162907198
-410.1086598319775
-407.93499508775176
-405.81252723100226
-403.74243529465656
-401.7254954236057
-399.76210559796743
-397.8523113172811
-395.99583182537344
-394.19208653200934
-392.44022110977147
-390.7391344428251
-389.087502738939
-387.48380519785735
-385.9263478979209
-384.41328692582374
-382.9426498179651
-381.5123575007513
-380.1202435036645
-378.7640727566058
-377.4415590620584
-376.15038135750393
-374.88819877359475
-373.6526645017174
-372.4414384915752
-371.2521990078775
-370.08265308087425
-368.9305457669575
-367.7936690116031
-366.669868280516
-365.5570495329867
-364.4531847740858
-363.3563164106113
-362.26456186729075
-361.17611642407917
-360.08925995169534
-359.00234259799345
-357.9138107893572
-356.8221915357352
-355.72609696168814
-354.6242242178427
-353.5153549832002
-352.39835459681507
-351.2721708551671
-350.1358325099343
-348.98844749948387
-347.82920094554726
-346.65735294479657
-345.47223618409475
-344.27325340606154
-343.05987475051853
-341.831634995876
-340.58813072298034
-339.3290174225913
-338.0540065664159
-336.7628626599834
-335.45540029453025
-334.131481213539
-332.7910114082225
-331.4339382552637
-330.06024770823313
-328.6699615534546
-327.26313473946357
-325.8398527881154
-324.4002292943601
-322.9444035204776
-321.47253808959096
-319.98481678244764
-318.4814424399486
-316.96263497112574
-315.4286294807813
-313.8796907169965
-312.31602997351376
-310.7379670417769
-309.1457646465105
-307.53970948205233
-305.9200944424885
-304.2872174945562
-302.827167235905
-302.3947403493792
-301.955103321401
-301.5085688903589
-301.0554489512371
-300.59605277554664
-300.13068472121944
-299.6596449640326
-299.18322799799256
-298.7017261648394
-298.2154224676808
-297.72459657724585
-297.2295218470973
-296.7304656532737
-296.2276892625482
-295.7214477272445
-295.2119898046331
-294.69955789878634
-294.18438802323544
-293.66670978252046
-293.1467463711476
-292.6247145882837
-292.10082486679727
-291.57528131529926
-291.0482817718168
-290.5200178679746
-289.9906751025522
-289.4604329232672
-288.9294648160207
-288.39793840042296
-287.8660155309155
-287.33385240275555
-286.80159966197255
-286.2694025186901
-285.7374008632981
-285.2057293847595
-284.6745176906032
-284.1438904281491
-283.61396740647604
-283.08486371876165
-282.5566898646558
-282.029551872345
-281.5035514200219
-280.97878595649405
-280.45534882072246
-279.9333293600653
-279.41281304700516
-278.893881594314
-278.3766130684105
-277.8610820008122
-277.34735949758823
-276.8355133468142
-276.32560812372157
-275.8177052938039
-275.3118633135478
-274.8081377288818
-274.3065812714169
-273.8072439521777
-273.31017315317166
-272.8154137164501
-272.3230080309989
-271.832996117153
-271.34541570881413
-270.8603023333353
-270.37768938915684
-269.8976082211979
-269.4200881941037
-268.94515676328746
-268.47283954381965
-268.0031603773436
-267.5361413968441
-267.07180308944163
-266.61016435726395
-266.1512425764034
-265.69505365394343
-265.24161208325444
-264.79093099746115
-264.3430222211693
-263.897896320564
-263.45556265178385
-263.0160294078089
-262.5793036636912
-262.14539142035005
-261.71429764688133
-261.286026321437
-260.86058047073954
-260.4379622082639
-260.0181727711106
-259.60121255562103
-259.1870811517874
-258.7757773764775
-258.3672993055127
-257.9616443046161
-257.55880905938295
-257.1587896040309
-256.76158134939965
-256.3671791097127
-255.97557712861277
-255.58676910414974
-255.20074821295577
-254.81750713358784
-254.43703806895667
-254.0593327680832
