13.278
28.589683020506726
28.64549259105871
28.729128330557447
28.837599239523673
28.968313528662794
29.119034936202112
29.287830872404637
29.473024221210068
29.673151697411228
29.88692893139893
30.113221567386116
30.351021459909866
30.59942709476264
30.857627475500106
31.124888842215455
31.40054370349341
31.683981759469717
31.974642373735655
32.27200831650979
32.57560055353676
32.88497389692265
33.199713367612866
33.51943114613907
33.84376400995597
34.172371173280574
34.50493245961209
34.84114671685043
35.18073063981761
35.523417370760306
35.8689557062186
36.21710917500575
36.567655271611926
36.920384769641295
37.27510109902205
37.631619773596086
37.98976785816753
38.3493834662203
38.71031528128171
39.07242209648876
39.43557236817903
39.79964378045
40.164522818535545
40.530104349612955
40.89629121025385
41.26299380025027
41.6301296828989
41.99762319213465
42.36540504710121
42.73341197489272
43.10158634225212
43.469875797071374
43.83823292049888
44.20661489042958
44.57498315707646
44.943303131236206
45.31154388576633
45.67967787067614
46.04768064211879
46.41553060547968
46.7832087726312
47.150698533313296
47.517985440537544
47.88505700978187
48.25190253169158
48.61851289793556
48.9848804397718
49.350998778885284
49.71686268995473
50.08246797443337
50.44781134495449
50.812890319807444
51.17770312686912
51.542248616427266
51.90652618229423
52.270535690639726
52.634277415991505
52.99775198383915
53.360960319341956
53.72390360161962
54.086583223154705
54.44900075385995
54.81115790937754
55.17305652321511
55.53469852234257
55.89608590590603
56.25722072674221
56.61810507538021
56.97874106629034
57.339130826094426
57.69927648354387
58.05918016103659
58.41884396750404
58.77826999248268
59.13746030123668
59.49641693078652
59.85514188671646
60.21363714067518
60.57190462844754
60.929946248532424
61.287763861146004
61.645359287579765
62.00273430986816
62.359890473145995
62.716830075919134
63.073554184865884
63.430064626655756
63.78636298934963
64.14245082381687
64.49832964435305
64.85400092943705
65.20946612253248
65.56472663290064
65.91978383644563
66.27463907655044
66.62929366492047
66.98374888242185
67.338005979906
67.6920661790233
68.04593067301853
68.39960062750873
68.75307718124398
69.10636144684017
69.4594545115007
69.81235743770324
70.16507126387809
70.51759700505578
70.86993565349512
71.22208817928828
71.57405553095182
71.92583863599192
72.27743840144606
72.62885571441451
72.98009144256982
73.33114643464569
73.68202152091465
74.03271751364151
74.38323520752854
74.73357538014065
75.08373879231982
75.43372618858092
75.7835382974991
76.1331758320801
76.48263949011947
76.83192995455423
77.18104789379517
77.5299939620557
77.87876879966385
78.22737303337098
78.57580727664676
78.924072129964
79.27216818107573
79.62009600528751
79.96785616571614
80.31544921353962
80.66287568824873
81.01013611788014
81.35723101924673
81.70416089816764
82.05092624967847
82.39752755824736
82.74396529797818
83.09023993281255
83.43635191671802
83.78230169388279
84.12808969889488
84.4737163569199
84.81918208387839
85.16448728660696
85.50963236302664
85.85461770230633
86.1994436850063
86.54411068324002
86.88861906081621
87.23296917338304
87.57716136856554
87.92119598610559
88.26507335798776
88.60879380857796
88.95235765473562
89.29576520594993
89.63901676444905
89.98211262532207
90.32505307663008
90.66783839951972
91.01046886832515
91.35294475068248
91.69526630762265
92.03743379368218
92.37944745699133
92.72130753937884
93.06301427645911
93.40456789772557
93.74596862664346
94.08721668073001
94.4283122716444
94.76925560527324
95.11004688180667
95.45068629582285
95.79117403636268
