0.010349754388610466
0.009919111643299054
0.009536796677135034
0.009195713450217724
0.00889029618350798
0.008615950414695688
0.008368822083673332
0.008145648968007608
0.007943649544741112
0.007760437978435547
0.007593954320190006
0.007442411534619696
0.007304251490040377
0.007178109529305128
0.007062785505360309
0.006957219934892718
0.00686047423594457
0.006771714248398108
0.006690196411670052
0.006615256107229327
0.0065462977756466315
0.006482786496716
0.006424240782510169
0.006370226381268027
0.006320350927891244
0.006274259306882979
0.006231629617552264
0.006192169650563799
0.0061556138004520405
0.00612172035132146
0.0060902690832259215
0.0060610591551288825
0.00603390722726164
0.006008645791406542
0.005985121620628598
0.005963194690199027
0.005942736604123308
0.005923629783418691
0.005905766440918434
0.005889047714518096
0.005873382885396753
0.005858688671378617
0.005844888587183425
0.005831912364396969
0.005819695424883607
0.00580817840212101
0.0057973067055922655
0.005787030123935398
0.005777302463040906
0.00576808121571458
0.005759327259894156
0.0057510045827339545
0.0057430800281559734
0.005735523065716509
0.0057283055788576575
0.005721401670807809
0.005714787486567177
0.005708441049567746
0.005702342111732127
0.005696472015777604
0.00569081356871908
0.005685350925621605
0.005680069482739817
0.005674955779259308
0.005669997406925101
0.005665182926905396
0.00566050179329584
0.005655944282720816
0.005651501429535372
0.005647164966172987
0.005642927268223611
0.005638781303860426
0.005634720587266377
0.005630739135739741
0.005626831430184952
0.005622992378718651
0.005619217283143123
0.005615501808059254
0.005611841952409849
0.005608234023260644
0.005604674611642181
0.005601160570289592
0.005597688993557405
0.005594257196764977
0.005590862701476799
0.0055875032175953104
0.005584176629073547
0.005580880980236169
0.005577614463244799
0.005574375406510061
0.00557116226402654
0.005567973605507146
0.005564808107038269
0.005561664544016174
0.0055585417813941275
0.005555438768002452
0.005552354529631976
0.005549288162998038
0.005546238830175264
0.005543205753465955
0.005540188210668078
0.005537185530711024
0.005534197089630328
0.005531222306854342
0.005528260641778187
0.005525311590602169
0.0055223746834136105
0.0055194494814926765
0.0055165355748241955
0.005513632579799139
0.005510740137090227
0.005507857909687673
0.005504985581082021
0.005502122853581985
0.0054992694467561306
0.005496425095987934
0.005493589551134845
0.005490762575282178
0.005487943943583733
0.005485133442181221
0.0054823308671954835
0.0054795360237824345
0.0054767487252476085
0.00547396879221315
0.0054711960518314074
0.005468430337039909
0.005465671485852164
0.005462919340679374
0.005460173747677815
0.005457434556117052
0.0054547016177639495
0.005451974786277282
0.005449253916607755
0.00544653886439789
0.005443829485375923
0.0054411256347373
0.00543842716650686
0.005435733932873962
0.005433045783491616
0.005430362564729859
0.005427684118871472
0.005425010283236521
0.00542234088921941
0.005419675761219129
0.005417014715438956
0.005414357558526779
0.005411704086020402
0.005409054080552879
0.005406407309761725
0.005403763523829453
0.0054011224525624115
0.005398483801885427
0.005395847249590127
0.005393212440118093
0.005390578978079424
0.0053879464200885935
0.005385314264322433
0.005382681936932785
0.005380048774015222
0.005377413997130002
0.0053747766791692846
0.005372135695218054
0.005369489648998124
0.005366836745158172
0.00536417462763566
0.0053614999946457395
0.0053588078782054824
0.005356089798523085
0.005353327014786964
0.005352141454133779
0.005350878290083666
0.005349546008559007
0.005348150380810731
0.005346696453472712
0.005345188859036552
0.005343631883138712
0.0053420294956171835
0.00534038537479002
0.005338702929272419
0.0053369853180600035
0.005335235469086848
0.005333456096384713
0.005331649715950972
0.00532981866042354
0.005327965092653135
0.00532609101825658
0.005324198297228378
0.005322288654681997
0.005320363690786791
0.0053184248899615415
0.005316473629380884
0.005314511186846655
0.005312538748072204
0.005310557413424111
0.005308568204162155
0.005306572068215554
0.005304569885530418
0.005302562473020713
0.0053005505891525525
0.005298534938189536
