9.468878982595745
9.142822863730913
8.844753743786677
8.572943201956196
8.325703097229857
8.101328305339516
7.898109834761643
7.71435703558954
7.548419084247635
7.398703694651543
7.263692391517233
7.141952128213351
7.032143307634126
6.933024466437115
6.843454019271094
6.762389535255885
6.688885042853382
6.622086843764215
6.561228273946223
6.5056237918303745
6.4546627093805675
6.407802817505246
6.364564097929354
6.324522661428895
6.287305008359483
6.25258267172429
6.220067275063074
6.189506016196209
6.160677572420543
6.133388412089184
6.107469489142987
6.082773296373873
6.059171246072721
6.036551350042052
6.014816169741294
5.993881010472039
5.973672329897745
5.954126341431081
5.935187787850389
5.916808866016544
5.898948284796018
5.881570440179767
5.864644693381014
5.848144739279895
5.83204805405983
5.816335412186555
5.800990464206699
5.785999367022538
5.771350461453566
5.75703398967353
5.743041848084449
5.729367371531086
5.716005143727701
5.7029508316996536
5.69020103999891
5.677753185068719
5.665605381892506
5.653756346274986
5.642205308523845
5.630951937419386
5.619996273175549
5.609338668248321
5.598979734992564
5.588920299304741
5.579161359502692
5.569704049798986
5.560549607807315
5.551699345601798
5.543154623916339
5.534916829127494
5.526987352715055
5.519367572940631
5.512058838514981
5.50506245406556
5.498379667235586
5.492011657273169
5.485959524988943
5.480224283970241
5.474806852965406
5.469708049351365
5.464928583615258
5.460469054784778
5.456329946748041
5.452511625411324
5.4490143366453685
5.4458382049755345
5.442983232971021
5.440449301294537
5.438236169379109
5.43634347667844
5.434770731381705
5.433517365184007
5.432582657423404
5.4319657906253624
5.431665841292288
5.431681783903973
5.432012495347702
5.432599273023642
5.433123882902558
5.433594725990611
5.4340194336213825
5.434404994668997
5.434757824797283
5.435083823376486
5.435388421992834
5.4356766272991885
5.435953058272782
5.4362219796247615
5.43648733099307
5.436752752883566
5.437021609739684
5.4372970105227605
5.4375818271356655
5.437878710978752
5.438190107880364
5.438518271617213
5.438865276203209
5.4392330271056055
5.439623271521182
5.440037607827786
5.440477494311933
5.440944257255011
5.4414390984530545
5.441963102232416
5.442517242013728
5.4431023864743935
5.443719305345492
5.444368674878461
5.445051083014198
5.445767034277266
5.446516954416996
5.447301194817914
5.448120036693836
5.448973695080976
5.449862322643782
5.450786013304343
5.451744805704766
5.4527386865130785
5.453767593579614
5.454831418951779
5.455930011753447
5.457063180935481
5.458230697903063
5.459432299023467
5.460667688021615
5.46193653826644
5.463238494952192
5.464573177178559
5.465940179935854
5.467339075994408
5.468769417706584
5.47023073872143
5.471722555615615
5.473244369446537
5.474795667226128
5.4763759233229585
5.477984600791027
5.479621152632416
5.481285022992582
5.482975648293255
5.484692458305104
5.486434877161626
5.488202324317303
5.489994215453116
5.49180996333034
5.493648978594482
5.4955106705338554
5.497394447792232
5.499299719038186
5.501225893594001
5.503172382025444
5.505138596693103
5.507123952268898
5.50912786621826
5.511149759249154
5.513189055730998
5.515245184082815
5.517317577134775
5.519405672461748
5.521508912691871
5.523626745791051
5.525758625324205
5.527904010694686
5.530062367363282
5.5322331670474405
5.534415887901733
5.536610014680849
5.538815038885897
5.541030458895035
5.543255780078507
5.545490514901083
5.547734183008686
5.549986311305656
5.552246434017224
5.554514092742782
5.556788836497522
5.559070221744478
5.561357812417942
5.563651179936932
5.565949903211687
