198165.917952
252265.68830383054
253610.01947764546
254892.92695383227
256138.54425918352
257356.8488800434
258553.92740901007
259734.4010945244
260902.07297715172
262060.1562340704
263211.39308816433
264358.136817547
265502.4155760495
266645.9841492052
267790.3665474753
268936.8913021433
270086.7208510632
271240.8761011091
272400.2570346979
273565.6600582705
274737.7926571309
275917.28581505216
277104.70457244327
278300.5570290112
279505.3020422636
280719.35582907475
281943.0976417341
283176.87466081424
284421.0062233443
285675.78748533514
286941.49260161904
288218.3774927431
289506.68225771456
290806.6332822745
292118.44508482073
293442.3219357578
294778.4592807529
296127.0449939378
297488.2604833141
298862.28166749293
300249.2798401864
301649.4224366087
303062.8736217218
304489.7953565045
305930.3470157406
307384.6867894465
308852.97165263596
310335.3578416024
311832.00119832146
313343.05747947603
314868.68263409846
316409.0330533925
317964.2657958017
319534.53879005555
321120.0110185982
322720.8426834857
324337.19535663776
325969.23211606505
327617.1176695384
329281.01846697496
330961.1028026827
332657.540908469
334370.5050384959
336100.1695466951
337846.7109574146
339610.3080299478
341391.141817479
343189.39572094195
345005.2555382245
346838.9095091118
348690.5483563049
350560.3653228131
352448.55620600353
354355.31938853266
356280.85586637794
358225.36927415436
360189.06590787484
362172.1547453105
364174.8474640661
366197.3584574962
368239.9048485442
370302.7065016056
372385.9860324869
374489.9688165218
376614.88299491355
378760.959479339
380928.43195488484
383117.5368813282
385328.5134928252
387561.60379601765
389817.0525666117
392095.10734443687
394396.0184270342
396720.038861786
399067.42443662725
401438.4336693671
403833.3277956476
406252.3707555884
408695.8291791369
411163.9723701894
413657.0722895122
416175.4035365222
418719.24332998705
421288.87148771726
423884.570405297
426506.6250339714
429155.3228577463
431830.95386982075
434533.810548451
437264.18783236423
440022.38309585507
442808.69612370746
445623.42908609443
448466.88651362696
451339.375272713
454241.20454146026
457172.68578629376
460134.13273952866
463125.861378141
466148.18990398716
469201.4387257384
472285.93044283567
475401.9898317326
478549.94383479457
481730.1215521476
484942.85423684894
488188.4752937433
491467.3202823841
494779.726924413
498126.0351158142
501506.58694445214
504921.7267133372
508371.80097004527
511857.15854274656
515378.1505832995
518935.130617847
522528.45460539684
526158.4810048033
529825.570850621
533530.0878382573
537272.3984188288
541052.8719041427
544871.880582153
548729.7998432674
552627.0083177811
556563.8880247229
560540.824532335
564558.207130339
568616.4290140924
572715.8874806525
576856.9841367165
581040.1251182723
585265.7213217266
589534.1886461626
593845.948246269
598201.4267953098
602601.0567574401
607045.2766684579
611534.5314239345
616069.2725735392
620649.9586200997
625277.0553218619
629951.0359960821
634672.381821989
639441.5821408205
644259.1347504898
649125.5461921243
654041.3320255295
659007.0170902995
664023.1357491103
669090.232109375
674208.8602192346
679379.5842335612
684602.9785453225
689879.6278774834
695210.1273302394
700595.0823781812
706035.1088117213
711530.8326168355
717082.8897869714
722691.9260607597
728358.5965789479
734083.5654538127
739867.5052441877
745711.096329078
751615.0261727881
757579.9884744475
763606.68219478
769695.810453043
775848.0792871091
782064.1962698619
788344.8689751904
794690.8032871857
801102.8146138148
807581.366959815
814127.1689790906
820741.1065261435
827423.7386947693
834175.7163602551
840997.6719125465
