0.20737
0.18729592526868918
0.19315747377875744
0.19923729244144003
0.20547587890107333
0.21183551941668752
0.21829196390248914
0.22482922634103855
0.23143637827206864
0.23810557144522004
0.24483081925378244
0.2516072467720874
0.25843063015277085
0.26529711462309447
0.27220304264702655
0.27914484998936157
0.2861190035927661
0.2931219651698405
0.30015017057922433
0.30720001885698023
0.3142678671171517
0.321350028975626
0.32844277503635044
0.33554233452026777
0.3426448974476153
0.34974661698337234
0.35684361167418266
0.36393196737288386
0.371007738682666
0.3780669497676206
0.38510559437725045
0.392119634922026
0.3991050004182093
0.40605758309268436
0.4129732334021837
0.4198477531757202
0.4266768865317591
0.433456308150969
0.44018160839908754
0.44684827468826055
0.4534516683370853
0.4599869960348815
0.4664492748320654
0.4728332893644501
0.4791335397771389
0.4853441785533373
0.49145893420359477
0.4974710195671788
0.5033730224535451
0.5091567766396229
0.5148132122101049
0.5203321617163242
0.5257022711481616
0.5309106822104772
0.5359429631211196
0.5407830148941254
0.5454131742892502
0.5498146513298715
0.5539685514153133
0.5578578454102867
0.5614707485742717
0.5648059444939351
0.5678797276379906
0.5707341376324454
0.5734433870886234
0.5761139852949073
0.5788738856604522
0.5818500157636352
0.5851409794444793
0.5887968297615249
0.5928147532550795
0.5971501474006755
0.60173497153817
0.6064951319312474
0.6113618785450047
0.616277378507864
0.6211959604922279
0.6260830458268267
0.6309131890479948
0.6356680259316969
0.6403344820250171
0.644903344060321
0.6493681788579092
0.6537245409389396
0.6579694035859786
0.6621007556850241
0.6661173181932126
0.6700183457689315
0.673803488196424
0.6774726935340193
0.6810261402263028
0.684464189255925
0.6877898653537641
0.6909991209668676
0.694094795661638
0.6970752144343765
0.6999460184648778
0.7027060941131844
0.7053564788472788
0.7078982802170055
0.710332741053678
0.7126609689886725
0.7148842743844959
0.717003984585868
0.7190214677175963
0.720938129831598
0.7227554120008859
0.7244747874127713
0.7260977584942853
0.7276258540890689
0.7290606266972179
0.7304036497849438
0.7316565151683807
0.7328208304743906
0.7338982166802215
0.7348903057334307
0.7357987382529969
0.7366251613122899
0.7373712263044147
0.7380385868900616
0.738628897027992
0.7391438090880766
0.7395849720463422
0.7399540297620367
0.7402526193354747
0.7404823695467454
0.7406448993731544
0.7407418165859687
0.7407747164238614
0.7407451803427113
0.7406547748398132
0.7405050503518545
0.7402975402241087
0.7400337597499838
0.739715205278984
0.7393433533913448
0.7389196601375894
0.7384455603411795
0.7379224669623852
0.7373517705214351
0.7367348385790797
0.7360730152726307
0.7353676209054373
0.7346199515879922
0.7338312789285274
0.7330028497713389
0.7321358859807083
0.731231584268657
0.7302911160644985
0.7293156274243573
0.7283062389787816
0.727264045916571
0.726190118003053
0.7250854996310092
0.7239512099025078
0.7227882427399577
0.7215975670246814
0.7203801267613823
0.719136841267007
0.7178686053823121
0.7165762897047785
0.7152607408413311
0.7139227816795075
0.7125632116756847
0.7111828071590729
0.709782321650169
0.708362486192514
0.7069240096964866
0.705467579294095
0.7039938607036089
0.7025034986030626
0.7009971170115488
0.6994753196774126
0.6979387695095655
0.696387929204514
0.694823365177454
