4.2403
9.431645945182101
9.505311746973614
9.578618702416994
9.651503592245412
9.723964084846203
9.79601418976687
9.86767550395809
9.93897472388617
10.009942230862295
10.080610867449419
10.151014780526081
10.22118833474683
10.291165116720695
10.360977047111806
10.430653611628607
10.500221215732086
10.56970266262189
10.639116749872093
10.708477977019442
10.777796354383772
10.847077302291302
10.916321629506928
10.985525579887756
11.054680936875423
11.123775176302704
11.192791658976398
11.261709855519312
11.330505596940295
11.399151345308681
11.467616479713012
11.535867593372263
11.603868798343237
11.671582034738224
11.738967381744114
11.80598336803515
11.872587279409073
11.938735461668402
12.004383616925686
12.06948709164717
12.13400115487283
12.197881265168416
12.261083324984899
12.323563921224343
12.385280550942058
12.446191831254469
12.506257692669069
12.565439555206758
12.623700486847111
12.681005343989412
12.73732089378655
12.79261591837034
12.84686130114505
12.900030095476293
12.952097576244492
13.0030412748624
13.052841028974276
13.101478880982455
13.14893918447927
13.195208561210318
13.240275827438994
13.284131965274856
13.326770066815078
13.36818526944744
13.408374683485397
13.447337313238068
13.485073972585164
13.521587196087784
13.55688114662055
13.590961520455906
13.623835450676276
13.655511409722779
13.685999136521113
13.715309444667056
13.743454262843775
13.77044645383135
13.796299743213034
13.82102863004116
13.844648300407739
13.867174544254695
13.888623675590816
13.909012456410727
13.928358024332733
13.946677824114897
13.96398954307536
13.980311050434423
13.995660340561809
14.010055480084198
14.023514558785669
14.036055644212112
14.047696739875123
14.058455746936094
14.068350429240683
14.07739838156529
14.08561700093101
14.093023460836292
14.09963468825771
14.105467343267
14.110537801113976
14.114862136626401
14.118456110780993
14.121335159303744
14.12351438316216
14.12500854081688
14.125832042106163
14.125998943641989
14.125522945602738
14.124417389813916
14.122695259013737
14.120369177207523
14.117451411020147
14.113953871962257
14.1098881195313
14.105265365074501
14.100096476345772
14.094391982693883
14.088162050057482
14.081416607782051
14.074165178643034
14.06641700074921
14.058181007510477
14.049465835403433
14.040280326843758
14.030631606162665
14.020527895403907
14.009976747009514
13.998985443853336
13.987561022499175
13.975710284685292
13.963439807235773
13.950755951841305
13.937664874898827
13.924172537421997
13.910284195515224
13.896006442459175
13.881344262718011
13.866302916214938
13.850887534337986
13.835103115602191
13.818954533553331
13.802446546383022
13.785583806722263
13.768370871378785
13.750812210968938
13.732912219421708
13.71467522333553
13.696105491169208
13.677207242247576
13.657984655562823
13.638441878351802
13.618583034429875
13.598412232261557
13.577933572748584
13.557151156715861
13.536069092076627
13.514691500657722
13.493022524667321
13.47106633278753
13.448827125875342
13.426309142256097
13.403516662595331
13.380454014335093
13.357125575683146
13.333535779144249
13.309689114584637
13.285590131822318
13.26124344273768
13.236653722900888
13.211825712714052
13.186764218068907
13.161474110521867
13.135960326991336
13.110227868983483
13.084281801355225
13.058127250625228
13.031769402845443
13.00521350111471
12.978464842285481
12.951528774276246
12.924410691690376
12.897116032078557
12.869650271481413
12.842018919738237
12.814227515521896
12.786281621126735
12.758186817037041
12.729948696304524
12.701572858763527
12.673064905113234
12.644430430895966
12.615675020401033
12.586804240522781
12.557823634601736
12.528738716276777
12.49955496337548
12.470277811869135
12.440912649918026
12.411464812030763
12.381939573361182
12.352342144164023
