7.547203210205745e-05
7.097216324432176e-05
7.007265478787684e-05
6.930577202848936e-05
6.8582587069745e-05
6.789923261271709e-05
6.725385025055597e-05
6.664452919286654e-05
6.60693028630926e-05
6.552618720489983e-05
6.501321147463981e-05
6.452844173953604e-05
6.406999882942576e-05
6.363607142835954e-05
6.322492540043306e-05
6.28349101168602e-05
6.246446227040093e-05
6.211210775232947e-05
6.177646196044478e-05
6.145622887666442e-05
6.115019918889321e-05
6.085724768408065e-05
6.057633009976371e-05
6.030647958833604e-05
6.00468029206008e-05
5.979647653189967e-05
5.955474249452995e-05
5.932090448366791e-05
5.909432379012904e-05
5.887441542163058e-05
5.866064432443403e-05
5.84525217490925e-05
5.82496017772338e-05
5.8051478020719284e-05
5.7857780499925214e-05
5.766817270417161e-05
5.748234883432607e-05
5.7300031225242854e-05
5.7120967943845575e-05
5.694493055725662e-05
5.677171206433694e-05
5.660112498326035e-05
5.643299958726299e-05
5.626718228043073e-05
5.610353410526918e-05
5.594192937381574e-05
5.578225441418668e-05
5.562440642463649e-05
5.546829242748795e-05
5.5313828315584075e-05
5.5160937984263354e-05
5.5009552542208535e-05
5.4859609594897575e-05
5.4711052594751774e-05
5.4563830252452576e-05
5.441789600426162e-05
5.4273207530532466e-05
5.4129726320951994e-05
5.398741728236876e-05
5.3846248385388835e-05
5.370619034620931e-05
5.3567216340445826e-05
5.342930174596798e-05
5.3292423912013576e-05
5.315656195206947e-05
5.302169655823549e-05
5.2887809834977774e-05
5.275488515036788e-05
5.262290700307151e-05
5.249186090351229e-05
5.236173326777738e-05
5.2232511322966814e-05
5.210418302281019e-05
5.197673697248939e-05
5.185016236170221e-05
5.1724448905102335e-05
5.1599586789331824e-05
5.1475566625941985e-05
5.135237940956781e-05
5.123001648078721e-05
5.110846949315371e-05
5.098773038394178e-05
5.0867791348196146e-05
5.074864481571496e-05
5.06302834306395e-05
5.051270003335435e-05
5.039588764443894e-05
5.027983945043091e-05
5.016454879120051e-05
5.0050009148741996e-05
4.9936214137225114e-05
4.9823157494153644e-05
4.974524925171615e-05
4.9692335875444514e-05
4.965699630757032e-05
4.963401337857963e-05
4.961972139867583e-05
4.9611543843721674e-05
4.9607669230845736e-05
4.9606823703212394e-05
4.9608111342823704e-05
4.961090197734836e-05
4.9614752323743745e-05
4.961935054731189e-05
4.962447727540058e-05
4.9629978178138866e-05
4.963574468234508e-05
4.964170040512058e-05
4.964779161032693e-05
4.965398049476489e-05
4.966024046489402e-05
4.966655281385779e-05
4.967290438362298e-05
4.967928592017089e-05
4.968569091627181e-05
4.969211479729787e-05
4.9698554348380856e-05
4.970500731137299e-05
4.971147210127352e-05
4.971794760670991e-05
4.972443304955709e-05
4.973092788616631e-05
4.973743173786957e-05
4.9743944342081185e-05
4.97504655178936e-05
4.975699514186896e-05
4.976353313100698e-05
4.9770079430759204e-05
4.977663400659763e-05
4.9783196838079996e-05
4.978976791467538e-05
4.979634723282709e-05
4.980293479388503e-05
4.980953060265236e-05
4.981613466636132e-05
4.9822746993953854e-05
4.9829367595574524e-05
4.9835996482215516e-05
4.9842633665464415e-05
4.984927915732834e-05
4.9855932970111204e-05
4.986259511632442e-05
4.986926560862698e-05
4.987594445978219e-05
4.9882631682627105e-05
4.988932729005171e-05
4.989603129498336e-05
4.9902743710377236e-05
4.9909464549208006e-05
4.9916193824466007e-05
4.99229315491524e-05
4.99296777362778e-05
4.993643239885984e-05
4.994319554992241e-05
4.994996720249442e-05
4.9956747369610156e-05
4.996353606430793e-05
4.997033329963068e-05
4.9977139088625626e-05
4.998395344434355e-05
4.9990776379839725e-05
4.999760790817349e-05
5.0004448042407894e-05
5.0011296795610806e-05
5.001815418085363e-05
5.00250202112124e-05
5.003189489976686e-05
5.00387782596016e-05
5.004567030380536e-05
5.0052571045470514e-05
5.005948049769487e-05
5.006639867358002e-05
5.007332558623145e-05
5.008026124876001e-05
5.0087205674280494e-05
5.0094158875911794e-05
5.010112086677762e-05
5.010809166000566e-05
5.0115071268728465e-05
5.012205970608271e-05
5.012905698520889e-05
5.013606311925264e-05
5.014307812136333e-05
5.015010200469492e-05
5.015713478240516e-05
5.016417646765611e-05
5.0171227073614555e-05
5.0178286613450184e-05
5.0185355100337876e-05
5.0192432547455776e-05
5.0199518967986205e-05
5.0206614375115384e-05
5.021371878203309e-05
5.022083220193329e-05
5.0227954648013275e-05
5.023508613347391e-05
5.024222667152004e-05
5.024937627535937e-05
5.025653495820333e-05
5.0263702733266966e-05
