1252.32644
305.81419298408673
305.7761224960851
305.7380396923746
305.6998575954027
305.6615598168519
305.62313792717504
305.5845844880764
305.5458922737344
305.5070541793013
305.46806320581464
305.42891245376626
305.3895951178164
305.35010448182413
305.3104339141056
305.2705768629111
305.2305268521211
305.1902774771616
305.14982240114443
305.10915535122854
305.0682701152072
305.02716053832296
304.98582052030747
304.94424401265513
304.9024250161233
304.8603575784699
304.81803579242234
304.7754537938857
304.73260576038825
304.6894859097694
304.646088499111
304.6024078239145
304.5584382175275
304.5141740508234
304.4696097321333
304.4247397074394
304.379558460828
304.3340605152072
304.2882404332962
304.24209281888346
304.19561231836286
304.14879362255084
304.10163146878546
304.0541206433158
304.00625598398136
303.958032383189
303.90944479118986
303.86048821965807
303.8111577455797
303.76144851545047
303.71135574979104
303.6608747479752
303.6100008933834
303.5587296588761
303.50705661259434
303.45497742408685
303.40248787076507
303.34958384468655
303.2962613596703
303.2425165587381
303.18834572188655
303.1337452741804
303.0787117941708
303.02324202264083
302.967332871632
302.91098143387296
302.85418499233043
302.7969410302738
302.73924724145763
302.6811015406553
302.6225020744316
302.56344723216927
302.5039356573302
302.4439662589283
302.3835382232089
302.32265102549877
302.2613044422204
302.1994985630358
302.1372338031006
302.07451091539974
302.0113310031345
301.94769553213195
301.88360634324255
301.8190656646909
301.75407612434446
301.6886407618582
301.6227630406589
301.55644685972317
301.48969656510553
301.4225169611713
301.3549133214856
301.2868913993101
301.21845743765425
301.1496181788308
301.0803808734623
301.0107532888797
300.9407437168649
300.87036098067097
300.79961444127184
300.7285140027796
300.65707011697066
300.5852937868675
300.5131965693161
300.4407905765003
300.368088476347
300.2951034917535
300.2218493985997
300.1483405224844
300.07459173414253
300.0006184434946
299.92643659229145
299.8520626453117
299.77751358007833
299.7028068750629
299.6279604963592
299.5529928827964
299.47792292948486
299.40277001772495
299.3275538067662
299.25229449075147
299.1770125938385
299.1017289906054
299.02646488025704
298.95124175935325
298.8760813931067
298.8010057853046
298.7260371469152
298.6511978634536
298.5765104611813
298.501997572234
298.4276818987707
298.3535861762487
298.2797331359421
298.20614546682026
298.1328457769131
298.394073361973
298.2976399621209
298.2022844010131
298.1081106689082
298.0151709002434
297.9234957111068
297.8331024814016
297.74399971116776
297.65618981772496
297.5696709983517
297.48443847726
297.40048533847505
297.31780307826125
297.23638196706895
297.15621128210864
297.0772794523276
296.9995741444634
296.9230823098838
296.84779020574103
296.77368339965085
296.70074676409223
296.62896446458547
296.5583199441841
296.48879590571755
296.42037429243356
296.35303626709015
296.28676218909806
296.22153158896447
296.1573231389769
296.09411461880813
296.03188287444834
295.97397249825053
295.9211818245347
295.86940433337804
295.8186104815899
295.7687690104538
295.71984884310086
295.67181743305997
295.62464103691224
295.5782845480746
295.5327112875979
295.4878827477276
295.44375827751526
295.4002946969449
295.3574458222689
295.3151618802979
295.2733887827241
295.2320672225902
295.19113154279023
295.1505083096134
295.1101145008531
295.06985518481684
295.02962051903154
294.9892818283899
294.94868642033555
294.9076506409676
294.8659504396606
294.8233083383824
294.77937510276735
294.7337034171432
294.6857091576663
294.634612809991
294.57934788778243
294.5184119960788
294.4496125932885
