2.49737630112
2.329607545586622
2.4039765866292844
2.4821335105678033
2.5630126409124085
2.645946470853416
2.7305103973216958
2.8164291772763286
2.903519283722276
2.991653305825457
3.0807379481530193
3.170700437446969
3.26148013201239
3.3530233510402145
3.4452801962020825
3.538202605187465
3.631743166334587
3.725854402830207
3.820488345986262
3.9155962857972
4.0111286294392015
4.107034824580344
4.203263320503774
4.2997615499572595
4.396475920681946
4.493351809228145
4.590333551816951
4.6873644282285
4.784386635312118
4.881341246937537
4.978168157145398
5.074806002990522
5.171192063123346
5.267262127532018
5.3629503330728525
5.458188958413877
5.552908170783298
5.647035715406642
5.740496536680528
5.8332123179100055
5.9251009237670695
6.0160757264490465
6.106044792778207
6.194909905188299
6.28256538476283
6.368896679466687
6.453778675984103
6.537073690284494
6.618629091939662
6.698274524499145
6.775818704429399
6.851045825824704
6.92371156692868
6.993539646421563
7.060217869648619
7.123396745894984
7.1826909749996055
7.237687324176451
7.2879634177474495
7.33312412051065
7.372864055814963
7.407064722502249
7.435929091913989
7.460140241581159
7.481000165954611
7.500468505639468
7.521009027564519
7.545207569749036
7.575253719914939
7.6124954239032405
7.657261748312522
7.708995241681728
7.766571946605735
7.828646077257856
7.89390207923965
7.961194581552995
8.029596360782747
8.098391858904687
8.167046156814209
8.235167708183695
8.30247381414146
8.368762126593356
8.433888583257819
8.49775096980277
8.560276969673614
8.621415611424105
8.681131210511598
8.739399104318373
8.796202661178073
8.851531185821884
8.905378452090666
8.957741672785621
9.00865742874291
9.058060220385743
9.10598371893916
9.152433906213131
9.197380790137329
9.240901120575678
9.28297410193478
9.323609479816595
9.362819607032664
9.400613808516834
9.437005477710835
9.47200813590513
9.50563598805303
9.537903881862817
9.568827267137191
9.598422155684583
9.626705081955308
9.653693064479015
9.679403568141934
9.703854467326467
9.727064009929409
9.749050782273125
9.769833674924774
9.789431849438625
9.807864706036252
9.825151852238974
9.841313072467344
9.856368298618394
9.870337581631864
9.88324106405457
9.89509895360331
9.905931497748071
9.915758959287608
9.924601592947276
9.932479622978342
9.939413221760022
9.945422489396735
9.950527434303973
9.954747954769074
9.958103821477811
9.960614660993029
9.962299940169064
9.963178951487365
9.96327079929464
9.962594386926192
9.961168404693762
9.959011318718941
9.956141360589882
9.95257651782017
9.948334525087141
9.943432856227433
9.937888716965475
9.931719038352762
9.924940470892913
9.917569379329032
9.909621838069588
9.901113627228597
9.892060229255847
9.882476826133628
9.872378297115848
9.861779216986234
9.850693854812613
9.839136173173108
9.827119827833204
9.814658167849919
9.801764236081848
9.788450770083578
9.774730203363768
9.76061466698439
9.746115991484807
9.731245709106908
9.71601505630501
9.700434976522109
9.684516123211843
9.6682688630927
9.651703279613837
9.634829176619228
9.6176560821931
9.600193252670625
9.58244967680209
9.564434080053358
9.546154929031598
9.52762325954842
9.508842167905511
