235.28658973189664
234.75315463064305
234.21786380829707
233.6807614638358
233.14188252434957
232.60125531152397
232.05890298826307
231.5148445829282
230.96909577568493
230.42166952088607
229.87257654612847
229.32182575535595
228.76942455622333
228.21537912719046
227.6596946363678
227.10237542153658
226.54342513877447
225.98284688558246
225.4206433032123
224.85681666196018
224.2913689324572
223.72430184540775
223.15561694176526
222.5853156149678
222.013399146561
221.43986873629902
220.86472552762268
220.28797062925878
219.70960513355695
219.12963013207863
218.54804672886587
217.96485605175025
217.3800592620014
216.79365756257073
216.20565220514183
215.6160444961707
215.0248358020665
214.43202755364464
213.83762124996224
213.2416184616295
212.6440208336788
212.04483008805838
211.44404802581178
210.84167652899168
210.23771756235237
209.6321731748579
209.02504550103853
208.41633676222236
207.8060492676666
207.194185415609
206.58074769425707
205.9657386827308
205.34916105197178
204.7310175656308
204.11131108094378
203.49004454960416
202.86722101864004
202.24284363130207
201.61691562796807
200.98944034706872
200.3604212260392
199.72986180229984
199.09776571426954
198.46413670241375
197.82897861033047
197.19229538587507
196.55409108232698
195.91436985959805
195.2731359854854
194.63039383696852
193.9861479015521
193.34040277865515
192.69316318104669
192.0444339363287
191.39421998846635
190.74252639936577
190.08935835049945
189.43472114457924
188.77862020727656
188.12106108899025
187.46204946666103
186.8015911456328
186.13969206156005
185.476358282361
184.8115960102158
184.1454115836096
183.47781147941896
182.80880231504187
182.1383908505696
181.46658399100025
180.79338878849217
180.1188124446575
179.4428623128934
178.7655459007503
178.08687087233622
177.4068450507554
176.7254764205799
176.0427731303525
175.3587434951198
174.67339599899333
173.986739297737
173.29878222137884
172.60953377684592
171.91900315061892
171.2271997114051
170.53413301282754
169.83981279612752
169.1442489928779
168.447451727705
167.74943132101578
167.05019829172812
166.34976336000025
165.64813744995712
164.94533169241018
164.2413574275666
163.53622620772558
162.82994979995686
162.12254018875876
161.41400957869118
160.70437039697975
159.9936352960871
159.28181715624683
158.568929087956
157.85498443442128
157.1399967739545
156.42397992231275
155.70694793497825
154.98891510937253
154.269895987001
153.54990535552153
152.8289582507323
152.1070699584744
151.38425601644215
150.66053221589743
149.9359146032813
149.21041948171822
148.4840634124066
147.756863215891
147.02883597320948
146.2999990269114
145.5703699819397
144.8399667063724
144.10880733201773
143.37691025485813
142.64429413533716
141.91097789848493
141.17698073387703
140.44232209542182
139.70702170097192
138.9710995317558
138.2345758316246
137.49747110611108
136.75980612129717
136.02160190248622
135.28287973267805
134.5436611508434
133.8039679499964
133.06382217506277
132.32324612054308
131.5822623279699
130.84089358315853
130.0991629132521
129.35709358356073
128.61470909419762
127.87203317651233
127.12908978932506
126.38590311496432
125.64249755511212
124.89889772646077
124.15512845618687
123.41121477724728
122.66718192350459
121.92305532468832
121.17886060119986
120.43462355876946
119.69037018297453
118.9461266336287
118.20191923905193
117.45777449023306
116.71371903489566
115.96977967147996
115.22598334305297
114.48235713116057
113.73892824963436
112.99572403836822
112.25277195707847
111.5100995790625
110.76773458497152
110.02570475661172
109.28403797079032
108.54276219322188
107.80190547251019
107.06149593245183
106.32156177316354
105.58213125530122
104.8432327007814
104.10489448613325
103.36714503713782
102.63001282377164
101.89352635534891
