14.284920376330945
14.116141953657174
13.952768718992687
13.794902352179937
13.642645357893835
13.496097744736678
13.355356761179513
13.22051700585015
13.091670520775233
12.968906814554096
12.852312815548363
12.741972765910736
12.637968070660634
12.540377117125958
12.449275079790311
12.364733724305578
12.286821222467463
12.21560198761717
12.15113653746901
12.093481388971787
12.042688987620611
11.99880767172538
11.9618816705515
11.931951133982592
11.909052190399523
11.89321702879809
11.884474000745989
11.882847737570144
11.88835927813632
11.90102620302672
11.92086276914856
11.947880044185226
11.982086033966697
12.023485801097465
12.072081571858108
12.127872830311334
12.190856395093478
12.261026480604125
12.338374740219749
12.422890291494014
12.514559723372866
12.613367085831134
12.719293862680159
12.832318928600959
12.952418491726391
13.079566023325999
13.213732176482656
13.354884694942001
13.50298831561681
13.658004665365487
13.819892154856545
13.98860587204386
14.164097476340315
14.34631509669443
14.5352032316989
14.730702670762543
14.932750403692578
15.141279555365697
15.356219329238973
15.577494964657635
15.805027709121973
16.038734806480864
16.27852950181753
16.524321063587177
16.77601482335983
17.033512233316223
17.29671094144364
17.565504884184897
17.839784396108467
18.11943633599421
18.404344228568853
18.694388420979596
18.98944625296483
19.289392239568762
19.594098265152443
19.903433787377736
20.217266049783515
20.53546030153415
20.857880022899533
21.18438715502154
21.514842332534663
21.849105117635716
22.1870342342391
22.528487800907957
22.87332356131637
23.221399111071907
23.57257211980914
23.926700547558255
24.283642854468166
24.64325820309156
25.005406700753777
25.369949393180423
25.736748726130127
26.1056685226272
26.476574186161578
26.84933284663724
27.223813495857772
27.59922552828125
27.971766653007517
28.341378381044834
28.708007157230785
29.071604221474225
29.43212546140877
29.789531258006143
30.143786328013114
30.494859562399412
30.842723865124537
31.18735598626554
31.528736358414243
31.866848931763677
32.20168101041839
32.53322309027485
32.86146869902025
33.18641423873574
33.50805883153073
33.82640416857867
34.141454362871634
34.45321580596126
34.7616970289071
35.06690856761077
35.36886283267413
35.66757398388394
35.96305780939176
36.25533160962842
36.54441408596474
36.830325234106645
37.11308624219075
37.39271939352792
37.66924797392571
37.94269618350616
38.21308905292318
38.48045236387354
38.744812573786746
39.00619674457212
39.26463247529598
39.520147838657394
39.77277132112812
40.02253176662041
40.269458323545116
40.513580395122716
40.75492759281008
40.99352969270737
41.22941659481092
41.462618284980486
41.693164799491576
41.9210861920471
42.146412503125205
42.369173731544294
42.58939980812945
42.807120571368664
43.022365744950925
43.235164917082464
43.445547521481096
43.65354281995321
43.85917988646128
44.062487592594316
44.26349459435723
44.46222932019919
44.658719960204465
44.85299445637343
45.045080493924516
45.23500549355152
45.422796604574266
45.60848069892341
45.792084365903854
45.97363390768365
46.15315533545872
46.33067436624617
46.50621642026156
46.679806618838455
46.85146978285051
47.0212304315989
47.18911278213031
47.35514074895215
47.51933794411448
47.6817276776294
47.84233295820065
48.001176494238116
48.15828069513294
48.31366767277116
48.46735924326478
48.619376928880726
48.769741960149254
48.918475278134906
49.06559753685389
49.21112910582308
49.355090072726796
49.49750024618838
49.63837915863465
49.77774606924198
49.91561996695374
50.052019573559335
50.18696334682605
50.320469483675325
50.45255592339592
50.58324035088679
50.71254019992312
50.84047265643963
50.967054661825394
51.09230291622529
