5.6484414279510595e-05
4.8559854867583406e-05
4.788894568672315e-05
4.757138924460121e-05
4.75258838869461e-05
4.760853724463447e-05
4.7745978318999215e-05
4.790330393567865e-05
4.806499052150982e-05
4.822469742431532e-05
4.83802407178623e-05
4.85311952887319e-05
4.867780380534968e-05
4.882050360901775e-05
4.8959737378777555e-05
4.909588912455341e-05
4.9229272291666264e-05
4.936013719840704e-05
4.948868381621215e-05
4.9615074443803564e-05
4.9739444244340715e-05
4.986191012589673e-05
4.998257700909984e-05
5.010154309846896e-05
5.021890381890445e-05
