4.8715
4.955441395722159
4.984483721805336
5.015198268091699
5.046791952617556
5.079052847452132
5.111864530413924
5.1451350388989985
5.178786726604379
5.212754575189366
5.246985307749676
5.281436292422375
5.316074207748028
5.350873578112072
5.38581529032858
5.420885180357894
5.456072752560596
5.491370068628614
5.526770822001641
5.562269597232739
5.597861302360165
5.633540755361313
5.66930240229722
5.705140143927035
5.74104724850831
5.7770163305503734
5.813039377869201
5.849107812095653
5.885212570503703
5.921344196525273
5.957492949892105
5.993648884380153
6.029801952526535
6.065942085100302
6.102059270768232
6.138143604206369
6.174185363357359
6.2101750385642935
6.246103371216921
6.281961380157167
6.3177403806011805
6.353431996602354
6.389028168131277
6.424521153800148
6.459903530242184
6.495168184077535
6.530308327162669
6.565317461086205
6.600189391973978
6.634918219463076
6.669498339070585
6.703924415018551
6.738191413418562
6.772294579692515
6.806229300954716
6.839991683845788
6.873577711228063
6.906983809416726
6.940206720388197
6.973243513889994
7.006091601340252
7.038748751382059
7.071213106989584
7.103483203867934
7.135557990160051
7.167436847144006
7.199119610868212
7.230606594551789
7.261898611645061
7.292996999433193
7.32390364310193
7.354621000203275
7.385152125481605
7.415500696050887
7.445671036935695
7.475668147023749
7.505497725504325
7.535166198901612
7.564680748837938
7.5940493407014795
7.623280753425112
7.652384610612316
7.681371413291255
7.71025257460512
7.739040456794398
7.767748410999852
7.796390818867125
7.8249831426736485
7.853541969731034
7.882086067418566
7.910631481308358
7.939201496133104
7.967816843765121
7.996500699968942
8.025277796045748
8.054174517605773
8.08321901442273
8.112441322457304
8.141873499300077
8.150290440376903
8.152483942818199
8.154379371745192
8.155983154270862
8.157304604024905
8.158349323901792
8.159124372654576
8.159636837810329
8.159893863755938
8.159902312132711
8.159669574588472
8.159202592496314
8.158508360208502
8.157593817160857
8.156465837694093
8.155131221849434
8.153596687088916
8.151868860888664
8.149954274151264
8.14785935538957
8.145590425634579
8.14315369401877
8.140555253991932
8.137801080126083
8.134897025467692
8.131848819398993
8.12866206596845
8.125342242656071
8.12189469953851
8.118324658821132
8.114637214706388
8.110837333567485
8.106929854404113
8.102919489547595
8.098810825596663
8.094608324557933
8.090316325169164
8.08593904438734
8.081480579019974
8.076944907485228
8.07233589168121
8.06765727895185
8.062912704134117
8.058105691674628
8.053239657802598
8.048317912749404
8.043343663004109
8.038320013595028
8.033249970391871
8.028136442416676
8.022982244160096
8.01779009789509
8.01256263598349
8.007302403169295
8.002011858854368
7.996693379353772
7.991349260125628
7.985981717973134
7.980592893215781
7.975184851828147
7.969759587542441
7.964319023914769
7.958865016353757
7.953399354108165
7.947923762214966
7.942439903405556
7.93694937997101
7.931453735583386
7.925954457075904
7.92045297618002
7.914950671219435
7.9094488687619
7.903948845229016
7.898451828463002
7.8929589992532
7.88747149282068
7.881990400262157
7.876516769954201
7.8710516089181555
7.865595884145811
7.860150523887658
7.854716418903873
7.849294423678237
7.843885357595942
7.838490006088338
7.833109121741134
7.827743425370926
7.822393607068219
7.817060327208983
7.811744217435058
7.806445881604847
7.801165896714298
7.795904813788789
7.790663158748795
7.785441433246299
7.780240115476644
7.7750596609645735
7.769900503324422
7.76476305499803
7.759647707967171
7.7545548344449395
