-109.79806770148676
-208.26397151194809
-208.58030020424206
-208.87951603850348
-209.16350330371725
-209.43448149169865
-209.69452870496528
-209.9454398637646
-210.18871070764038
-210.4255655594497
-210.65699675551284
-210.8838037125677
-211.106627612447
-211.32598081831156
-211.5422712936577
-211.75582266050105
-211.9668905890103
-212.17567615403453
-212.3823367049337
-212.58699470435718
-212.78974491040694
-212.990660207653
-213.1897963354383
-213.38719571542347
-213.58289054284663
-213.77690527499206
-213.96925862648754
-214.15996597912036
-214.34903730743025
-214.5364832700056
-214.72231250872724
-214.90653312593795
-215.089153129263
-215.27018075895603
-215.4496247207454
-215.62749434354674
-215.80379967796208
-215.97855154828216
-216.15176156915712
-216.32344213522836
-216.49360639119428
-216.6622681878504
-216.8294420287949
-216.99514301132083
-217.15938676455625
-217.32218938670925
-217.48356738334311
-217.64353760776166
-217.80211720436955
-217.95932355542786
-218.11517423182204
-218.2696869476906
-218.422879519126
-218.57476982678273
-218.72537578227062
-218.87471529815238
-219.02280626122237
-219.16966650887835
-219.3153138084367
-219.45976583892303
-219.60304017517137
-219.74515427420056
-219.88612546326456
-220.02597092971996
-220.16470771239185
-220.3023526941227
-220.43892259574454
-220.57443397081158
-220.70890320148865
-220.84234649505015
-220.97477988127585
-221.10621921026825
-221.23668015101865
-221.3661781902901
-221.4947286320012
-221.62234659700127
-221.7490470230547
-221.87484466527584
-221.99975409662954
-222.1237897087451
-222.24696571291855
-222.36929614121289
-222.49079484772545
-222.6114755099549
-222.73135163027928
-222.85043653750844
-222.96874338842844
-223.08628516956495
-223.20307469874305
-223.31912462691383
-223.43444743982408
-223.5490554598044
-223.6629608474672
-223.7761756035073
-223.8887115704013
-224.00058043410846
-224.11179372585184
-224.2223628237112
-224.3322989543455
-224.44161319460775
-224.55031647313822
-224.65841957197838
-224.7659331280859
-224.87286732090575
-224.97923344380317
-225.08504076540913
-225.19029967130956
-225.29502009538112
-225.39921183501562
-225.50288455253383
-225.6060477765308
-225.708710903094
-225.81088319715653
-225.91257379362784
-226.0137916986713
-226.11454579087385
-226.21484482239072
-226.31469742010444
-226.4141120867324
-226.51309720194195
-226.61166102343287
-226.7098116879753
-226.80755721250375
-226.904905495093
-227.00186431604504
-227.09844133882996
-227.19464411110158
-227.29048006567717
-227.38595652152802
-227.48108068468557
-227.5758596491995
-227.6703003981183
-227.76440980437786
-227.8581946317145
-227.9516615356002
-228.04481706411582
-228.1376676588839
-228.23021965593497
-228.3224792866036
-228.41445267838856
-228.5061458558515
-228.59756474146002
-228.6887151564716
-228.77960282179777
-228.87023335882594
-228.96061229031199
-229.05074504120134
-229.14063693950325
-229.23029321710476
-229.31971901061652
-229.40891936222326
-229.49789922052446
-229.58666344133815
-229.67521678855016
-229.76356393496678
-229.8517094630891
-229.93965786598048
-230.02741354809652
-230.114980826055
-230.2023639295216
-230.2895670019893
-230.37659410161427
-230.46344920201102
-230.55013619311376
-230.63665888194132
-230.72302099343932
-230.80922617129838
-230.89527797872796
-230.98117989932837
-231.06693533786188
-231.15254762102794
-231.23801999836647
-231.32335564297537
-231.40855765235554
-231.49362904921003
-231.57857278225913
-231.66339172700964
-231.7480886866119
-231.83266639257732
-231.91712750568774
-232.00147461668328
-232.08571024713584
-232.16983685020654
-232.2538568114553
-232.33777244961243
-232.4215860174182
-232.50529970234152
-232.58891562744407
-232.67243585209135
-232.75586237281158
-232.83919712400987
-232.9224419787966
-233.00559874975616
-233.08866918969207
-233.17165499246042
-233.25455779370543
-233.33737917161534
-233.42012064773192
-233.5027836876808
-233.58536970196107
