7.098602273904324
7.084277708331812
7.073751606585434
7.066695407750674
7.062831793669895
7.061917030280806
7.063732127942669
7.068077935730832
7.0747720667186895
7.083646736670802
7.094547105527366
7.10732992978225
7.121862429693613
7.138021318371359
7.155691960043195
7.174767634986892
7.1951488942356505
7.216742990623283
7.239463375099759
7.263229249007355
7.287965164397382
7.313600665608194
7.340069966284697
7.3673116568380355
7.395268438046598
7.4238868771151365
7.453117183035864
7.482912998885884
7.51323120709464
7.544031749237821
7.575277455126
7.606933881677708
7.638969160093375
7.671353850395685
7.7040608025866755
7.737065023815845
7.770343551076065
7.803875329052468
7.837641092828349
7.871623255228627
7.905805798631676
7.940174171126915
7.974715186926777
8.009416930967376
8.044268667644623
8.07926075364735
8.11438455484876
8.149632367219317
8.184997341720543
8.220473413135338
8.256055232778156
8.29173810502431
8.327517927584932
8.363391135445754
8.39935464837769
8.435405821917652
8.471542401711092
8.507762481099226
8.544064461825352
8.580447017733
8.616909061322886
8.653449713028957
8.69006827307848
8.726764195794008
8.763537066197543
8.800386578780795
8.837312518300255
8.874314742468
8.9113931664031
8.948547748720392
8.985778479130838
9.023085367439734
9.060468433826774
9.097927700304158
9.135463183250074
9.173074886921523
9.2107627978589
9.248526880094978
9.286367071093288
9.324283278341
9.36227537652865
9.400343205255538
9.438486567202725
9.476705226721354
9.514998908787819
9.553367298282131
9.591810039551103
9.630326736216942
9.668916951203718
9.70758020694761
9.746315985768302
9.785123730375952
9.824002844494844
9.862952693582928
9.901972605632947
9.941061872040331
9.98021974852311
10.019445456086407
10.058738182018484
10.098097080911742
10.137521275701342
10.177009858714026
10.216561892723409
10.256176412099682
10.295852423439834
10.335588907330814
10.375384818849694
10.415239088743256
10.455150624443336
10.495118311067621
10.535141012404196
10.575217571881357
10.615346813518086
10.655527542859426
10.695758547892297
10.736038599943498
10.77636645455999
10.816740852370426
10.857160519928826
10.89762417053986
10.938130505066255
10.9786782127192
11.019265971830146
11.059892450606979
11.100556307871466
11.141256193781825
11.181990750538349
11.222758613073099
11.263558409723247
11.304388762890497
11.345248289685133
11.386135602554127
11.427049309895915
11.467988016661199
11.508950324939223
11.549934834531417
11.590940143510648
11.631964848768234
11.673007546547788
11.71406683296715
11.755141304527317
11.796229558610078
11.837330193963322
11.878441811174602
11.919563013134415
11.960692405487084
12.00182859707161
12.04297020035085
12.084115831831078
12.12526411247101
12.166413668080217
12.207563129707426
12.248711134019844
12.28985632367228
12.330997347666024
12.372132861700011
12.413261528511537
12.454382018207694
12.495493008589609
12.536593185465843
12.57768124295851
12.61875588380033
12.659815819624097
12.700859771242383
12.7418864689209
12.782894652642897
12.823883072365556
12.86485048826998
12.905795671001442
12.946717401903513
12.987614473245962
13.02848568844206
13.069329862261856
13.110145821037019
13.150932402858913
13.191688457769448
13.232412847946321
13.273104447879666
13.313762144545125
13.35438483756644
13.394971439375722
13.4355208753646
13.476032084030635
13.51650401711703
13.556935639747149
13.597325930551285
13.637673881790269
13.677978499470488
13.71823880345609
13.75845382757278
13.798622619708778
13.83874424190853
13.878817770461518
13.91884229598705
13.958816923511609
13.998740772542606
14.038612977137703
14.078432685967563
14.118199062375203
14.157911284429547
