684.887376070161
681.5093647830051
678.6218310095678
676.1581310185908
674.0853225991708
672.3625689120715
670.9540773675333
669.8272671986823
668.9527406857874
668.3041136219324
667.8577807069539
667.5926586952663
667.4899313470664
667.5328080397533
667.706301807105
667.9970284295925
668.3930267808647
668.8835988581028
669.4591682561365
670.1111549228106
670.8318645976616
671.6143912587885
672.452530979461
673.3407057689575
674.273896226464
675.247582000729
676.2576889543113
677.3005423598074
678.3728252447726
679.4715414234589
680.5939825161876
681.7376986422723
682.9004722011441
684.0802945249659
685.2753449382254
686.4839720224536
687.7046769048535
688.9360982520557
690.1769987871272
691.4262531533678
692.6828371144886
693.9458177441653
695.2143446914263
696.4876422337273
697.7650021684997
699.0457773965788
700.3293761360167
701.6152567024322
702.9029228104382
704.191919279338
705.4818282286735
706.7722655893036
708.0628779602349
709.3533397644266
710.6433506738813
711.9326332775997
713.2209309565932
714.5080060046233
715.7936378525691
717.0776215046764
718.3597661067244
719.6398936456934
720.9178377678254
722.1934427039014
723.4665622917469
724.7370590862319
726.0048035489178
727.2696733094707
728.5315525027158
729.7903311219616
731.0459044927845
732.2981727487845
733.5470403537071
734.7924157065532
736.0342107230518
737.27234044668
738.5067228046156
739.7372782067065
740.9639293606958
742.1866009505029
743.4052194248613
744.6197128041618
745.8300104567576
747.036042925099
748.2377417578556
749.4350393643276
750.6278688440864
751.8161638818322
752.9998586162219
754.178887526721
755.3531853285639
756.522686875559
757.6873270695384
758.847040776561
760.0017627487423
761.1514275516042
762.2959694963001
763.4353225765244
764.5694204095971
765.6981961814703
766.82158259529
767.9395118164445
769.0519154488545
770.1587244713005
771.2598692054432
772.355279278836
773.444883590508
774.5286102785252
775.60638668974
776.6781393514532
777.7437939448535
778.8032752802077
779.8565072737434
780.9034129259301
781.9439143014814
782.977932516045
784.005387702009
785.0261990097073
786.0402845867484
787.0475615645329
788.0479460458608
789.0413530938389
790.0276967217243
791.0068898841376
791.978844469232
792.943471291928
793.9006800884009
794.8503795114153
795.792477126946
796.726879411762
797.6534917521165
798.5722184434486
799.48296269126
796.7997079561204
794.3404385533845
792.089914020187
790.0339297916219
788.1592438203779
786.4535075738715
784.9052015840224
783.5035755124735
782.2385925736944
781.1008780935481
780.0816719488463
779.1727846257472
778.3665566215661
777.6558209602708
777.0338685551714
776.494416205276
776.0315770121921
775.6398330225664
775.314009916784
775.0492535787287
774.8410083953879
774.6849971477396
774.5772023659456
774.5138490328197
774.4913885294077
774.5064837255283
774.5559951264702
774.6369679943622
774.7466203699303
774.8823319263073
775.041633592255
775.2221978876678
775.4218299184439
775.6384589825115
775.8701307424402
776.1149999238205
776.3713235016854
776.6374543403105
776.9118352544325
777.1929934610642
777.4795354010604
777.770141892426
778.063563605033
778.3586168286777
778.6541795159019
778.9491875810694
779.2426314385843
779.5335527644197
779.8210414661924
780.104233084439
780.3823054183289
780.6544767773382
780.9200032030859
781.1781769246174
781.428323682815
781.6698010449223
781.9019966237629
782.1243264119105
782.3362332237825
782.537185239024
782.726674641127
782.9042163456617
783.0693468130318
783.2216229411692
783.3606210341931
783.4859358438189
783.5971796813959
