0.00026904
0.00034275474277895376
0.00033726485109929866
0.00033209609434982465
0.00032729196609306943
0.00032283240008732823
0.00031868751923588265
0.000314828498504671
0.00031122941962753096
0.00030786728550986176
0.0003047217037592463
0.0003017745500358815
0.00029900966879214415
0.0002964126165859863
0.00029397044325777457
0.00029167150519585603
0.0002895053055422208
0.0002874623570166379
0.00028553406377763155
0.00028371261935505616
0.00028199091819444417
0.0002803624787667312
0.0002788213765356744
0.0002773621853534651
0.000275979926084154
0.00027467002144377674
0.0002734282562028904
0.00027225074202759
0.0002711338863436842
0.00027007436469958724
0.0002690690961796379
0.0002681152214836155
0.00026721008334225805
0.0002663512089842777
0.00026553629440911327
0.00026476319025261856
0.00026402988906096546
0.0002633345138120546
0.00026267530754429925
0.00026205062397031384
0.0002614589189682533
0.0002608987428566755
0.0002603687333701485
0.00025986760926267747
0.0002593941644745532
0.0002589472628056832
0.00025852583304494423
0.0002581288645107711
0.00025775540296315723
0.0002574045468516017
0.00025707544386736723
0.00025676728777177465
0.00025647931547524466
0.0002562108043444114
0.00025596106971696546
0.00025572946260593463
0.0002555153675769494
0.0002553182007836541
0.00025513740814788263
0.00025497246367250025
0.0002548228678759748
0.0002546881463387566
0.0002545678483524908
0.0002544615456638921
0.0002543688313058709
0.00025428931850916115
0.000254222639688301
0.0002541684454963656
0.00025412640394333616
0.00025409619957342917
0.00025407753269711674
0.0002540701186739262
0.00025407368724243804
0.0002540879818941952
0.0002541127592885112
0.0002541477887054165
0.000254192851534186
0.0002542477407951282
0.00025431226069246623
0.00025438622619634367
0.00025446946265211834
0.0002545618054152728
0.00025466309951037365
0.00025477319931266297
0.00025489196825094734
0.000255019278530568
0.00025515501087531776
0.0002552990542872684
0.0002554513058235339
0.0002556116703890839
0.0002557800605447772
0.0002559563963298502
0.00025614060509815504
0.0002563326213674956
0.00025653238668144345
0.0002567398494830869
0.0002569549650001871
0.00025717769514125937
0.0002574080084021399
0.00025764587978262195
0.0002578912907127894
0.0002581442289886835
0.000258404688716995
0.00025867267026846523
0.0002589481802397326
0.00025923123142336085
0.00025952184278582016
0.0002598200394531969
0.0002601258527044408
0.0002604393199719559
0.00026076048484937567
0.00026108939710635696
0.0002614261127102563
0.00026177069385455187
0.00026212320899389
0.0002624837328856454
0.000262852346637885
0.00026322913776364665
0.000263614200241436
0.0002640076345818552
0.00026440954790029063
0.00026482005399558066
0.00026523927343458017
0.0002656673336425708
0.00026610436899942555
0.000266550520941473
0.0002670059380689852
0.00026747077625921415
0.0002679451987849077
0.00026842937643822287
0.0002689234876599527
0.0002694277186739791
0.00026994226362685376
0.0002704673247324009
0.0002710031124212308
0.00027154984549503385
0.0002721077512855184
0.0002726770658178411
0.0002732580339783619
0.0002738509096865311
0.0002744559560707175
0.0002750734456477377
0.0002757036605058496
0.00027634689249092677
0.0002770034433955217
0.0002776736251504804
0.0002783577600187527
0.0002790561807909921
0.00027976923098252436
0.00028049726503119723
0.00028124064849560046
0.0002819997582530963
0.0002827749826970398
0.0002835667219325293
0.0002843753879699623
0.0002852014049156172
0.0002860452091584137
0.0002869072495519395
0.0002877879875907567
0.0002886878975799283
0.00028960746679662435
0.00029054719564257695
0.00029150759778607464
0.00029248920029208153
0.0002934925437389764
0.00029451818232030226
0.0002955666839298041
0.00029663863022792714
0.0002977346166878305
0.0002988552526188435
0.0003000011611651768
0.0003011729792775667
0.00030237135765539305
0.00030359696065669514
0.0003048504661733433
0.0003061325654685138
0.0003074439629734539
0.00030878537604038867
0.0003101575346482841
0.0003115611810580349
0.0003129970694135177
0.00031446596528480884
0.00031596864514974566
0.0003175058958098955
0.00031907851373687805
0.00032068730434489396
0.00032233308118523595
0.0003240166650584817
0.00032573888304002717
0.00032750056741458926
0.00032930255451532007
0.00033114568346318527
0.00033303078488245455
0.0003349587184811656
0.000336930325275338
0.000338946418616478
0.00034100783949783225
0.0003431154112663249
0.00034526994803438335
0.000347472252533812
