6.077653028196534
6.07628007763099
6.074941014355465
6.073632191164888
6.072351563741047
6.07109779542174
6.06986987686848
6.068666963813135
6.067488307043889
6.066333221330137
6.065201070769899
6.0640912610822495
6.063003234876144
6.061936468244473
6.060890468001261
6.059864769281088
6.058858933383349
6.057872545809272
6.05690521446479
6.0559565680117595
6.055026254353388
6.054113939241179
6.053219304991519
6.05234204930083
6.051481884148939
6.050638534781513
6.0498117387631085
6.049001244312766
6.048206812625446
6.0474282123353005
6.046665221988377
6.04591762854881
6.045185226751759
6.044467818492607
6.043765212250173
6.043077222541943
6.042403669409568
6.0417443779334645
6.041099177775126
6.0404679027463795
6.039850390404558
6.0392464816728895
6.03865602048532
6.038078853455168
6.037514829566777
6.036963799889658
6.03642561731433
6.035900136309143
6.035387212697345
6.034886703453736
6.034398466519961
6.033922360637771
6.0334582451993475
6.033005980113901
6.0325654256896435
6.032136442530281
6.031718891445213
6.031312633372589
6.030917529314256
6.030533440281897
6.0301602272535595
6.029797751139601
6.029445872757529
6.029104452814812
6.028773351898998
6.028452430474579
6.028141548885706
6.027840567364452
6.027549346043757
6.027267744974768
6.026995624147831
6.026732843516887
6.0264792630266255
6.026234742642161
6.025999142380764
6.025772322345286
6.025554142759078
6.025344464001922
6.025143146646931
6.0249500514980365
6.024765039627859
6.024587972415826
6.024418711586346
6.024257119246842
6.024103057925571
6.023956390609025
6.023816980778956
6.023684692448688
6.023559390198943
6.023440939212822
6.023329205310082
6.023224054980533
6.02312535541663
6.023032974545083
6.022946781057588
6.022866644440617
6.0227924350041455
6.022724023909508
6.022661283196187
6.022604085807616
6.022552305616023
6.022505817446215
6.022464497098435
6.02242822139667
6.02239686806861
6.022370316064425
6.022348445259805
6.022331136640419
6.022318272284019
6.0223097353766235
6.022305410227763
6.022305182284926
6.0223089381470345
6.022316565577189
6.022327953514513
6.022342992085208
6.02236157261283
6.0223835876277905
6.0224089308760975
6.022437497327372
6.022469183182129
6.022503885878395
6.022541504097612
6.022581937769921
6.022625088078743
6.022670857464804
6.022719149629521
6.022769869537803
6.022822923420254
6.022878218774871
6.022935664368211
6.022995170235967
6.02305664768309
6.02312000928344
6.023185168878935
6.023252041578263
6.023320543755147
6.023390593046179
6.023462108348248
6.023535009815594
6.023609218856455
6.023684658129367
6.023761251539098
6.02383892423223
6.023917602592471
6.023997214235584
6.024077688004071
6.0241589539615115
6.0242409433866895
6.02432358876742
6.024406823794127
6.024490583353162
6.024574803519935
6.024659421551803
6.0247443758807036
6.024829606105681
6.024915052985147
6.025000658428969
6.025086365490439
6.025172118358013
6.0252578623469315
6.025343543890695
6.025429110532403
6.02551451091593
6.025599694777031
6.025684612934301
6.025769217280019
6.025853460770945
6.025937297418942
6.026020682281555
6.026103571452574
6.026185922052375
6.026267692218327
6.02634884109507
6.026429328824764
6.026509116537251
6.026588166340225
6.026666441309295
6.026743905478101
6.02682052382827
6.026896262279489
6.0269710876794385
6.027044967793783
6.027117871296096
6.027189767757834
6.027260627638209
6.0273304222741775
6.027399123870308
6.0274667054887665
6.0275331410392035
6.027598405268744
6.027662473751923
6.027725322880661
6.027786929854287
6.027847272669513
6.027906330110481
6.027964081738856
6.028020507883893
6.028075589632576
