0.03908976592557905
0.022061960403872854
0.01301373155806953
0.008479483570179037
0.006278269467235751
0.005230540199699778
0.00474078504523627
0.004518506850419397
0.004424472939965417
0.004392592144654279
0.004391679807607348
0.004407085641203472
0.0044319523727818525
0.004463081485843597
0.0044989863160390334
0.00453897854016349
0.004582740974756241
0.004630128390316547
0.004681074818675412
0.004735550374357302
0.004793540972448626
0.004855038562948918
0.004920036155704
0.004988525008551084
0.005060492788290572
