1.9261136532888266
1.8714034729386706
1.8215822762779963
1.776098664600147
1.7345108332954504
1.696437359152195
1.6615430543695426
1.6295313436959673
1.6001386117720464
1.5731296543120616
1.5482939135070397
1.5254423290927925
1.5044046886802374
1.4850273802077167
1.4671714734190229
1.4507110724026098
1.4355318930332615
1.4215300282731487
1.4086108713871546
1.3966881726973248
1.3856832099044047
1.3755240555094121
1.3661449276766977
1.3574856131447033
1.3494909526278343
1.3421103806519197
1.3352975129956057
1.3290097759244504
1.323208072245452
1.3178564799103436
1.3129219794824303
1.308374207274857
1.3041852313846631
1.300329348200229
1.2967828973582407
1.293524093269465
1.29053287028805
1.2877907432735909
1.2852806791586968
1.2829869794864672
1.2808951729696314
1.2789919170835242
1.2772649078639413
1.2757027971738124
1.2742951167776762
1.2730322086282708
1.2719051608273213
1.2709057487739166
1.2700263810595742
1.2692600497099138
1.2686002844093833
1.2680411103782576
1.267577009600574
1.2672028851281916
1.266914028210089
1.2667060880176406
1.2665750437561867
1.266517178970954
1.2665290578715107
1.2666075035135766
1.2667495776903508
1.266952562397676
1.2672139427484441
1.26753139122178
1.2679027531417901
1.2683260332891502
1.2687993835565432
1.2693210915660902
1.2698895701734103
1.2705033477889516
1.2711610594527067
1.271861438603483
1.2726033094885267
1.2733855801635658
1.2742072360372547
1.2750673339176106
1.27596499652135
1.2768994074100954
1.277869806320227
1.278875484855756
1.2799157825159804
1.2809900830318803
1.2820978109820145
1.2832384286928558
1.2844114333466887
1.2856163543377164
1.2868527508274448
1.2881202094892776
1.2894183424291026
1.29074678526727
1.2921051953698308
1.2934932502162988
1.2949106459014053
1.296357095728611
1.2978323289496994
1.2993360895767607
1.3008681352937088
1.3024282364520747
1.3040161751448534
1.305631744352357
1.307274747154496
1.308944996004341
1.3106423120582322
1.3123665245580578
1.3141174702616816
1.3158949929178039
1.3176989427818384
1.319529176169654
1.321385555046277
1.3232679466468809
1.3251762231276047
1.3271102612439283
1.3290699420545242
1.3310551506486599
1.333065775895389
1.3351017102129081
1.3371628493565881
1.3392490922243034
1.341360340677814
1.3434964993790368
1.345657475640157
1.3478431792866135
1.3500535225320767
1.3522884198646146
1.3545477879433199
1.3568315455047322
1.3591396132784666
1.361471913911503
1.3638283719006634
1.3662089135328492
1.3686134668326728
1.3710419615171525
1.37349432895721
1.3759705021457371
1.3784704156720617
1.3809940057026757
1.383541209968154
1.3861119677562228
1.3887062199109952
1.3913239088384493
1.3939649785182613
1.3966293745221827
1.399317044039196
1.4020279359077559
1.4047620006554886
1.40751919054679
1.4102994596388412
1.4131027638466302
1.415929061017638
1.4187783110168994
1.4216504758231816
1.4245455196369916
1.427463409001013
1.4304041129332858
1.4333676030728633
1.436353853836607
1.4393628425837834
1.4423945497815314
1.445448959157661
1.4485260578150236
1.4516258362583736
1.454748288238578
1.4578934102236358
1.4610611993076008
1.4642516524386535
1.4674647572455601
1.4707004752159427
1.4739586889306848
1.4772389792561633
1.480681257130755
1.4841261235262275
1.4875752425017645
1.4910297074403809
1.494490463821674
1.4979583745382405
1.5014342337621192
1.50491877312506
1.5084126664861592
1.5119165342063308
1.5154309470830016
1.5189564299873997
1.5224934652293958
1.5260424956709084
1.529603927607002
1.5331781334322927
1.5367654541089197
1.5403662014510993
1.5439806602401236
1.5476090901826072
1.551251727723804
1.5549087877269143
1.5585804650284647
1.5622669358790755
1.5659683592782212
1.5696848782109258
1.573416620793738
1.5771637013367714
1.5809262213280728
1.5847042703461096
1.588497926905733
