8.54795052827993
8.552253780523886
8.55568513752471
8.558324946004005
8.560245870572214
8.561515276305741
8.562195781599703
8.562345559121564
8.562018531095413
8.561264702813004
8.560130346181943
8.558658252324596
8.556887961170643
8.554855981877324
8.55259600310265
8.550139092547152
8.547513885483527
8.544746762226664
8.541862014672757
8.538882002166735
8.53582729705145
8.532716820317438
8.529567967814813
8.526396727514003
8.523217788313504
8.520044640894
8.516889671111484
8.513764246409705
8.510678795715714
8.50764288326307
8.504665276766142
8.501754010346826
8.498916442592481
8.496159310101257
8.493488829812113
8.490910532157086
8.48842962227402
8.486050805257142
8.48377837519315
8.481616247926722
8.479567991221817
8.477636852526237
8.475825784527052
8.47413746866996
8.472574336802415
8.471138591088229
8.469832222330057
8.468657026825634
8.46761462187396
8.46670646003852
8.46593384226635
8.465297929953948
8.464799756043956
8.464440235229842
8.464220173339815
8.464140275965443
8.464201156395385
8.46440334290973
8.464747285486107
8.465233361964588
8.4658618837147
8.46663310084438
8.467547206987511
8.468604343703761
8.469804604521729
8.471148038653945
8.472634654409932
8.474264422331451
8.476037278072148
8.47795312504196
8.480011836835086
8.482213259458694
8.484557213378299
8.487043495394321
8.489671880363247
8.492442122775692
8.495353958202685
8.498407104620558
8.501601263623995
8.504936121536007
8.508411350422893
8.512026609021579
8.515781543508416
8.519675788503696
8.52370896754133
8.527880693786406
8.532190570618301
8.536638192153127
8.54122314372042
8.54594500229198
8.550803336868812
8.555797708821867
8.560927672303139
8.56619277421974
8.571592554772074
8.577126547561035
8.582794279770226
8.588595272319523
8.594529039993082
8.600595091543221
8.606792929771313
8.613122051586744
8.619581948044841
8.626172104364514
8.632891999926262
8.639741108251025
8.646718896960264
8.653824827717525
8.661058356151608
8.668418931761382
8.675905997802067
8.683518991152821
8.691257342165198
8.699120474491968
8.707107804895713
8.7152187430363
8.723452691236336
8.731809044223402
8.74028718884779
8.748886503774125
8.757606359145152
8.766446116215592
8.775405126953777
8.784482733608389
8.793678268237274
8.802991052194898
8.81242039557452
8.821965596600636
8.831625940966557
8.841400701111347
8.851289135429447
8.861290487405306
8.871403984664278
8.881628837929584
8.891964239873621
8.902409363849927
8.91296336248992
8.923625366145759
8.93439448115737
8.945269787917793
8.956250338706033
8.967335155250732
8.978523225980533
8.989813502907902
9.001204898081554
9.012696279528107
9.024286466585
9.035974224502606
9.047758258162279
9.059637204715946
9.071609624897794
9.083673992684552
9.095828682878977
9.108071956049274
9.120401940055807
9.132816607104612
9.145313744835022
9.1578909192914
9.170545426600162
9.183274228506644
9.196073864118192
9.208940325239785
9.221868873417632
9.234853736842405
9.247887702609722
9.26096124107454
9.274060856638888
9.287164991071283
9.300229420510867
9.31597482108721
9.331835980707714
9.347812419601455
9.363903716063446
9.380109453761348
9.396429214623824
9.41286257816854
9.429409121710027
9.446068420654644
9.462840048773499
9.47972357844159
9.49671858084492
9.513824626159034
9.531041283702178
9.548368122066083
9.565804709227022
9.583350612639475
9.601005399314575
9.618768635885168
9.636639888659184
9.654618723662844
9.67270470667496
9.690897403253597
9.709196378756095
9.727601198353375
9.746111427039388
9.764726629636407
9.78344637079681
9.802270215001936
9.821197726558504
9.840228469593018
