275.65572861014294
274.2007211431749
272.7494559016214
271.3016041277572
269.85732876041607
268.41687583366473
266.98050092753505
265.54845506931906
264.12098124756454
262.69831293720335
261.2806731307891
259.86827361343575
258.4613144320073
257.0599835422703
255.66445662028443
254.27489702243184
252.89145587667687
251.5142722866442
250.14347362990588
248.77917593237615
247.42148430175885
246.07049340443427
244.72628797186243
243.3889433243947
242.0585259022303
240.73509379503744
239.4186972634353
238.10937924705567
236.80717585525437
235.51211683771442
234.22422603316923
232.94352179529758
231.67001739549698
230.4037214027628
229.1446380412917
227.89276752671293
226.64810638204335
225.4106477345828
224.18038159502248
222.95729512004917
221.74137285970042
220.5325969906707
219.33094753669303
218.13640257703372
216.9489384440416
215.76852991059542
214.59515036819454
213.4287719963438
212.26936592379414
211.11690238211554
209.97135085200637
208.83268020267343
207.70085882455922
206.5758547556418
205.45763580149097
204.34616964922904
203.2414239755173
202.1433665427866
201.05196531472612
199.96718852464633
198.88900477159092
197.81738309706583
196.75229305937228
195.6937048021535
194.64158911755584
193.5959175041423
192.55666221966675
191.52379632882622
190.49729374611218
189.47712927389688
188.46327863589696
187.45571850616778
186.45442653378907
185.45938135673973
184.4705626374794
183.48795105793178
182.51152833397316
181.54127722133677
180.57718151816346
179.61922606448488
178.66739673884175
177.72168045221983
176.782065139493
175.84853974853877
174.921094227207
173.99971950830695
173.08440749277207
172.17515103115954
171.2719439036371
170.3747807985835
169.48365728995864
168.59856981355355
167.7195156422458
166.84649286037134
165.97950033731686
165.11853770042913
164.26360530733086
163.41470421772482
162.5718361647616
161.7350035260391
160.90420929429538
160.07945704785027
159.26075092084503
158.4480955733239
157.64149616119553
156.8409583061075
156.04648806526282
155.25809190120137
154.47577665156825
153.6995494988818
152.9294179403185
152.16538975752013
151.40747298643342
150.65567588718483
149.9100069139936
149.17047468512368
148.43708795287313
147.7098555736
146.98878647807962
146.2738896418059
145.565174052757
144.86264868424325
144.16632246430407
143.4762042457675
142.79230289366296
142.1146267888268
141.44318447858504
140.77798423082734
140.11903407708246
139.46634179312716
138.81991487072168
138.1797604881016
137.54588548032606
136.91829630964872
136.29699891423465
135.68199916260505
135.07330211919728
134.47091244558217
133.87483429627258
133.28507127900832
132.70162642446107
132.12450215750053
131.55370026892214
130.9892218875089
130.43106745244484
129.87923668611668
129.3337285673493
128.79454130512
128.2616723127999
127.73511818297256
127.21487466288045
126.70093663055248
126.19329807166545
125.69195205719421
125.19689072190519
124.70810524374818
124.22558582420159
123.7493216696256
123.2793009736775
122.81551090084147
122.3579375711254
121.90656604597393
121.46138031544655
121.02236328670627
120.58949677386241
120.16276148920822
119.74213703589017
119.32760190204422
118.91913345642836
118.51670794557873
118.12030049251196
117.72988509699185
117.34543463737452
116.96692087404146
116.5943144544254
116.2275849196285
115.86670071262928
115.51162918806962
115.1623366235949
114.8187882327616
114.4809538390471
114.14878545417379
113.82225026070111
113.50130970433645
113.18592397367253
112.87605225955016
112.57165281334582
112.2726829763075
111.97909920555458
111.69085710051846
111.40791143033677
111.13021616222238
110.85772449075237
110.59038886801162
110.32816103451974
110.07099205087063
109.81883233001153
109.57163167008946
109.32933928779002
109.09190385209635
