-0.2585584948496466
-0.1382319005330241
-0.13719914125921107
-0.13626743250617845
-0.13542725275412834
-0.13467168196817908
-0.13399446334764215
-0.13338971909121838
-0.1328519119684282
-0.13237584259658006
-0.13195664994048467
-0.13158980932333306
-0.13127112672466734
-0.13099672924879216
-0.13076305211399725
-0.1305668227718944
-0.1304050428821686
-0.13027496889362125
-0.13017409193216614
-0.1301001176102517
-0.1300509462624071
-0.1300246539967111
-0.13001947484425572
-0.13003378419163597
-0.13006608359986227
-0.13011498704714491
-0.13017920858335094
-0.13025755134449035
-0.1303488978529833
-0.13045220143267097
-0.1305664791083405
-0.13069080470701455
-0.13082430361671768
-0.13096614798286524
-0.13111555267337774
-0.1312717715910354
-0.13143409510637113
-0.1316018473391739
-0.13177438413283737
-0.13195109130666194
-0.13213138319308865
-0.13231470141511395
-0.1325005138665287
-0.13268831386041868
-0.13287761941692028
-0.1330679726659983
-0.13325893928807023
-0.1334501082644853
-0.13364109121907428
-0.1338315222631046
-0.13402105765398184
-0.13420937535993688
-0.13439617500095724
-0.13458117737534928
-0.13476412529788695
-0.13494477885626588
-0.13512292178539795
-0.13529835656865002
-0.13547090519595362
-0.13564040874387892
-0.1358067269258551
-0.13596973761117587
-0.13612933631228774
-0.1362854356431366
-0.13643796474641146
-0.13658686869288536
-0.13673210785632858
-0.13687365726270775
-0.1370115059198255
-0.13714565612887458
-0.13727612278023998
-0.13740293263896433
-0.13752612362128122
-0.13764574406701838
-0.13776185201055532
-0.1378745144539971
-0.13798380664632476
-0.13808981137079254
-0.1381926182442771
-0.1382923230314063
-0.1383890269757794
-0.13848283615072718
-0.13857386083197537
-0.13866221489385713
-0.13874801523079236
-0.1388313812054475
-0.13891243412521617
-0.13899129674286909
-0.13906809279752594
-0.13914294657019471
-0.1392159890026705
-0.13928732472569624
-0.13935709685299072
-0.13942542157539803
-0.13949242037127224
-0.13955821326103926
-0.13962291856659362
-0.13969851028711383
-0.13983800458050508
-0.13997061850312104
-0.14009653770162966
-0.14021594153429107
-0.1403290067872523
-0.14043590733558467
-0.140536814663093
-0.14063189778616028
-0.1407213226364622
-0.14080525347190995
-0.14088385109472087
-0.14095727379041914
-0.14102567705832716
-0.14108921356377482
-0.1411480330935817
-0.141202282515832
-0.14125210574423974
-0.14129764370805323
-0.14133903432732828
-0.14137641249411118
-0.14140991005943054
-0.14143965582601575
-0.14146577554690395
-0.14148839192932813
-0.14150762464418004
-0.14152359034036832
-0.14153640266398304
-0.1415461722821455
-0.1415530069107824
-0.14155701134632548
-0.14155828750115693
-0.14155693444204642
-0.14155304843146713
-0.14154672297173396
-0.14153804885125448
-0.1415271141928289
-0.1415140045037402
-0.14149880272731297
-0.14148158929554905
-0.14146244218304221
-0.14144143696140057
-0.14141864685444364
-0.14139414279367934
-0.14136799347405624
-0.14134026540977443
-0.14131102298989687
-0.14128032853396202
-0.141248242347056
-0.1412148227745094
-0.1411801262560194
-0.14114420737927513
-0.14110711893257216
-0.14106891195697097
-0.14102963579740826
-0.14098933815294143
-0.14094806512618294
-0.1409058612715422
-0.14086276964272307
-0.14081883183888474
-0.1407740880500758
-0.14072857710135442
-0.1406823364958921
-0.1406354024571816
-0.1405878099698213
-0.14053959281948453
-0.14049078363180317
-0.14044141390999276
-0.14039151407153314
-0.14034111348390158
-0.14029024049907995
-0.14023892248706055
-0.14018718586852902
-0.14013505614637045
-0.14008255793620286
-0.1400297149961423
-0.13997655025545527
-0.1399230858423033
-0.13986934311076754
-0.13981534266673612
-0.13976110439327358
-0.1397066474748782
-0.13965199042103502
-0.13959715108907403
-0.13954214670613996
-0.13948699389046126
-0.13943170867196175
-0.13937630651213273
-0.13932080232317315
-0.13926521048659726
-0.13920954487109066
-0.13915381884986192
-0.1390980453172728
-0.13904223670506127
-0.138986404997718
-0.13893056174783136
-0.13887471809027607
-0.13881888475642884
-0.13876307208759825
-0.138707290048057
-0.13865154823775688
-0.13859585590433857
-0.13854022195499663
