137.76354330436925
136.78917897648267
135.75420883760899
134.7194700131787
133.69566701440792
132.6845453938994
131.68596626883894
130.6994194908806
129.72435012068152
128.7602263862052
127.80655147370092
126.86286335842503
125.92873231399345
125.00375817722498
124.08756779255364
123.1798127013843
122.28016706643173
121.38832580756859
120.50400292540961
119.62692999113824
118.7568547836274
117.89354005724556
117.0367624258016
116.18631134987722
115.34198821635833
114.50360550033261
113.67098600070038
112.84396214187082
112.02237533480881
111.20607539147623
110.39491998739086
109.58877416762091
108.7875098920519
107.99100561622028
107.19914590440816
106.41182107204514
105.62892685477556
104.85036410182164
104.07603849151667
103.30586026709611
102.53974399102513
101.77760831630988
101.01937577339098
100.26497257135992
99.5143284122845
98.76737631776314
98.02405246655792
97.28429604258463
96.5480490924278
95.81525639167307
95.0858653194032
94.35982574026269
93.63708989354424
92.91761228879797
92.20134960750411
91.48826061038817
90.77830604999164
90.07144858814151
89.36765271799055
88.6668846903255
87.96911244386388
87.2743055392807
86.58243509672657
85.89347373661573
85.20739552347898
84.52417591269126
83.84379169989747
83.16622097297204
82.49144306635975
81.81943851765551
81.1501890262907
80.48367741420238
79.81988758836995
79.15880450511156
78.50041413603961
77.84470343558056
77.19166030997107
76.54127358764758
75.89353299095134
75.24842910907627
74.60595337219065
73.9660980266686
73.32885611137013
72.69422143491289
72.0621885538817
71.43275275192443
70.80591001968698
70.18165703554126
69.55999114706358
68.94091035322239
68.32441328723722
67.71049920007222
67.09916794452926
66.49041995990794
65.88425625720129
65.28067840479717
64.67968851465696
64.08128922894494
63.48548370708208
62.89227561319996
62.30166910397144
61.71366881679539
61.12827985831424
60.545507793243665
59.96535863349505
59.3878388275714
58.8129552502192
58.24071519231845
57.671126350994456
57.104196819935375
56.539935079900076
55.97834998940155
55.41945077555173
54.8632470250539
54.30974867532972
53.75896600576787
53.21090962908223
52.66559048276801
52.12301982064404
51.58320920447045
51.0461704956313
50.51191584687168
49.98045769407951
49.45180874810279
48.92598198659264
48.40299064586373
47.88284821276338
47.36556841654106
46.85116522071048
46.33965281489644
45.83104560665923
45.325358213289434
44.82260545356618
44.322802339472396
43.82596406786056
43.332106012062994
42.841243713440626
42.353392872864745
41.86856934212613
41.3867891152663
40.90806831982613
40.432423208006384
39.95987014773611
39.49042561364392
39.02410617792793
38.560928501120266
38.100909322741785
37.64406545184334
37.19041375742951
36.7399711587612
36.292754615533354
35.84878111792429
35.40806767651298
34.97063131206101
34.53648904515554
34.105657885710016
33.678154822319065
33.25399681146414
32.833200766566584
32.415783546884306
32.0017619462488
31.591152681638558
31.183972381585264
30.780237574409053
30.37996467627852
29.983169979091784
29.589869638174182
29.200079659788265
28.813815888451757
28.43109399405871
28.051929458799208
27.6763375638728
27.304333375990545
26.935931733660798
26.571147233253342
26.209994214837028
25.852486747785342
25.49863861614495
25.148463303762135
24.80197397916191
24.45918348017536
24.120104298310267
23.784748562861214
23.453128024755085
23.125254040128812
22.801137553636796
22.48078908148589
22.164218694197203
21.851435999094374
21.54245012251968
21.23726969178025
20.93590281682819
20.63835707168026
20.344639369152127
20.054756365671302
19.768713920809688
19.48651706202051
19.208170488004896
18.93367816069254
18.663043363717897
