3.4157113295675456
3.3257828516180568
3.2403193497074123
3.1591768342484325
3.0822053449044717
3.0092498886938843
2.9401515158509066
2.8747484409526693
2.812877171610396
2.754373618466234
2.699074164098608
2.6468166714323265
2.5974414154913514
2.550791925856454
2.506715730831654
2.4650649978982773
2.425697068383135
2.3884748872636927
2.3532673315940427
2.3199494431155303
2.288402572203977
2.2585144414188103
2.2301791375965494
2.2032970417248303
2.1777747058041466
2.153524685616113
2.130465337830854
2.1085205892589776
2.087619685335932
2.0676969241608396
2.048691381633168
2.0305466324659207
2.0132104711236702
1.9966346360520064
1.980774539940668
1.9655890082007736
1.951040027338596
1.9370925044732927
1.923714038871198
1.9108747060506985
1.8985468547446724
1.886704916786882
1.87532522980941
1.8643858724951432
1.8538665120176274
1.84374826321586
1.8340135589896642
1.824646031358554
1.8156304026001338
1.8069523858703116
1.798598594704376
1.7905564608032245
1.782814159520892
1.7753605424864933
1.7681850768144598
1.7612777903804804
1.7546292227060778
1.7482303807362287
1.7420726996690459
1.7361480076592641
1.730448494524289
1.7249666839141895
1.719695408630277
1.7146277887802963
1.7097572124817824
1.7050773188478154
1.7005819830109357
1.6962653029613575
1.6921215879948335
1.6881453485835398
1.6843312875002416
1.6806742920417581
1.6771694275596138
1.6738119304143322
1.6705972038032417
1.6675208127465084
1.6645784799756427
1.6617660822704248
1.659079647172712
1.6565153500138734
1.6540695111998132
1.6517385937050844
1.6495192007331028
1.6474080735056298
1.6454020891495968
1.643498258653961
1.6416937248733827
1.6399857605591783
1.6383717664012531
1.6368492690675978
1.635415919230464
1.634069489570563
1.6328078727525501
1.6316290793667507
1.6305312358334985
1.629512582267707
1.6285714703023075
1.6277063608700681
1.6269158219440014
1.6261985262371665
1.6255532488631061
1.6249788649585266
1.6244743472700813
1.6240387637073062
1.623671274863861
1.6233711315093007
1.62313767205359
1.622970319986564
1.6228685812944565
1.6228320418555353
1.6228603648167697
1.6229532879533402
1.6231106210126534
1.6233322430443933
1.6236180997180008
1.6239682006288294
1.6243826166291238
1.6248614770296554
1.6254049669395578
1.6260133245265898
1.6266868382804076
1.6274258442699137
1.6282307237467273
1.62910189898152
1.6300398323695808
1.6310450228026083
1.6321180029480196
1.633259336484409
1.6344696153278768
1.6357494568545623
1.637099501120573
1.638520408080002
1.6400128548017199
1.6415775322211537
1.6432151440938747
1.6449264020404766
1.6467120237216901
1.6485727300202813
1.6505092422646839
1.652522279464829
1.6546125555574964
1.6567807766625255
1.659027638351952
1.6613538229343945
1.6637599967572199
1.666246807529203
1.6688148816665846
1.6714648216656194
1.6741972035048776
1.6770125740807462
1.6799114486797337
1.6828943084913435
1.6859615981654221
1.6891137234180238
1.6923510486899467
1.6956738948622039
1.6990825370327676
1.7025772023590031
1.706158067970247
1.709825258955009
1.7135788464272896
1.7174188456764754
1.7213452144052346
1.7253578510597753
1.7294565932567245
1.7336412163107826
1.7379114318671574
1.7422668866426163
1.746707161278818
1.7512317693113462
1.7558401562576589
1.7605316988268818
1.7653057042541127
1.770161409761594
1.7750979821487893
1.780114517513075
1.785210041101226
1.7903835072997727
1.7956337997469012
1.800959731590372
1.806360045872857
1.8118334160516145
1.8173784466502865
1.822993674041459
1.8286775673582372
1.8344285295326943
1.8402448984586643
1.8461249482759832
1.852066890772901
1.8580688769030644
1.8641289984131013
1.8702452895765436
1.8764157290295171
1.8826382417033396
1.8889107008489285
1.8952309301476606
1.9015967059031287
1.9080057593080566
1.9144557787804548
1.9209444123629746
