85.30099304784288
33.99105516882333
34.01745299199061
34.014375028670074
34.00356548018885
33.98488451904789
33.96174339572812
33.93591851552956
33.9086058750891
33.88061176236661
33.852477895370725
33.824564545587656
33.79710665226203
33.77025210028252
33.7440882094048
33.71866018453118
33.69398416471856
33.67005640173021
33.64685986361876
33.624368890248824
33.60255254393177
33.58137699741416
33.560807218951986
33.54080813911353
33.521345466138804
33.502386238312745
33.483899162383004
33.46585482936506
33.44822580422497
33.43098667185912
33.41411399794762
33.3975862909747
33.381383906921215
33.3654889624173
33.349885219595265
33.33455797385487
33.31949395399488
33.304681207497524
33.29010899258156
33.27576766608385
33.261648606758065
33.24774410478901
33.234047288894
33.2205520358584
33.20725289714115
33.19414503611576
33.1812241547634
33.16848643991792
33.15592851037321
33.14354735593767
33.13134030639374
33.11930497988861
33.107439247977126
33.09574119974961
33.084209108746926
33.072841405897606
33.0616366520435
33.050593519669256
33.039710760105585
33.02898719393326
33.01842168754274
33.00801314211502
32.997760476282075
32.98766261289228
32.97771847171964
32.9679269550012
32.95828694134384
32.94879727460401
32.93945676476029
32.930264167460656
32.92121819505152
32.91231750208711
32.90356068381502
32.89494627661959
32.88647274938275
32.87813849859109
32.869941864887096
32.8618811025722
32.85395441139503
32.8461599079802
32.83849563929634
32.830959585583614
32.823549649789186
32.816263667306174
32.809099401182735
32.802054546203216
32.79512672458781
32.788313495684676
32.78161235034383
32.77502071608674
32.76853595440344
32.76215536798336
32.75587619465903
32.749695617353
32.74361076006416
32.73761869241799
32.731716428662466
32.72590093206234
32.72016911535232
32.71451784289974
32.70894393083562
32.70344415081699
32.698015235411
32.6926538683666
32.68735669824361
32.68212033207853
32.6769413432436
32.67181626745781
32.66674160751983
32.661713834874
32.65672938934042
32.65178468144454
32.64687609566829
32.641999986824445
32.63715268892073
32.63233050905581
32.627529731308385
32.62274662087926
32.61797742063019
32.613218356294624
32.6084656337612
32.60371544519976
32.598963962090366
32.594207345379864
32.58944174105081
32.584663279777445
32.57986808412101
32.57505226070957
32.570211909027435
32.56534311827097
32.56044196933608
32.555504532777846
32.55052687319361
32.50410192382834
32.52285417731825
32.54170843845662
32.56059266747279
32.579440668036014
32.59819162341356
32.61678970864171
32.63518373694854
32.65332683356238
32.67117614530653
32.68869255403761
32.70584042448374
32.722587354875884
32.73890395085561
32.75476361058458
32.770142319861556
32.78501846627677
32.79937265545445
32.81318755086565
32.82644771297148
32.83913945332171
32.851250701243416
32.862770874018885
32.87369075778957
32.88400239720024
32.89369899137514
32.902774801117395
32.91122505311278
32.91904586275405
32.92623415705828
32.93278759556686
32.93870451454077
32.9439838577583
32.948625124118735
32.9526283110673
32.9559938698761
32.95872265859563
32.96081590044748
32.96227514816021
32.96310224679767
32.963299299474656
32.96286864414318
32.96181282037065
32.96013454558117
32.95783669445542
32.95492227729684
32.951394418079744
32.94725634137566
32.94251135560973
32.93715427178548
32.93120561092243
32.924660319405966
32.91753058681598
32.90980261207854
32.90148858518436
32.892592051564094
32.88311655662522
32.87306563210893
32.8624427935201
32.851251528099084
32.839495290604674
32.82717748795038
32.81430147029495
32.80087051188041
32.78688778674723
32.772356327416695
32.75727896101491
