0.04223354968032247
0.04236035620527537
0.04248726898773364
0.0426142805586465
0.04274138288084268
0.04286856809646565
0.04299582868862144
0.043123157497891924
0.04325054770703095
0.043377992819125785
0.04350548663506958
0.04363302323183425
0.04376059694198233
0.04388820233455514
0.04401583419736196
0.04414348752064012
0.04427115748202716
0.0443988394327691
0.04452652888508211
0.04465422150058193
0.04478191307969665
0.044909599551981566
0.04503727696725935
0.04516494148751378
0.04529258937947045
0.04542021700780364
0.045547820828913205
0.045675397385220556
0.04580294329993735
0.045930455272264796
0.046057930072985226
0.04618536454041149
0.04631275557666269
0.046440100144237925
0.04656739526286229
0.046694638006581884
0.046821825501086684
0.04694895492124226
0.047076023488812825
0.04720302847036005
0.047329967175303286
0.04745683695412814
0.047583635196731686
0.047710359330893584
0.047837006820863226
0.04796357516605395
0.048090061899836396
0.04821646458842325
0.048342780829838915
0.04846900825296757
0.048595144516674155
0.04872118730899291
0.048847134346378815
0.04897298337301743
0.04909873216018914
0.04922437850568411
0.04934992023326447
0.04947535519217064
0.0496006812566689
0.04972589632563755
0.04985099832218899
0.04997598519332575
0.05010085490962814
0.050225605464971596
0.050350234876272014
0.05047474118325719
0.05059912244826308
0.050723376756053186
0.05084750221365983
0.05097149695024615
0.051095359116987406
0.051219086886970765
0.051342678455112485
0.051466132038091354
0.05158944587429786
0.05171261822379795
0.0518356473683107
0.0519585316111993
0.052081269277474404
0.05220385871380956
0.052326298288567684
0.05244858639183847
0.05257072143548584
0.05269270185320509
0.05281452610058921
0.05293619265520397
0.053057700016671316
0.05317904670676061
0.0533002312694874
0.05342125227121932
0.05354210830078874
0.05366279796961189
0.05378331991181401
0.05390367278436035
0.054023855267192576
0.054143866063370454
0.05426370389921827
0.05438336752447604
0.05450285571245487
0.05462216726019659
0.05474130098863701
0.05486025574277281
0.054979030391831725
0.05509762382944578
0.055216034973827294
0.055334262767947444
0.05545230617971713
0.055570164202169946
0.05568783585364687
0.055805320177982634
0.0559226162446933
0.05603972314916504
0.05615664001284364
0.05627336598342462
0.0563899002350437
0.056506241968467326
0.05662239041128292
0.0567383448180888
0.05685410447068332
0.056969668678253024
0.057085036777559564
0.05720020813312496
0.05731518213741527
0.0574299582110219
0.05754453580284067
0.05765891439024808
0.05777309347927471
0.05788707260477516
0.05800085133059443
0.058114429249730454
0.05822780598449223
0.058340981186653484
0.0584539545376014
0.05856672574847999
0.058679294560328096
0.058791660744211306
0.05890382410134754
0.05901578446322625
0.05912754169172036
0.05923909567919102
0.059350446348584655
0.05946159365352185
0.05957253757837795
0.059683278138354605
0.0597938153795425
0.05990414937897418
0.060014280244667186
0.06012420811565681
0.06023393316201823
0.06034345558487756
0.06045277561641159
0.06056189351983566
0.060670809589379475
0.06077952415025039
0.0608880375585839
0.060996350201380896
0.06110446249643136
0.06121237489222429
0.061320087867843286
0.061427601932847666
0.06153491762713874
0.06164203552081094
0.06174895621398744
0.06185568033664014
0.06196220854839355
0.06206854153831244
0.06217468002467301
0.06228062475471732
0.06238637650439067
0.062491936078061854
0.06259730430822617
0.06270248205519072
0.06280747020674222
0.06291226967779694
0.06301688141003259
0.06312130637150258
0.0632255455562318
0.06332959998379459
0.0634334706988744
0.06353715877080551
0.06364066529309646
0.06374399138293561
0.06384713818067876
0.06395010684931882
0.06405289857393792
0.06415551456114203
0.0642579560384783
0.06436022425383534
0.06446232047482692
0.06456424598815902
0.06466600209898117
0.06476759013022199
0.064869011421916
0.06497026733054309
0.06507135922811394
0.0651722885018026
0.06527305655295512
0.0653736647964124
0.06547411465975163
0.06557440758251787
