0.00438507
0.0043822909159860896
0.00437552274834848
0.004371379407094675
0.004368826665991619
0.004367221629789303
0.004366181348469392
0.004365477778429168
0.004364975124078491
0.0043645925319317335
0.004364281874221435
0.004364014516704373
0.004363773436836369
0.004363548528694506
0.004363333806116545
0.004363125736583282
0.004362922248687107
0.004362722140863681
0.004362524729163205
0.00436232963742309
0.004362136672273383
0.004361945748680427
0.004361756845598993
0.004361569979562652
0.004361385188962572
0.004361202524696049
0.0043610220446124994
0.004360843810224837
0.004360667884774118
0.0043604943321046375
0.004360323216026849
0.004360154599976753
0.0043599885468587575
0.004359825119005949
0.004359664378219789
0.004359506385868392
0.004359351203032965
0.004359198890698632
0.004359049509990312
0.004358903122457451
0.004358759790413867
0.004358619577341239
0.004358482548366687
0.004358348770826838
0.004358218314932595
0.004358091254550027
0.004357967668112013
0.004357847639682229
0.004357731260166131
0.00435761862868415
0.00435750985407623
0.0043574050564788
0.004357304368086671
0.004357207937762773
0.004357115925777728
0.004357028507263157
0.00435694586714996
0.0043568681918948185
0.004356795653741444
0.004356728383623631
0.004356666428036308
0.004356609685804012
0.004356557824683125
0.004356510187865323
0.004356465717959379
0.004356422945584682
0.004356380094360145
0.004356335321522897
0.004356287042631643
0.004356234223874516
0.004356176527314928
0.004356114277034648
0.0043560482558668125
0.004355979533854026
0.004355909237026133
0.004355838425586415
0.0043557680216564755
0.00435569878355458
0.00435563130877212
0.004355566051715359
0.004355503347527548
0.0043554434363921
0.004355386485104088
0.004355332604887344
0.004355281865612631
0.004355234306745059
0.004355189945639194
0.004355148783666413
0.004355110810710438
0.004355076008422928
0.00435504435256477
0.004355015814680892
0.004354991477117172
0.00435496974809784
0.00435495076820615
0.004354934609493043
0.004354920175961994
0.0043549090402875855
0.004354901009762557
0.004354895950181239
0.004354893959532003
0.004354894693856953
0.004354898124499123
0.004354904219326245
0.004354912943472398
0.004354924260481678
0.004354938133003792
0.0043549545232186475
0.004354973393098757
0.004354994704574441
0.004355018419640519
0.004355044500427727
0.004355072909252594
0.004355103608654077
0.004355136561421846
0.0043551717306191985
0.004355209079602347
0.004355248572037179
0.004355290171914074
0.004355333843561227
0.004355379551656691
0.004355427261239272
0.004355476937718479
0.004355528546883406
0.00435558205491083
0.004355637428372386
0.004355694634240952
0.004355753639896236
0.004355814413129605
0.004355876922148199
0.004355941135578342
0.004356007022468241
0.00435607455229012
0.004356143694941702
0.004356214420747104
0.0043562867004571714
0.004356360505249304
0.004356435806726773
0.0043565125769175475
0.004356590788272709
0.00435667041366442
0.004356751426383511
0.0043568338001366965
0.004356917509043439
0.004357002527632523
0.004357088830838295
0.004357176393996667
0.004357265192840843
0.00435735520349685
0.004357446402478818
0.0043575387666841105
0.00435763227338828
0.004357726900239864
0.004357822625255042
0.0043579194268122245
0.00435801728364648
0.004358116174843934
0.004358216079836063
0.0043583169783939675
0.0043584188506225734
0.004358521676954837
0.004358625438145907
0.0043587301152673
0.004358835689701081
0.004358942143134055
0.004359049457551975
0.004359157615233818
0.004359266598746057
0.004359376390937027
0.004359486974931318
0.004359598334124234
0.00435971045217635
0.004359823313008102
0.004359936900794487
0.0043600511970191946
0.004360166189842033
