0.0027194
0.00044995116490151614
0.00044220672925760455
0.0004370158391087961
0.0004327836891019798
0.0004295441072172585
0.0004270327283092989
0.00042510018529323044
0.000423635036310578
0.0004225525457310942
0.0004217871511270037
0.00042128732265236333
0.0004210119770428983
0.00042092793927786705
0.0004210081082030456
0.0004212301153213406
0.0004215753214282956
0.00042202806499592977
0.0004225750818639862
0.0004232050611814592
0.00042390829555885785
0.0004246764042315784
0.0004255021130418345
0.0004263790778584777
0.00042730174082076974
0.0004282652113255337
0.00042926517049467477
0.00043029778950425413
0.00043135966393926194
0.00043244775635915416
0.00043355934972885913
0.00043469200579578115
0.0004358435318943568
0.0004370119502469964
0.000438195473943725
0.00043939248492908147
0.00044060151383648485
0.00044182122398966683
0.0004430503974986209
0.0004442879230622377
0.00044553278314836186
0.00044678404609277764
0.0004480408557230605
0.00044930242555603925
0.0004505680308271348
0.00045183700307472214
0.00045310872444117466
0.0004543826231409089
0.00045565816893888215
0.00045693487029435073
0.00045821226949165994
0.00045948994057269665
0.0004607674863954131
0.0004620445361319566
0.0004633207429969862
0.00046459578232651953
0.000465869350075767
0.00046714116001520054
0.00046841094391048303
0.00046967844917728853
0.0004709434377796756
0.00047220568534161404
0.00047346498001601744
0.0004747211215549429
0.00047597392066986264
0.0004772231980823242
0.00047846878397680797
0.00047971051722986386
0.00048094824485514894
0.00048218182224819063
0.00048341111125604685
0.00048463598080020497
0.0004858563065549321
0.0004870719692330227
0.0004882828560482051
0.0004894888605018738
0.0004906898787791206
0.0004918858147668206
0.0004930765744052564
0.0004942620699765376
0.0004954422172836186
0.0004966169355474777
0.0004977861485351073
0.0004989497835584456
0.0005001077713601566
0.0005012600457427698
0.0005024065446901071
0.0005035472084511462
0.0005046819805297658
0.0005058108074168091
0.0005069336382852836
0.0005080504251794036
0.0005091611225487278
0.0005102656875810416
0.0005113640798447629
0.0005124562613524075
0.0005135421963635805
0.000514621851449048
0.000515695195368068
0.0005167621990298494
0.0005178228353599343
0.0005188770797050517
0.0005199249085591876
0.0005209663010489443
0.0005220012380994424
0.000523029702324617
0.0005240516783206132
0.000525067152328473
0.000526076112375377
0.0005270785482326622
0.0005280744513016513
0.00052906381462226
0.0005300466329455345
0.0005310229024386737
0.0005319926210633955
0.000532955787812144
0.0005339124041938106
0.0005348624723090994
0.0005358059959584588
0.0005367429804945296
0.000537673432602271
0.0005385973605424129
0.0005395147737152293
0.0005404256831298063
0.0005413301011034509
0.0005422280411712378
0.0005431195184208195
0.000544004549001646
0.0005448831505468606
0.0005457553419500329
0.0005466211434153428
0.0005474805762915968
0.0005483336632669193
0.0005106982517988205
0.0005108121771316387
0.0005110008955180251
0.0005112583923639732
0.0005115791152280072
0.0005119579471502503
0.0005123901762277254
0.0005128714638169215
0.0005133978133047896
0.0005139655410548925
0.0005145712487699004
0.0005152117986896847
0.0005158842911996738
0.000516586043445854
0.0005173145713374871
0.0005180675724682259
0.0005188429111041615
0.0005196386042493252
0.0005204528095583446
0.0005212838139569471
0.0005221300235304911
0.0005229899544870656
0.0005238622247330762
0.0005247455462957202
0.0005256387184594352
0.0005265406214464706
0.000527450210822411
0.0005283665119681543
0.0005292886155316085
0.0005302156730063752
0.0005311468923606382
0.0005320815347550916
0.0005330189107697264
0.0005339583774263027
0.000534899335085791
0.0005358412248954869
0.0005367835261889754
0.0005377257541444235
0.0005386674577261259
0.0005396082177361657
0.0005405476442531182
0.0005414853760795313
0.0005424210782562083
0.0005433544407429231
0.0005442851771243355
0.000545213023251643
0.0005461377358986837
0.0005470590918095322
0.0005479768866058048
0.0005489435034759372
0.0005498539850281351
0.0005507603988879139
0.0005516089720587689
0.000552506488650748
0.0005533995629904911
0.0005542880990017573
0.000555172013846571
0.0005560512373479441
0.0005569257120515715
0.0005577953930786008
0.0005586602486096863
0.0005595202603239258
0.0005603754247873181
0.000561225755472961
0.000562071286313152
0.0005629120775459764
0.0005637482262145521
