7.9162
9.35286091256873
9.344194579945887
9.334141517962584
9.323648177366236
9.313026964328952
9.302427960564623
9.291947699409826
9.281656833216081
9.271609074952204
9.261845407033645
9.252396786242139
9.24328615837798
9.234530038793855
9.226139774410104
9.218122558641843
9.21048225088722
9.203220040146931
9.196334983719838
9.189824445388943
9.183684452463725
9.177909987105991
9.172495224276652
9.167433726205305
9.162718601358154
9.158342634348829
9.15429839201639
9.150578309918478
9.147174762702813
9.14408012118926
9.141286798483408
9.138787287028745
9.136574188168147
9.13464023551042
9.132978313173568
9.131581469792154
9.130442929024952
9.129556097174847
9.128914568429387
9.128512128146097
9.128342754535701
9.128400619037807
9.128680085840479
9.12917570929316
9.129882233807177
9.130794588922823
9.131907887220304
9.133217420582564
9.13471865644268
9.136407233860755
9.138278959487192
9.140329803460174
9.142555895276178
9.144953519665568
9.147519112500028
9.15024925675243
9.153140678527073
9.156190243173514
9.159394951495061
9.162751936060134
9.166258457623028
9.169911901658429
9.173709775013023
9.17764970267634
9.181729424671483
9.185946793066433
9.190299769105243
9.194786420458176
9.199404918589497
9.20415353624122
9.209030645030744
9.214034713160176
9.219164303235154
9.224418070190596
9.22979475932089
9.235293204412011
9.240912325973014
9.246651129564222
9.252508704219801
9.258484220962023
9.264576931404857
9.270786166444474
9.277111335034418
9.28355192304305
9.290107492191254
9.296777679068057
9.303562194222406
9.310460821328912
9.317473416425818
9.324599907223261
9.331840292480262
9.339194641448541
9.346663093381766
9.354245857108616
9.361943210668093
9.369755501005816
9.37768314372985
9.385726622924711
9.393886491022343
9.402163368728825
9.41055794500555
9.419070977103743
9.427703290651136
9.436455779789876
9.445329407364024
9.454325205156298
9.46344427417219
9.472687784970878
9.482056978041578
9.491553164224172
9.501177725172976
9.51093211386243
9.52081785513352
9.530836546279437
9.54098985766913
9.551279533407572
9.561707392030788
9.572275327234207
9.582985308632672
9.59383938255008
9.604839672836723
9.615988381712313
9.62728779063197
9.638740261173323
9.650348235941493
9.662114239489325
9.674040879249784
9.686130846477054
9.69838691719275
9.710811953133483
9.72340890269526
9.736180801870548
9.749130775172807
9.762262036543403
9.775577890235196
9.789081731666606
9.802777048239841
9.816667420115916
9.83075652093918
9.845048118503232
9.859546075349279
9.874254349288126
9.889176993835331
9.904318158549478
9.919682089261775
9.935273128185214
9.951095713890457
9.967154381134643
9.983453760528782
9.999998578028224
10.016793654230119
10.033843903460381
10.051154332632011
10.068730039855728
10.086576212782303
10.104698126655508
10.123101142053057
10.141790702292191
10.160772330474948
10.18005162614764
10.19963426154719
10.219525977406622
10.23973257829006
10.26025992742729
10.281113941015988
10.302300581959496
10.323825853006184
10.345695789256341
10.367916450000733
10.390493909854925
10.413434249152235
10.436743543557931
10.460427852866541
10.4844932089439
10.50894560277576
10.53379097058414
10.559035178973543
10.584684009069347
10.610743139611477
10.637218128967453
10.664114396030753
10.691437199971379
10.71919161880844
10.747382526776583
10.776014570461228
10.80509214368093
10.834619361099211
10.864600030552483
10.895037624085816
10.925935247693555
10.957295609768462
10.989120988268928
11.021413196621957
11.05417349596771
11.08740275870681
11.12110121731187
11.155268329323427
11.189903090353887
11.22500374576487
11.260567804234084
