-948.2174076082979
-575.7121719659743
-577.0913695526929
-578.3308886842954
-579.4304126442183
-580.3902232587151
-581.2114567478047
-581.8960953847426
-582.4468993296975
-582.8673191595711
-583.1613996595648
-583.3336798479423
-583.389092914803
-583.3328691325896
-583.1704442226003
-582.9073750691185
-582.5492640857738
-582.1016929912255
-581.5701662691254
-580.960064186481
-580.276604931178
-579.5248152019144
-578.7095084350437
-577.8352697719142
-576.9064468449731
-575.9271454784388
-574.9012294478557
-573.8323235120524
-572.7238190121428
-571.5788814184821
-570.4004592927714
-569.1912942151591
-567.9539313028662
-566.6907300161976
-565.4038750091898
-564.0953868354851
-562.7671323657003
-561.4208348110284
-560.0580832798161
-558.680341820074
-557.2889579220845
-555.8851704721017
-554.4701171612867
-553.0448413640397
-551.6102985073
-550.1673619576451
-548.7168284564772
-547.259423135637
-545.7958041466492
-544.3265669367709
-542.8522482042372
-541.3733295638201
-539.8902409520799
-538.4033637997193
-536.9130339962674
-535.4195446700538
-533.9231506199869
-532.4240626904856
-530.9224639855637
-529.4185008816263
-527.9122892554975
-526.4039160262404
-524.8934410986501
-523.380899229747
-521.8663018235605
-520.3496386587118
-518.8308795523327
-517.3099759630387
-515.7868625350244
-514.2614585846604
-512.7336695307139
-511.20338826883204
-509.67050061838154
-508.1348704606419
-506.5963645640471
-505.05483837564856
-503.5101408696318
-501.96211559460136
-500.4106016675586
-498.85543471755983
-497.29644777201526
-495.7334720995678
-494.1663379975665
-492.59487553321065
-491.0189152371277
-489.4382887512314
-487.85282943250667
-486.26237291442834
-484.6667576278349
-483.0658252831462
-481.4594213158711
-479.8473952973938
-478.22960131304643
-476.6058983095128
-474.97615041356204
-473.34022722414545
-471.69800407981353
-470.04936230341474
-468.3941894259528
-466.7323793914461
-465.0638327445538
-463.3884568026657
-461.7061658140733
-460.016881103756
-458.3205312082262
-456.6170520007941
-454.9063868085018
-453.1884865219076
-451.46330969877135
-449.73082266261946
-447.99099959706183
-446.24382263661937
-444.48928195474787
-442.7273758496232
-440.9581108281723
-439.1815016887226
-437.39757218574465
-435.60635280461037
-433.80788425685483
-432.0022153149704
-430.18940344103953
-428.3695148650242
-426.5426182784781
-424.7088100041219
-422.86817724657925
-421.02082191849775
-419.1668551732546
-417.30639737209333
-415.43957812992437
-413.56653636801724
-411.6874203627329
-409.80238778808507
-407.9116057510964
-406.0152568032687
-404.1135154253482
-402.2065825727766
-400.2946633857083
-398.37797236966935
-396.4567334584836
-394.5311799865619
-392.60155463567787
-390.6681093647873
-388.73110532336347
-386.79081274764013
-384.8475108390078
-382.90148762386957
-380.95303979429184
-379.00247252887897
-377.05009929335984
-375.0962416204743
-373.1412288688136
-371.1853979603964
-369.2290930968351
-367.2726654540675
-365.3164728557387
-363.3608794254328
-361.4062552180597
-359.4529758308413
-357.50142199444184
-355.55197914491697
-353.60503697727387
-351.6609889815447
-349.7202319624063
-347.783165543466
-345.8501916574598
-343.92171402369553
-341.9981376141749
-340.07986810990406
-338.1673113489969
-336.26087276821573
-334.3609568396841
-332.4679665045331
-330.5823026052818
-328.70436331879245
-326.8345435916362
-324.97323457973187
-323.1208230905724
-321.27769105447413
-319.44421495276026
-317.62076532787177
-315.8077062537319
-314.0053948420975
-312.2141807617251
-310.4344057753757
-308.6664032960358
-306.91049796365496
-305.1670052435824
-303.4362310477806
-301.71847137978136
-300.0140120042333
-298.3231281417582
-296.64608418972574
-294.98313346942604
-293.3345179999924
-291.7004682993124
-290.08120321203944
-288.4769297647013
-286.88784304778767
-285.3141261245866
-283.75594996644077
-948.2174076082979
-575.7121719659743
-577.0913695526929
-578.3308886842954
-579.4304126442183
-580.3902232587151
-581.2114567478047
-581.8960953847426
-582.4468993296975
-582.8673191595711
-583.1613996595648
-583.3336798479423
-583.389092914803
-583.3328691325896
-583.1704442226003
-582.9073750691185
-582.5492640857738
-582.1016929912255
-581.5701662691254
-580.960064186481
-580.276604931178
-579.5248152019144
-578.7095084350437
-577.8352697719142
-576.9064468449731
-575.9271454784388
-574.9012294478557
-573.8323235120524
-572.7238190121428
-571.5788814184821
-570.4004592927714
-569.1912942151591
-567.9539313028662
-566.6907300161976
-565.4038750091898
-564.0953868354851
-562.7671323657003
-561.4208348110284
-560.0580832798161
-558.680341820074
-557.2889579220845
-555.8851704721017
-554.4701171612867
-553.0448413640397
-551.6102985073
-550.1673619576451
-548.7168284564772
-547.259423135637
-545.7958041466492
-544.3265669367709
-542.8522482042372
-541.3733295638201
-539.8902409520799
-538.4033637997193
-536.9130339962674
-535.4195446700538
-533.9231506199869
-532.4240626904856
-530.9224639855637
-529.4185008816263
-527.9122892554975
-526.4039160262404
-524.8934410986501
-523.380899229747
-521.8663018235605
-520.3496386587118
-518.8308795523327
-517.3099759630387
-515.7868625350244
-514.2614585846604
-512.7336695307139
-511.20338826883204
-509.67050061838154
-508.1348704606419
-506.5963645640471
-505.05483837564856
-503.5101408696318
-501.96211559460136
-500.4106016675586
-498.85543471755983
-497.29644777201526
-495.7334720995678
-494.1663379975665
-492.59487553321065
-491.0189152371277
-489.4382887512314
-487.85282943250667
-486.26237291442834
-484.6667576278349
-483.0658252831462
-481.4594213158711
-479.8473952973938
-478.22960131304643
-476.6058983095128
-474.97615041356204
-473.34022722414545
-471.69800407981353
-470.04936230341474
-468.3941894259528
-466.7323793914461
-465.0638327445538
-463.3884568026657
-461.7061658140733
-460.016881103756
-458.3205312082262
-456.6170520007941
-454.9063868085018
-453.1884865219076
-451.46330969877135
-449.73082266261946
-447.99099959706183
-446.24382263661937
-444.48928195474787
-442.7273758496232
-440.9581108281723
-439.1815016887226
-437.39757218574465
-435.60635280461037
-433.80788425685483
-432.0022153149704
-430.18940344103953
-428.3695148650242
-426.5426182784781
-424.7088100041219
-422.86817724657925
-421.02082191849775
-419.1668551732546
-417.30639737209333
-415.43957812992437
-413.56653636801724
-411.6874203627329
-409.80238778808507
-407.9116057510964
-406.0152568032687
-404.1135154253482
-402.2065825727766
-400.2946633857083
-398.37797236966935
-396.4567334584836
-394.5311799865619
-392.60155463567787
-390.6681093647873
-388.73110532336347
-386.79081274764013
-384.8475108390078
-382.90148762386957
-380.95303979429184
-379.00247252887897
-377.05009929335984
-375.0962416204743
-373.1412288688136
-371.1853979603964
-369.2290930968351
-367.2726654540675
-365.3164728557387
-363.3608794254328
-361.4062552180597
-359.4529758308413
-357.50142199444184
-355.55197914491697
-353.60503697727387
-351.6609889815447
-349.7202319624063
-347.783165543466
-345.8501916574598
-343.92171402369553
-341.9981376141749
-340.07986810990406
-338.1673113489969
-336.26087276821573
-334.3609568396841
-332.4679665045331
-330.5823026052818
-328.70436331879245
-326.8345435916362
-324.97323457973187
-323.1208230905724
-321.27769105447413
-319.44421495276026
-317.62076532787177
-315.8077062537319
-314.0053948420975
-312.2141807617251
-310.4344057753757
-308.6664032960358
-306.91049796365496
-305.1670052435824
-303.4362310477806
-301.71847137978136
-300.0140120042333
-298.3231281417582
-296.64608418972574
-294.98313346942604
-293.3345179999924
-291.7004682993124
-290.08120321203944
-288.4769297647013
-286.88784304778767
-285.3141261245866
-283.75594996644077
