16.161219648631445
16.161637957175063
16.161721578210347
16.161792870641836
16.161860101330483
16.161923629701594
16.161983628437483
16.162040275100317
16.162093752447884
16.162144244871754
16.162191935533897
16.162237004181357
16.162279625476582
16.1623199677788
16.162358192278454
16.162394452407046
16.162428893481355
16.16246165252896
16.162492858259153
16.162522631148253
16.162551083613845
16.16257832025682
16.162604438153785
16.16262952718553
16.16265367038977
16.162676944328535
16.162699419462463
16.162721160525688
16.162742226896437
16.162762672959374
16.162782548456796
16.162801898826437
16.162820765524298
16.16283918633149
16.1628571956444
16.16287482474796
16.16289210207196
16.16290905343067
16.16292570224611
16.162942069755545
16.162958175203762
16.16297403602086
16.162989667986274
16.163005085379762
16.163020301120152
16.163035326892597
16.163050173265106
16.16306484979509
16.16307936512662
16.163093727079044
16.163107942727713
16.163122018477342
16.16313596012864
16.163149772938688
16.163163461675726
16.163177030668624
16.163190483851675
16.163203824805016
16.163217056791073
16.16323018278744
16.16324320551643
16.16325612747171
16.16326895094219
16.1632816780335
16.163294310687252
16.16330685069829
16.16331929973014
16.16333165932885
16.163343930935355
16.163356115896534
16.163368215475057
16.163380230858202
16.163392163165685
16.16340401345666
16.163415782735942
16.163427471959547
16.1634390820396
16.163450613848724
16.163462068223943
16.163473445970105
16.163484747862974
16.163495974651937
16.16350712706242
16.163518205798024
16.163529211542418
16.163540144961043
16.163551006702583
16.1635617974003
16.16357251767319
16.163583168127055
16.163593749355414
16.163604261940307
16.163611506255105
16.163616426420575
16.1636197124821
16.163621849558144
16.1636231785034
16.163623938896592
16.163624299179038
16.163624377800762
16.16362425806907
16.16362399858079
16.16362364055479
16.163623212987147
16.163622736276338
16.16362222477278
16.163621688572206
16.163621134777102
16.163620568384157
16.163619992908508
16.163619410822978
16.163618823867026
16.16361823326416
16.16361763987486
16.163617044304214
16.163616446977592
16.163615848193924
16.163615248163193
16.163614647032777
16.16361404490602
16.163613441855272
16.16361283793109
16.16361223316868
16.16361162759246
16.163611021219257
16.16361041406054
16.163609806124036
16.16360919741481
16.16360858793608
16.16360797768974
16.16360736667677
16.163606754897508
16.16360614235182
16.163605529039266
16.163604914959173
16.163604300110705
16.163603684492927
16.16360306810481
16.163602450945273
16.163601833013207
16.16360121430747
16.163600594826896
16.163599974570307
16.163599353536515
16.163598731724328
16.16359810913255
16.163597485759976
16.1635968616054
16.163596236667615
16.16359561094542
16.163594984437605
16.16359435714296
16.16359372906027
16.163593100188333
16.163592470525927
16.16359184007184
16.16359120882487
16.1635905767838
16.163589943947407
16.163589310314496
16.16358867588384
16.163588040654233
16.163587404624458
16.163586767793294
16.16358613015953
16.16358549172195
16.16358485247934
16.163584212430482
16.163583571574165
16.163582929909158
16.163582287434252
16.16358164414823
16.163581000049874
16.163580355137963
16.163579709411277
16.163579062868596
16.163578415508702
16.163577767330374
16.163577118332384
16.163576468513522
16.163575817872566
16.163575166408283
16.163574514119453
16.163573861004863
16.163573207063283
16.16357255229349
16.163571896694258
16.163571240264368
16.16357058300259
16.163569924907694
16.163569265978467
16.163568606213676
16.163567945612094
16.163567284172498
16.163566621893658
16.163565958774345
16.163565294813335
16.163564630009404
16.163563964361316
16.163563297867846
