2.64233860498908
2.635024228443733
2.6276086910836955
2.620118240929227
2.612578786636622
2.605015491199911
2.5974526036445185
2.589913343783049
2.5824198108627363
2.5749929112784584
2.567652304133874
2.560416363665366
2.553302157297066
2.5463254378543208
2.5395006483038727
2.5328409373160854
2.5263581839471776
2.5200630298032376
2.513964917157527
2.508072131633542
2.5023918482254555
2.4969301795938272
2.4916922257391443
2.486682124312221
2.481903100964386
2.4773575192689012
2.473046929856996
2.46897211850701
2.4651331530041163
2.461529428652033
2.45815971236859
2.4550221853355834
2.4521144842017706
2.449433740857715
2.4469766208140906
2.4447393602223055
2.442717801579267
2.4409074281577308
2.4393033972010256
2.4379005719166744
2.436693552298302
2.4356767047996786
2.4348441908792235
2.4341899944281593
2.4337079480908996
2.43339175848245
2.433235030304581
2.4332312893604633
2.4333740044662266
2.4336566082575906
2.4340725168901605
2.434615148633202
2.435277941358522
2.436054368928438
2.43693795648963
2.437922294682707
2.439001053198685
2.4401679913513457
2.4414169711384095
2.442741966119888
2.444137070713077
2.4455965082906674
2.447114638355949
2.4486859628297215
2.4503051314856745
2.4519669465727887
2.45366636666468
2.4553985097768942
2.4571586557938176
2.4589422482472694
2.4607448954888507
2.4625623712978872
2.464390614715339
2.4662257304064417
2.468063987050922
2.469901816356845
2.471735811447656
2.47356272491679
2.475379466584323
2.477183100986285
2.4789708446313172
2.480740063047953
2.4824882676536997
2.4842131124694995
2.4859123907033474
2.4875840312248365
2.4892260949507268
2.4908367711599797
2.4924143737551736
2.4939573374856514
2.495464214146368
2.496933668765016
2.4983644757887356
2.4997555152804876
2.5011057691340675
2.5024143173156603
2.50368033413887
2.504903084579244
2.5060819206334974
2.5072162777278635
2.5083056711793104
2.5093496927127257
2.5103480070366073
2.511300348479271
2.5122065176871438
2.5130663783862865
2.513879854207922
2.514646925578458
2.51536762667418
2.5160420424405707
2.5166703056760125
2.5172525941794426
2.5177891279614126
2.5182801665178696
2.5187260061659003
2.5191269774406178
2.5194834428560795
2.5197957934962454
2.5200644475304532
2.5202898475272346
2.520472458143635
2.5206127638703406
2.5207112627762083
2.5207684766863054
2.520784936598296
2.5207611848727463
2.5206977732414875
2.5205952608728515
2.520454212488516
2.520275196531546
2.520058783385354
2.519805543643416
2.5195160464296342
2.519190861878832
2.5188305470742365
2.51843565716962
2.518006739633485
2.5175443328278573
2.5170489646344576
2.516521151132821
2.51596139533073
2.515370185947366
2.5147479962496524
2.514095282942269
2.5134124851118367
2.51270002322579
2.5119582981864284
2.5111876904406514
2.5103885591458446
2.509561241392371
2.508706051483077
2.507823280270182
2.506913194549864
2.505976036514807
2.5050120232648885
2.5040213463761276
2.5030041715279325
2.5019606381885855
2.5008908593588264
2.4997949213732977
2.4986728837594945
2.497524779153784
2.4963506132739304
2.4951503649474662
2.4939239861951217
2.492671402368431
2.4913925123405143
2.4900871887489124
2.488755278289273
2.4873966020585274
2.486010955946164
2.4845981110720308
2.4831578142690636
2.481689788609207
2.480193733970731
2.4786693276450618
2.477116224981337
2.475534060065633
2.4739224464354095
2.4722809778235066
2.4706092289322057
2.4689067562340563
2.4671730987974336
2.465407779134564
2.463610304069759
2.4617801656255995
2.459916841924806
2.458019798105544
2.4560884872479436
2.4541223513096373
2.4521208220681396
2.4500833220679454
2.44800926557028
2.4458980595034516
2.4437491044118556
2.44156179540171
2.4393355230816822
2.437069674496642
2.4347636340528265
2.432416784432814
