2.3185827329795257
5.909383190583172
5.926591648179697
5.943071671574601
5.958923318437408
5.974152720491296
5.988767518022383
6.002778972167686
6.016201586591616
6.029052647166609
6.0413517007036015
6.053120334942295
6.064381393421035
6.075158811553898
6.085477194442341
6.0953614784127215
6.104836646822744
6.113927477602202
6.122658330501631
6.131052970561318
6.139134425244862
6.146924872301868
6.154445555227094
6.161716723121644
6.168757591818998
6.175586323269462
6.1822200203662145
6.188674734625466
6.194965484372116
6.2011062813392845
6.207110163835781
6.212989234876689
6.21875470389118
6.224416930836975
6.229985471728855
6.235469124763537
6.240875976367915
6.246213446629991
6.251488333686205
6.256706856728784
6.261874697390576
6.266997039323974
6.272078605855533
6.277123695642845
6.282136216302062
6.287119716002803
6.2920774130572275
6.297012223545513
6.301926787039289
6.306823490492698
6.311704490380335
6.316571733168251
6.321426974203822
6.326271795116088
6.331107619814637
6.33593572917478
6.340757274500521
6.345573289840539
6.350384703247885
6.355192347052444
6.359996967225637
6.364799231902733
6.36959973913426
6.3743990239201676
6.379197564595159
6.383995788609002
6.388794077761419
6.393592772933332
6.39839217835735
6.403192565474776
6.4079941764070405
6.412797227084389
6.4176019100578054
6.422408397025999
6.427216841105582
6.432027378863093
6.436840132139493
6.441655209681121
6.446472708598686
6.451292715671262
6.456115308508203
6.460940556589412
6.465768522188147
6.470599261194412
6.4754328238472585
6.480269255385826
6.48510859662678
6.489950884476286
6.494796152385494
6.499644430751935
6.504495747276502
6.509350127277843
6.568712008983654
6.5729397453194265
6.577210302433472
6.5815128604808635
6.5858398018834095
6.590185759347114
6.594546948464725
6.598920698957927
6.603305125089399
6.607698893756489
6.612101061233553
6.6165109581947705
6.62092810872177
6.625352173238612
6.629782908299251
6.634220138249131
6.638663735252706
6.643113605215744
6.647569677862476
6.652031899741562
6.656500229296458
6.66097463338849
6.665455084847214
6.669941560743843
6.674434041171281
6.678932508387582
6.6834369462083405
6.68794733958089
6.692463674282152
6.696985936705864
6.701514113712835
6.706048192524696
6.710588160648187
6.715134005823081
6.719685715983509
6.724243279232009
6.728806683818973
6.733375918130939
6.737950970678601
6.7425318300913135
6.747118485110601
6.751710924586646
6.756309137475654
6.760913112836188
6.7655228398289315
6.770138307714424
6.774759505851138
6.779386423695446
6.7840190507994675
6.788657376812194
6.7933013914755715
6.797951084626248
6.802606446193642
6.807267466199651
6.81193413475719
6.816606442070641
6.82128437843436
6.8259679342317625
6.830657099935676
6.835351866106419
6.840052223392387
6.844758162527573
6.849469674333468
6.854186749716572
6.858909379667921
6.863637555263095
6.868371267661086
6.8731105081041
6.8778552679164235
6.882605538504156
6.887361311355292
6.892122578037015
6.89688933019759
6.901661559563764
6.906439257942284
6.911222417217003
6.916011029350041
6.920805086380146
6.925604580423002
6.930409503669718
6.935219848387525
6.940035606918101
6.944856771677185
6.949683335154919
6.954515289914137
6.959352628590795
6.964195343892391
6.969043428598596
6.973896875560481
6.978755677699124
6.983619828006045
6.988489319542263
6.993364145438081
6.99824429889259
7.003129773172207
7.008020561611688
7.01291665761331
7.017818054644973
7.022724746241251
7.027636726003121
7.032553987595643
7.037476524749551
7.0424043312599505
7.047337400984778
7.052275727846832
7.057219305830901
7.062168128984924
7.067122191418501
