-3.922504033810526
-3.7218844926267503
-3.7260701426553418
-3.730272954455244
-3.7343938067891247
-3.7383942954855875
-3.7422623860040227
-3.7459974171154546
-3.749603538395572
-3.753086818833605
-3.756453961461418
-3.759711727804082
-3.7628666813323806
-3.7659250773735713
-3.7688928220766296
-3.7717754647752963
-3.774578206657453
-3.7773059172881425
-3.779963154548833
-3.7825541856082534
-3.785083007605419
-3.7875533673286053
-3.7899687795369084
-3.792332543777347
-3.7946477595921713
-3.796917340315571
-3.7991440254158646
-3.8013304202700864
-3.8034788906563364
-3.8055917463034468
-3.8076711316420537
-3.8097190627928854
-3.81173743430712
-3.8137280253408776
-3.815692505443578
-3.8176324399571846
-3.819549295056531
-3.821444442621817
-3.823319164793379
-3.8251746584377586
-3.827012039398851
-3.8288323466395653
-3.830636546244957
-3.832425535345409
-3.8342001458699126
-3.835961148269871
-3.8377092550921423
-3.8394451244490586
-3.841169363372898
-3.8428825311072012
-3.84458514221027
-3.8462776695948167
-3.8479605474188867
-3.849634173860885
-3.851298913763705
-3.8529551011366503
-3.8546030415530166
-3.8562430144178492
-3.8578752750606435
-3.8595000567457034
-3.8611175725694498
-3.8627280171604332
-3.864331568350077
-3.8659283886693347
-3.8675186267339603
-3.869102418583572
-3.8706798888125844
-3.872251151722773
-3.873816312281232
-3.8753754670748815
-3.8769287051035537
-3.878476108583254
-3.8800177535921203
-3.8815537107206795
-3.8830840456259437
-3.884608819519699
-3.886128089652667
-3.8876419096782695
-3.8891503300492434
-3.890653398330201
-3.892151159471557
-3.89364365607615
-3.8951309286210183
-3.8966130156590544
-3.898089953987607
-3.899561778799575
-3.9010285238435145
-3.9024902214952117
-3.903946902917883
-3.9053985981059034
-3.906845335992277
-3.9082871444990896
-3.909724050619725
-3.911156080446705
-3.9125832592332883
-3.914005611443103
-3.91542316075118
-3.916835930115456
-3.918243941776124
-3.919647217289157
-3.921045777554157
-3.922439642818076
-3.9238288327082134
-3.9252133452590026
-3.926593261820105
-3.927968537315008
-3.9293392099843865
-3.9307052965292715
-3.9320668131162533
-3.933423775379246
-3.934776198414799
-3.936124096822617
-3.937467484672864
-3.938806375561559
-3.94014078258968
-3.9414707183787865
-3.942796195089555
-3.9441172244221177
-3.945433817631403
-3.9467459855304963
-3.9480537385000183
-3.9493570865094902
-3.9506560391056063
-3.9519506054487628
-3.9532407942891563
-3.9545266140064204
-3.955808072606783
-3.9570851777325085
-3.958357936659204
-3.9596263563291627
-3.9608904433546264
-3.962150204006104
-3.9634056442396237
-3.964656769708864
-3.9659035857624128
-3.967146097467792
-3.968384309602631
-3.9696182266755917
-3.9708478529294475
-3.972073192358757
-3.97329424870695
-3.974511025486765
-3.97572352598023
-3.976931753244207
-3.978135710136605
-3.979335399304212
-3.9805308232057164
-3.981721984105277
-3.9829088840954316
-3.9840915251021207
-3.985269908886787
-3.9864440370514616
-3.9876139110609743
-3.9887795322419413
-3.9899409017786795
-3.9910980207468016
-3.992250890100244
-3.9933995106756326
-3.9945438832254014
-3.995684008393087
-3.9968198867403912
-3.9979515187453316
-3.999078904820464
-4.000202045296417
-4.001320940454162
-4.0024355905171545
-4.003545995654471
-4.004652156007178
-4.005754071662629
-4.006851742680583
-4.007945169115962
-4.009034350975976
-4.010119288271325
-4.011199981001696
-4.0122764291638155
-4.013348632750985
-4.014416591775268
-4.015480306243902
-4.01653977620683
-4.017595001704629
-4.0186459828298
-4.019692719691687
-4.020735212440553
-4.02177346126348
-4.022807466399687
-4.023837228119314
-4.024862746763907
-4.02588402271088
-4.026901056416533
-4.0279138483803925
-4.0289223991851415
-4.0299267094747835
-4.030926779963568
-4.031922611455839
-4.032914204818516
-4.0339015610034545
-4.03488468105882
-4.035863566109398
-4.0368382173788815
-4.037808636178381
