5.092395476311439
5.148578146318439
5.202701318228886
5.254786653687657
5.304868473692005
5.352992255788751
5.399213076664767
5.443594054008011
5.486204826204129
5.527120101305431
5.56641829965066
5.604180307994548
5.640488356154556
5.6754250225074045
5.709072369354445
5.741511205609385
5.772820471257824
5.803076735849596
5.832353801807849
5.860722402461565
5.888249984330277
5.915000563209596
5.941034643929998
5.966409194205647
5.991177663683682
6.015390040088074
6.039092935178472
6.062329694076517
6.085140522322776
6.107562625797054
6.129630359350746
6.151375380654491
6.172826806354048
6.1940113681519
6.214953566893078
6.235675823134697
6.256198623023832
6.276540658602573
6.2967189619074295
6.316749032437774
6.336644957739628
6.356419526991331
6.3760843375908705
6.395649894834621
6.415125704847518
6.434520360978254
6.453841623912743
6.473096495787162
6.492291288600355
6.511431687236114
6.53052280741024
6.549569248856732
6.568575144062802
6.5875442028549065
6.60647975312798
6.625384777998516
6.644261949649324
6.663113660120294
6.681942049285537
6.700749030243131
6.719536312329725
6.73830542195839
6.757057721464662
6.77579442613274
6.794516619561327
6.813225267516671
6.831921230409086
6.85060527451857
6.869278082085037
6.887940260369286
6.906592349781991
6.925234831169768
6.9438681323397144
6.962492633896719
6.981108674461263
6.999716555329351
7.0183165446305855
7.036908881035288
7.055493777056766
7.074071421990503
7.092641984528087
7.111205615079985
7.129762447838012
7.148312602605249
7.1668561864184355
7.185393294985332
7.203924013957275
7.222448420055067
7.240966582064443
7.259478561715739
7.277984414460751
7.296484190158435
7.296446227957021
7.296421736450527
7.296410703985796
7.2964131191068375
7.296428970498902
7.296458246949076
7.2965009373185525
7.296557030523131
7.296626515519491
7.296709381295568
7.296805616863792
7.296915211256347
7.297038153521879
7.297174432723181
7.297324037935611
7.297486958245986
7.297663182751846
7.297852700560948
7.298055500790941
7.29827157256917
7.2985009050325385
7.2987434873274655
7.298999308609854
7.299268358045106
7.299550624808154
7.29984609808349
7.300154767065233
7.300476620957175
7.300811648972844
7.301159840335564
7.301521184278518
7.301895670044818
7.30228328688756
7.302684024069887
7.303097870865049
7.30352481655647
7.303964850437799
7.304417961812966
7.304884139996247
7.305363374312307
7.30585565409626
7.306360968693718
7.306879307460841
7.307410659764385
7.3079550149817525
7.308512362501033
7.309082691721051
7.309665992051404
7.31026225291251
7.310871463735645
7.311493613962978
7.312128693047615
7.312776690453631
7.313437595656104
7.314111398141153
7.314798087405968
7.315497652958838
7.316210084319184
7.316935371017588
7.317673502595822
7.318424468606868
7.31918825861495
7.3199648621955555
7.320754268935458
7.32155646843274
7.322371450296813
7.323199204148437
7.32403971961974
7.324892986354238
7.325758994006846
7.326637732243901
7.327529190743171
7.328433359193872
7.329350227296679
7.330279784763739
7.331222021318684
7.332176926696637
7.333144490644226
7.334124702919589
7.335117553292385
7.336123031543794
7.337141127466537
7.338171830864861
7.3392151315545675
7.340271019362992
7.341339484129023
7.342420515703104
7.343514103947227
7.3446202387349375
7.3457389099513355
7.346870107493071
7.3480138212683475
7.349170041196921
7.350338757210093
7.351519959250709
7.352713637273154
7.353919781243351
7.355138381138754
7.356369426948343
7.3576129086726185
7.358868816323595
7.360137139924786
7.361417869511217
7.362710995129393
7.364016506837304
7.365334394704413
7.3666646488116445
7.368007259251377
