19.486
17.518872788684412
17.47613977748715
17.444376508718275
17.42160000979656
17.406463688872844
17.397960582888718
17.39528749959034
17.3977786529287
17.404869888623587
17.416076957562492
17.430980723744113
17.44921617277794
17.470463773870026
17.49444247222127
17.52090390782494
17.549627604738127
17.580416950010296
17.613095824324375
17.64750577430179
17.68350363655067
17.720959539117313
17.759755218531797
17.799782600881617
17.840942603792694
17.883144123309755
17.926303175395542
17.970342193306248
18.01518931539899
18.060777965946603
18.107046342178222
18.153937030122886
18.20139666284054
18.24937562155356
18.297827772272097
18.346710231671437
18.39598315704817
18.445609556149574
18.49555511329049
18.54578802898494
18.596278870716777
18.64700043304125
18.697927605537934
18.749037247499995
18.800308068450448
18.851720513892946
18.90325665576973
18.95490008731368
19.006635822063945
19.05845019692502
19.11033077913411
19.16226627715005
19.214246455414564
19.266262052999977
19.318304706142392
19.370366874660238
19.4224417722648
19.474523300738223
19.5266059879228
19.578684929516772
19.630755734593965
19.68281447473312
19.734857636731537
19.786882078729086
19.838884989650214
19.890863851854903
19.942816406790403
19.99474062359357
20.04663467039609
20.098496888261735
20.150325767527704
20.202119926469265
20.253878092058358
20.305599082733725
20.357281792992264
20.408925179668373
20.460528249791125
20.512090049837564
20.563609656320295
20.615086167542014
20.666518696424657
20.717906364320903
20.769248295694076
20.820543613587496
20.87179143579433
20.922990871653674
20.97414101941912
21.025240964087832
21.07628977571098
21.12728650804178
21.178230197551233
21.22911986271565
21.279954503575112
21.330733101491674
21.38145461911146
21.43211800048655
21.48272217131381
21.53326603932147
21.583748494722318
21.63416841076303
21.684524644336683
21.734816036640577
21.785041413887154
21.83519953057415
21.88528935802529
21.935309508625696
21.985258814251598
22.03513603761801
22.084939931137693
22.1346692377049
22.18432269148285
22.23389901870463
22.283396938433643
22.332815163351203
22.38215240050011
22.431407352031826
22.48057871593922
22.529665186769606
22.578665456327496
22.627578214359346
22.67640214922296
22.725135948548782
22.773778299871143
22.82232789126309
22.87078341193331
22.91914355283083
22.9674070072203
23.015572471244436
23.063638644469208
23.111604230427467
23.159467937136416
23.20722847759507
23.25488457028349
23.302434939641532
23.34987831652893
23.39721343868131
23.444439051141895
23.491553906690925
23.53855676625465
23.585446399308836
23.632221584260797
23.67888110882967
23.725423770404294
23.771848376394235
23.818153744574868
23.86433870340787
23.910402092362496
23.956342762215726
24.00215957535128
24.047851406041985
24.0934171407202
24.13885567823835
24.18416593012567
24.229346820827274
24.27439728792889
24.319316282390037
24.36410276874599
24.408755725309174
24.453274144370926
24.49765703237207
24.541903410084245
24.586012312770855
24.629982790346663
24.673813907516152
24.717504743920617
24.7610543942624
24.80446196842541
24.847726591593663
24.890847404345898
24.933823562758974
24.976654238502586
25.019338618902957
25.06187590703312
25.104265321771173
25.146506097860865
25.18859748596096
25.230538752695313
25.27232918068166
25.313968068577356
25.355454731083054
25.39678849898179
25.437968719136514
25.47899475450199
25.519865984121385
25.560581803123736
25.601141622704247
25.641544870116835
25.681790988638358
25.721879437553653
25.761809692107278
25.80158124347726
25.841193598722416
25.880646280734496
25.91993882819151
25.959070795487616
25.998041752678002
26.03685128541374
26.075498994863846
26.113984497644957
26.152307425738794
