24.564572918656452
24.525920450422927
24.48531629508515
24.44470508185688
24.404465211013036
24.364698445260622
24.325441497526356
24.28671164808747
24.248517457061855
24.21086182501947
24.173743284479126
24.13715681108969
24.101094448687356
24.065545824895036
24.030498584745782
23.99593875739127
23.961851066786377
23.92821919510394
23.895026006142217
23.86225373480781
23.829884147786256
23.79789867970671
23.766278548434162
23.73500485256081
23.704058653697608
23.67342104577242
23.643073213210013
23.612996479589853
23.583172348143083
23.55358253525113
23.524208997940413
23.495033956225537
23.4660399110318
23.437209658325468
23.408526299992158
23.3799732519289
23.351534249751378
23.323193352462923
23.294934944384636
23.266743735605804
23.238604761178475
23.210503379250568
23.182425268174192
23.15435642352548
23.126283153178985
23.09819207320182
23.07007010266045
23.041904458229578
23.01368264853777
22.985392468312146
22.957021992375722
22.92855956954378
22.89999381645916
22.87131361140108
22.842508088097123
22.81356662956383
22.784478861997915
22.755234648736575
22.725824084302825
22.696237488549265
22.666465400911576
22.636498574781125
22.60632797200456
22.5759447575167
22.545340294111984
22.514506137358413
22.483434030657307
22.452115900451115
22.420543851580913
22.38871016279469
22.356607282406838
22.324227824108988
22.291564562931796
22.258610431357038
22.22535851557903
22.191802051914234
22.157934423357634
22.12374915628429
22.089239917294396
22.054400510200054
22.019224873151764
21.983707075902743
21.94784131720892
21.91162192236265
21.875043340857868
21.83810014418465
21.800787023750978
21.763098788929515
21.72503036522731
21.686576792576105
21.64773322374125
21.608494922846987
21.568857264015936
21.528815730120748
21.488365911645705
21.447503505656233
21.40622431487422
21.36452424685702
21.32239931327814
21.279845629307452
21.236859413088947
21.193436985313923
21.14957476888756
21.105269288686813
21.0605171714075
21.015315145498594
20.969660041181434
20.923548790551912
20.87697842776332
20.82994608928775
20.782449014253732
20.734484544857924
20.6860501268484
20.63714331007725
20.587761749119988
20.53790320395923
20.48756554073008
20.436746732524515
20.385444860251983
20.333658113553337
20.28138479176515
20.228623304931297
20.17537217485858
20.12163003621301
20.06739563765331
20.012667842998017
19.957445632422296
19.901728103680536
19.845514473350697
19.788804078095872
19.73159637593879
19.67389094754429
19.61568749750506
19.55698585562532
19.497785978197104
19.438087949263547
19.37789198186322
19.317198419249397
19.2560077360778
19.194320539556163
19.13213757054851
19.069459704626983
19.00628795306345
18.94262346375306
18.878467522061438
18.813821551586873
18.74868711482865
18.68306591375205
18.616959790240564
18.550370726425093
18.48330084487983
18.415752408674024
18.347727821268496
18.279229626245304
18.2102605068587
18.14082328539507
18.070920922329186
18.00055651526371
17.929733297638563
17.858454637196413
17.78672403419017
17.71454511931801
17.6419216513713
17.568857514580266
17.495356715642156
17.421423380416442
17.34706175027119
17.27227617806477
17.19707112374685
17.121451149562567
17.045420914843756
16.968985170371024
16.892148752290822
16.814916575571495
16.737293626982822
16.6592849575837
16.580895674703143
16.502130933400267
16.422995927389533
16.343495879418292
16.26363603108459
16.183421632084105
16.102857928876336
16.021950152761395
15.94070350736029
15.859123155493155
15.777214205451722
15.694981696664398
15.612430584754378
15.52956572599374
15.446391861159004
15.362913598796505
15.279135397908878
15.195061561242781
15.110696182450683
15.026043151881417
14.941106158718721
14.855888634534434
14.77039374737576
14.68462438002597
