0.0008409988585540143
0.0007995203655273593
0.000797610028138013
0.0007967048239506007
0.0007958339800354078
0.0007949830849250917
0.000794159851939788
0.0007933704653938362
0.0007926193677914158
0.0007919095776349894
0.0007912429632118861
0.0007906204665043921
0.0007900422907958723
0.0007895080540736865
0.0007890169166678406
0.0007885676871389721
0.0007881589100959957
0.0007877889388830103
0.0007874559955641266
0.000787158220193222
0.000786893711023013
0.0007866605570418481
0.0007864568640131287
0.0007862807750185575
0.0007861304863629005
0.0007860042595776494
0.0007859004301590073
0.000785817413587943
0.0007857537091042963
0.0007857079016408248
0.0007856786622653453
0.0007856647474284975
0.0007856649972703114
0.0007856783331999144
0.0007857037549288469
0.0007857403371088474
0.0007857872256994581
0.0007858436341685499
0.0007859088396099314
0.0007859821788458469
0.0007860630445683528
0.0007861508815617681
0.0007862451830385529
0.0007863454871126922
0.0007864513734277894
0.0007865624599514172
0.000786678399942661
0.0007867988790960384
0.0007869236128619837
0.0007870523439417204
0.0007871848399525363
0.0007873208912580298
0.0007874603089569595
0.0007876029230235274
0.0007877485805914859
0.0007878971443742122
0.0007880484912127511
0.0007882025107438316
0.0007883591041800541
0.0007885181831945434
0.0007886796689026978
0.0007888434909339295
0.000789009586586589
0.000789177900059691
0.0007893483817553102
0.0007895209876459801
0.0007896956787016848
0.0007898724203714782
0.0007900511821150342
0.0007902319369797909
0.0007904146612196867
0.000790599333951743
0.0007907859368470755
0.0007909744538531756
0.0007911648709445252
0.0007913571758989172
0.0007915513580970072
0.0007917474083428501
0.0007919453187034232
0.0007921450823652106
0.0007923466935062053
0.000792550147181746
0.0007927554392228045
0.0007929625661454474
0.0007931715250703177
0.0007933823136510928
0.0007935949300109686
0.0007938093726863433
0.000794025640576899
0.0007942437329014055
0.0007944636491586421
0.0007946853890928501
0.0007934430988156829
0.0007925993649503262
0.000792035855164297
0.000791669378986967
0.000791441485001526
0.000791311089084159
0.0007912493061015582
0.0007912358236654662
0.0007912563558373774
0.0007913008541472736
0.0007913622501842845
0.0007914355715589476
0.0007915173202439332
0.0007916050353577109
0.0007916969856363868
0.0007917919531092971
0.0007918890809218489
0.0007919877662796304
0.0007920875851329086
0.0007921882391897923
0.0007922895186376733
0.0007923912759157562
0.0007924934072624219
0.0007925958397325177
0.0007926985220630682
0.0007928014182465601
0.0007929045030092068
0.0007930077586294981
0.0007931111726997517
0.0007932147365511438
0.0007933184441455639
0.0007934222912959057
0.0007935262751174625
0.0007936303936419207
0.0007937346455457628
0.0007938390299591532
0.0007939435463314904
0.0007940481943367839
0.0007941529738070834
0.0007942578846856451
0.0007943629269939656
0.0007944681008086007
0.0007945734062448431
0.0007946788434452475
0.0007947844125715481
0.0007948901137989844
0.0007949959473123015
0.0007951019133029314
0.0007952080119670275
0.000795314243504067
0.0007954206081158752
0.0007955271060059351
0.0007956337373789113
0.0007957405024403078
0.0007958474013962337
0.0007959544344532284
0.0007960616018181556
0.0007961689036981178
0.000796276340300396
0.0007963839118324182
0.0007964916185017259
0.0007965994605159604
0.000796707438082846
0.0007968155514101863
0.0007969238007058539
0.0007970321861777949
0.0007971407080340158
0.0007972493664825919
0.0007973581617316625
0.000797467093989431
0.0007975761634641694
0.0007976853703642128
0.0007977947148979586
0.0007979041972738806
0.0007980138177005105
0.0007981235763864542
0.0007982334735403828
0.0007983435093710336
0.0007984536840872214
0.0007985639978978218
0.0007986744510117824
0.000798785043638125
0.0007988957759859351
0.0007990066482643724
0.0007991176606826621
0.0007992288134501037
0.0007993401067760629
0.0007994515408699775
0.000799563115941349
0.0007996748321997539
0.0007997866898548326
0.0007998986891162964
0.0008000108301939164
0.000800123113297538
0.0008002355386370692
0.0008003481064224842
0.0008004608168638178
0.0008005736701711723
0.0008006866665547099
0.000800799806224655
0.0008009130893912931
0.0008010265162649695
0.0008011400870560878
0.0008012538019751078
0.0008013676612325457
0.000801481665038977
0.0008015958136050257
0.0008017101071413714
