9.675696418952468
9.664543278183597
9.653497913286989
9.64256916379856
9.631764438043485
9.621090274853762
9.610552502336802
9.600156322036103
9.589906388678642
9.579806852257498
9.569861421303084
9.560073406126614
9.550445759645743
9.540981113637862
9.531681810967365
9.522549934262772
9.513587331459501
9.50479563857325
9.496176300024795
9.487730586798822
9.479459612685933
9.471364348827334
9.463445636756054
9.455704200105258
9.448140655134281
9.440755520204917
9.433549224324784
9.426522114860713
9.419674464512742
9.413006477628613
9.40651829592915
9.400210003706572
9.39408163255054
9.388133165650292
9.382364597230524
9.376775713897635
9.371366431510495
9.36613657560252
9.361085939793135
9.35621428829605
9.351521358216276
9.347006861657004
9.342670487653558
9.338511903949644
9.334530758629532
9.330726681618465
9.32709928606243
9.323648169597261
9.320372915516248
9.317273093844443
9.314348262327197
9.31159796733975
9.309021744724141
9.306619120559038
9.304389611867794
9.302332727269395
9.300447967576723
9.298734826346092
9.29719279038174
9.295821340198646
9.294619950446751
9.293588090299467
9.292725223809049
9.29203081023126
9.29150430432156
9.291145156604843
9.290952813620608
9.290926718145299
9.291066309393399
9.291371023198773
9.291840292177577
9.292473545873996
9.293270210889945
9.29422971099979
9.295351467251045
9.296634898051915
9.298079419246534
9.299684444178576
9.30144938374397
9.303373646433286
9.30545663836436
9.307697763305686
9.310096422605001
9.312652015452763
9.31536393862231
9.318231586546645
9.321254351304303
9.324431622591078
9.327762787689917
9.331247231432712
9.334884336157067
9.338673481649822
9.342614045203021
9.346705401220316
9.35094692147401
9.355337974914784
9.359877927588842
9.36456614254642
9.369401979743314
9.374384795935276
9.379513944565035
9.384788775641681
9.39020863561211
9.395772867224194
9.40148080938129
9.407331796987602
9.413325160783945
9.419460227173333
9.425736318035774
9.43215275053159
9.438708836892479
9.445403884199505
9.452237194147038
9.45920806279163
9.466315780284672
9.473559630587529
9.480938891167773
9.488452832674888
9.496100718593755
9.503881804873908
9.51179533953243
9.519840562228037
9.528016703803633
9.53632298579432
9.544758619897395
9.553322807400551
9.562014738563866
9.570833591950743
9.579778533702179
9.588848716748064
9.598043279948289
9.607361347155381
9.61680202618923
9.626364407712954
9.63604756399732
9.645850547559064
9.65577238965608
9.665812098619513
9.67596865799933
9.68624102449568
9.696628125643144
9.70712885720872
9.717742080256327
9.728466617821033
9.73930125112373
9.750244715241438
9.761295694128643
9.772452814859232
9.783714640925307
9.795079664385169
9.806546296593872
9.818112857170656
9.829777560748433
9.84153850089893
9.85339363041148
9.865340736791316
9.877377411380577
9.889501009801785
9.901708600322113
9.913996894952357
9.926362155087299
9.938800058181736
9.951305502025093
9.963872280251213
9.976492646190446
9.98915637488228
10.001848996427528
10.014547405657218
10.027204206192648
10.04274051883284
10.058400379083343
10.074183227056759
10.090088543900723
10.106115817600173
10.122264538039085
10.138534196217286
10.154924284068343
10.171434294367383
10.18806372065546
10.204812057169754
10.221678798777884
10.238663440915952
10.255765479530076
10.27298441102125
10.290319732193362
10.307770940204184
10.325337532519235
10.343019006868326
10.360814861204668
10.378724593666432
10.396747702540573
10.414883686228908
10.433132043216226
10.451492272040396
10.469963871264344
10.48854633944982
10.507239175132852
10.526041876800786
10.544953942870894
10.563974871670403
