344783.48900400003
306593.69215489656
306433.97462778754
306270.5183517798
306100.69460223144
305922.93635513895
305736.3039840836
305540.22377069417
305334.333275024
305118.38907692936
304892.2113038332
304655.6499771313
304408.56432216725
304150.809765318
303882.22945814964
303602.64842738287
303311.86920008983
303009.66820120026
302695.7924866519
302369.9565327449
302031.83889374475
301681.07859123236
301317.27112564375
300939.96401186625
300548.6517420561
300142.7700729366
299721.68952344387
299284.70795222773
298831.0420632669
298359.81766190426
297870.0584508151
297360.6731170796
296830.44041365443
296277.9918817076
295701.7917910121
295100.113791991
294471.01367197756
293812.2974862844
293121.48418777523
292395.76170245506
291631.9351887071
290826.3659701011
289974.89934400434
289072.77914188686
288114.54656124924
287093.9204267589
286003.65571799024
284835.3770163491
283579.3836461608
282224.4240124325
280757.4384967986
279163.2741389126
277424.3886516009
275520.52495699585
273428.50973694946
271122.11785839737
268572.2534914791
265747.6424696375
262616.4077179422
259149.04799772362
255323.47078004706
251132.6959178718
246595.36853342716
241767.90356545206
236754.71739402137
231710.29660994248
226826.22690827516
222300.97968291564
218300.23001369616
214923.9561658106
212194.67682808582
210069.01239796428
208462.6521063884
207276.2860892537
206414.10873788415
205793.71392149763
205349.19360913697
205030.32424548498
204800.06852283838
204631.7182228987
204506.3070630048
204410.50782722185
204335.02351044436
204273.4011370227
204221.17755875297
204175.27380725616
204133.57001916095
204094.60918517996
204057.39160509477
204021.2327264869
203985.6650223049
203950.37035612794
203915.14578966252
203879.82681576483
203844.32397162225
203808.5751627599
203772.5289419718
203736.18185326736
203699.51506603943
203662.52335463863
203625.20714938053
203587.56971725653
203549.6168224615
203511.35621731903
203472.79679080882
203433.94819648264
203394.8205929612
203355.4244631163
203315.77048743222
203275.86945474718
203235.73219880208
203195.3695526391
203154.79231537227
203114.0112275799
203073.03695269875
203031.88006265706
202990.55102649183
202949.0602011231
202907.41782367206
202865.63400494834
202823.7187237808
202781.68182205813
202739.5330002837
202697.28181357123
202654.93766804374
202612.50981753445
202570.0073605761
202527.43923770243
202484.81422894495
202442.1409515872
202399.42785813133
202356.68323455134
202313.9151985733
202271.13169834405
202228.34051117417
202185.54924250525
202142.76532503846
202099.99601804404
202057.24840682364
202014.52940235005
201971.84574103952
201929.20398468836
201886.61052054304
201844.0715615223
201801.59314654933
201759.18114103487
201716.8412374667
201674.5789561273
201632.39964591785
201590.30848529082
201548.31048329064
201506.41048068868
201464.61315121243
201422.92300286653
201381.34437933945
201339.88146148744
201298.53826889716
201257.31866152465
201216.22634139884
201175.26485439055
201134.4375920424
201093.74779345916
201053.1985472491
201012.7927935148
200972.53332589494
200932.42279364794
200892.46370377045
200852.6584231669
200813.00918083705
200773.5180701099
200734.18705089338
200695.01795196548
200656.0124732694
200617.1721882512
200578.54425326813
200540.0397301252
