34.7503917661192
73.28065132384606
73.24533669708136
73.2117759398405
73.17985471985085
73.14943867815396
73.12039754209289
73.09260580928589
73.06595842534361
73.04034167598441
73.01566143872078
72.99182913669496
72.96876404103509
72.94639284401384
72.92464918958693
72.90347318202089
72.88281088791635
72.86261384355802
72.84283857663218
72.8234461488716
72.80440172414951
72.78567416483386
72.76723565790908
72.74906137125816
72.73112913974852
72.71341918013574
72.69591383340247
72.67859733286782
72.66145559624398
72.6444760397477
72.62764741236036
72.61095964838637
72.5944037365257
72.57797160378546
72.5616575627006
72.54545047486805
72.52934915254924
72.51334681399602
72.49743875340252
72.48162073946685
72.46588896628528
72.45024000988282
72.43467078974128
72.41917853471335
72.40376075280423
72.38841520435184
72.37313987819793
72.35793297049388
72.34279286582542
72.3277181203841
72.31270744694224
72.29775970142394
72.28287387088702
72.26804906275262
72.25328449514674
72.23857948822676
72.22393345638278
72.20934590122697
72.19481640527803
72.18034462627573
72.16593029205657
72.15157319593563
72.13727319254677
72.12303019409329
72.1088441669731
72.09471512874488
72.08064314540223
72.06662832892968
72.05267083512042
72.0387708616287
72.02492864624185
72.01114446535613
71.99741863263742
71.98375149786067
71.9701434459072
71.95659489591925
71.94310630059582
71.9296781456262
71.91631094925
71.90300526194439
71.88976166622456
71.87658077656391
71.86346330539237
71.85040980004341
71.83742103674878
71.82449775956943
71.81164074448272
71.79885080232751
71.78612877797569
71.77347555134921
71.76089203789384
71.74837919148007
71.73593792792127
71.72356942528656
71.71127468073864
71.69905480682205
71.68691095961297
71.67484434040668
71.66285619755145
71.65094782843647
71.63912058163714
71.62737585923026
71.61571511929114
71.604139878582
71.59265171544833
71.58125227294099
71.5699432621753
71.55872646595327
71.54760374266684
71.53657703050702
71.52564835200826
71.51481981895323
71.50409363767655
71.49347211480257
71.48295766345915
71.47255281001502
71.46226020139412
71.45208261302557
71.44202295749675
71.43208429398562
71.42226983855672
71.41258297542235
71.40302726927199
71.39360647880649
71.38432457161139
71.37518574054211
71.36619442180734
71.35735531497265
71.34867340513587
71.34015398756983
71.33180269517537
71.323625529147
71.31562889331856
71.30781963274539
71.30020507717812
71.29279309020687
71.2855921250069
71.27861128779975
71.27186041037872
71.26535013332858
71.25909200193614
71.25309857723232
71.24738356519683
71.24196196788454
71.23685026120127
71.23206660530712
71.22763109527062
71.2235660618082
71.2198964349076
71.21665018718419
71.21385887944221
71.21155833878765
71.20978951091095
71.20859954453341
71.20804319031006
71.20818463335306
71.20909993586876
71.21088035814732
71.21363697772176
71.21750728643492
71.22266491052672
71.22933447564107
71.23781539501455
71.24852922092572
71.26206819842132
71.27937765368935
71.3020760271288
71.3334483704118
71.3827214436297
70.31626578975799
70.30053523245313
70.28480695066487
70.26908101514272
70.25335738735323
70.2376360272342
70.22191689844134
70.20619996860441
70.19048520893098
70.17477259377142
70.15906210022062
70.14335370776938
70.12764739799701
70.11194315430278
70.09624096167339
70.08054080647774
70.06484267629237
70.04914655974822
70.0334524463998
70.01776032661391
70.00207019147194
69.98638203269118
69.97069584255452
69.95501161385452
69.93932933984524
69.92364901420407
69.90797063100004
69.89229418466849
69.87661966999259
69.86094708208712
69.84527641638888
