5.0
4.919321033484466
4.838635964481662
4.757949129518068
4.677260366518041
4.596567087753475
4.515865463805062
4.435151127757194
4.35441959422362
4.273666509221443
4.192887800138382
4.112079767106404
4.031239140441798
3.9503631188962283
3.8694493975674527
3.7884961908195507
3.7075022534930198
3.6264669024688803
3.5453900399448606
3.4642721793822355
3.3831144748678907
3.3019187545365263
3.220687558670697
3.139424183117597
3.058132728717894
2.976818157526778
2.8954863567182394
2.8141442112007353
2.7327996861382613
2.6514619207693673
2.5701413351538203
2.4888497517593033
2.407600534138477
2.326408745350973
2.2452913292695795
2.164267318492276
2.0833580732826786
2.0025875568064104
1.9219826529505961
1.841573534244825
1.7613940888878556
1.6814824176751253
1.6018814137735873
1.5226394408613233
1.44381112819496
1.3654583047266144
1.2876510984607996
1.2104692317343237
1.1340035477556958
1.0583578080182476
0.9836508029888967
0.9100188177710185
0.8376184859459881
0.7666300424155481
0.6972609580696523
0.6297498140727119
0.5643701640049569
0.5014338556353795
0.44129288348685297
0.3843382476119298
0.3309935153832019
0.2816999770951948
0.23688992191135108
0.19694558320458422
0.1621449961639655
0.13260301644004216
0.10822406157354103
0.08868683950898827
0.07347382471672241
0.06194018384906522
0.053399538854376705
0.04719983037092699
0.042772656335055795
0.03965370056924874
0.03748166207597784
0.03598522903306987
0.0349658282115695
0.034280753627275944
0.03382875766868747
0.03353864713472907
0.0333606709849497
0.03326020994455588
0.03321324400339187
0.03320314001953733
0.033218395283930294
0.033251062139685844
0.03329565257763286
0.033348378660854924
0.03340662678097857
0.03346859419879385
0.03353303796918307
0.0335991015823223
0.033666204221578976
0.033733930132240283
0.033802000783675255
0.033870225730775985
0.03393846633562683
0.03400664505785157
0.03407470325643228
0.03414260203361026
0.034210317192803485
0.034277832099843794
0.03434513772632746
0.034412229729762996
0.03447910701552197
0.03454577074433068
0.03461222364640673
0.034678469546999525
0.03474451303775576
0.034810359248732096
0.03487601368990919
0.03494148214072943
0.0350067705728382
0.03507188509579907
0.035136831918718185
0.03520161732289944
0.03526624764215751
0.035330729248457295
0.03539506854126949
0.0354592719395264
0.035523345875406565
0.03558729678941532
0.03565113112638637
0.03571485533216179
0.0357784758507531
0.03584199912187642
0.03590543157876856
0.035968779646226565
0.03603204973882799
0.036095248259304276
0.03615838159704189
0.03622145612671525
0.03628447820700371
0.036347454179424574
0.03641039036725506
0.03647329307454433
0.036536168585211456
0.03659902316222695
0.036661863046875826
0.03672469445810063
0.0367875235919211
0.03685035662093088
0.036913199693868276
0.03697605893526058
0.0370389404451394
0.03710185029882691
0.03716479454679051
0.03722777921456489
0.03729081030274033
0.03735389378701552
0.03741703561831366
0.037480241722960196
0.037543518002921175
0.037606870336100655
0.03767030457669578
0.037733826555608266
0.037797442080910536
0.037861156938366065
0.03792497689200144
0.0379889076847299
0.03805295503902421
0.03811712465763845
0.03818142222437661
0.03824585340490724
0.038310423847623454
0.03837513918454578
0.03844000503226816
0.038505026992945016
0.038570210655318925
0.03863556159578753
0.03870108537950847
0.03876678756154234
0.03883267368803121
0.03889874929741363
0.03896502457169817
0.03903149890702406
