0.2489956360151158
0.2645784611038521
0.26788851645442374
0.2707668383215473
0.27353333446845846
0.27619487581777297
0.27875136514736104
0.2812035621461797
0.2835531143276675
0.28580240279089514
0.2879543993534162
0.29001253990498854
0.29198061137389086
0.29386265323619143
0.2956628716828788
0.29738556573436636
0.299035064366023
0.300615673722034
0.30213163347590055
0.30358708141394797
0.30498602534016944
0.3063323214354042
0.30762965824839444
0.3088815455486819
0.31009130732928464
0.311262078308502
0.3123968033429267
0.3134982392261774
0.31456895840848914
0.3156113542301082
0.3166276473156115
0.3176198928262671
0.3185899883131731
0.3195396819549556
0.32047058100041087
0.3213841602687564
0.3222817705883557
0.3231646470792319
0.324033917205638
0.32489060854281326
0.32573565621710543
0.32656990999122587
0.3273941409768142
0.3282090479650322
0.3290152633727969
0.3298133588077813
0.3306038502596384
0.3313872029282148
0.3321638357020188
0.3329341253019961
0.3336984101068555
0.3344569936769661
0.33521014799416826
0.33595811643492146
0.33670111649401635
0.33743934227570677
0.338172966768596
0.3389021439200049
0.3396270105248382
0.3403476879432327
0.341064283660496
0.34177689270205364
0.34248559891534464
0.34319047612982384
0.34389158920548474
0.34458899497956186
0.3452827431204041
0.3459728768968003
0.34665943387042764
0.34734244651848023
0.3480219427929687
0.3486979466226453
0.34937047836301655
0.3500395551994374
0.35070519150784885
0.35136739917732096
0.35202618789818463
0.3526815654192172
0.3533335377769889
0.3539821095002308
0.354627283791791
0.35526906269050235
0.35590744721507955
0.3565424374919335
0.35717403286862465
0.3578022320144974
0.3584270330098781
0.35904843342509457
0.3596664303904276
0.36028102065800716
0.3608922006565452
0.3614999665397172
0.3618589675944639
0.36204035913345367
0.36209676323692785
0.36206545038325366
0.3619727377562193
0.3618371827419324
0.3616718585098813
0.36148596847769976
0.3612859885569527
0.3610764737435542
0.3608606269203235
0.3606406995954382
0.36041827404888144
0.36019446189093773
0.3599700437514927
0.35974556753196246
0.35952141750116384
0.3592978628819907
0.35907509201402443
0.3588532363730354
0.3586323874584116
0.3584126086659966
0.35819394363528345
0.35797642211787933
0.3577600641033024
0.35754488271960244
0.3573308862726432
0.35711807967982145
0.35690646547804944
0.3566960445324284
0.3564868165344872
0.3562787803524825
0.35607193427767675
0.35586627619749467
0.3556618037172626
0.3554585142457965
0.35525640505557826
0.3550554733250617
0.35485571616841377
0.35465713065642385
0.3544597138312006
0.35426346271650255
0.35406837432499677
0.3538744456633622
0.35368167373587056
0.35349005554690216
0.35329958810271234
0.3531102684126676
0.3529220934901119
0.3527350603529735
0.35254916602418507
0.3523644075319781
0.35218078191008567
0.3519982861978798
0.3518169174404659
0.3516366726887453
0.35145754899945575
0.351279543435195
0.3511026530644354
0.35092687496153036
0.3507522062067134
0.35057864388609694
0.35040618509166604
0.35023482692127017
0.3500645664786145
0.34989540087325083
0.3497273272205668
0.3495603426417759
0.3493944442639038
0.34922962921978146
0.3490658946480296
0.34890323769304943
0.34874165550501157
0.3485811452398416
0.3484217040592135
0.3482633291305329
0.3481060176269295
0.34794976672724387
0.34779457361601523
0.34764043548347245
0.3474873495255214
0.34733531294373216
0.34718432294533025
0.34703437674318416
0.34688547155579386
0.3467376046072789
0.34659077312737036
0.34644497435139493
0.346300205520269
0.3461564638804828
0.3460137466840923
0.34587205118870695
0.34573137465747983
0.34559171435909497
0.3454530675677576
0.3453154315631822
0.3451788036305842
0.3450431810606657
0.3449085611496058
0.34477494119905133
0.3446423185161039
0.344510690413311
0.34438005420865325
0.34425040722553557
0.34412174679277563
0.3439940702445927
0.34386737492059793
0.34374165816578367
