7.365946516422873
7.496759029520852
7.620488001805634
7.737521318104705
7.848235224276401
7.952979860495408
8.052078652750346
8.145830327744841
8.234511229691012
8.318377478503466
8.39766690019898
8.472600739909845
8.543385181533553
8.610212697984151
8.673263253417105
8.73270537601371
8.78869711739552
8.841386912553558
8.890914352297964
8.937410878622638
8.98100041199911
9.021799918430927
9.059919923084946
9.095464976444427
9.128534078179106
9.159221063281679
9.187614954462713
9.21380028431417
9.23785739033428
9.259862685544237
9.279888907112056
9.298005345124524
9.314278053408383
9.328770044092298
9.34154146741738
9.352649778142672
9.362149889749992
9.370094317527482
9.376533311500587
9.381514980081523
9.385085405221604
9.387288749773909
9.38816735770537
9.387761847736456
9.386111200932254
9.383252842720218
9.379222719766371
9.374055372102783
9.367784000864178
9.360440531960144
9.352055675980973
9.342658984609852
9.332278903790884
9.320942823881772
9.308677127001042
9.295507231762688
9.281457635575551
9.266551954670758
9.250812962007664
9.234262623197152
9.216922130570476
9.19881193551217
9.179951779166649
9.160360721620057
9.140057169651513
9.119058903141061
9.097383100215433
9.075046361206994
9.05206473149599
9.028453723301368
9.00422833648096
8.979403078397768
8.953991982905231
8.92800862850093
8.90146615569486
8.874377283635525
8.846754326034224
8.818609206425435
8.789953472798757
8.760798311635726
8.731154561382683
8.701032725389101
8.670442984338889
8.63939520820061
8.607898967721026
8.575963545484894
8.543597946562677
8.510810908766562
8.477610912534011
8.444006190456996
8.410004736474054
8.375614314741375
8.340842468198199
8.305696526841023
8.270183615720292
8.234310662672573
8.198084405800458
8.161511400711861
8.12459802752975
8.087350497682749
8.04977486048659
8.011877009525787
7.973662688844561
7.935137498955468
7.896306902673847
7.857176230785772
7.817750687556837
7.778035356088739
7.738035203530265
7.697755086149026
7.657199754269947
7.616373857086214
7.575281947348193
7.533928485935465
7.492317846316997
7.450454318904153
7.40834211530108
7.365985372456745
7.323388156722798
7.280554467821115
7.237488242724814
7.1941933594563165
7.150673640805835
7.106932857973575
7.0629747341387406
7.018802947958326
6.9744211369985
6.929832901101285
6.8850418056891325
6.8400513850097795
6.7948651453238025
6.7494865680370095
6.703919112779842
6.6581662204357555
6.612231316120503
6.566117812114113
6.5198291107472865
6.473368607243802
6.426739692520472
6.379945755946056
6.332990188060507
6.285876383255745
6.23860774241918
6.191187675541018
6.143619604286343
6.095906964532892
6.0480532088753245
6.0000618090966835
5.951936258607719
5.903680074854576
5.855296801695312
5.806790011745573
5.7581633086936845
5.709420329585284
5.660564747077554
5.611600271662946
5.562530653862225
5.5133596863865115
5.4640912062678755
5.414729096957909
5.365277290393556
5.315739769029358
5.266120567835059
5.216423776257434
5.166653540144955
5.116814063633783
5.066909610993366
5.016944508429709
4.966923145844205
4.916849978545681
4.866729528913064
4.81656638800587
4.76636521711944
4.716130749281604
4.665867790687145
4.615581222066227
4.565275999982578
4.514957158056947
4.46462980811109
4.414299141227145
4.363970428716997
4.3136490229958575
4.263340358354002
4.213049951620222
4.16278340271026
4.112546395053143
4.062344695887993
4.0121841564236265
3.962070711852895
3.9120103812134643
3.8620092670864525
3.8120735551240963
3.7622095120848322
3.7124234891646055
3.6627219177572115
3.6131113058597597
3.5635982407796796
3.514189385947002
3.4648914789913063
3.4157113295675456
