1.0735497559140839
1.0727067649114368
1.0713621959480475
1.0695575870233593
1.0673314043736621
1.0647195119702602
1.0617554485292269
1.0584706145281475
1.054894414682179
1.0510543765123475
1.0469762547260353
1.0426841262259328
1.0382004782930825
1.0335462913952465
1.0287411175169239
1.0238031546085407
1.0187493175803175
1.0135953061602352
1.0083556698655072
1.003043870287863
0.9976723408565918
0.9922525442152172
0.9867950273252973
0.9813094743926105
0.9758047576960069
0.9702889863868591
0.9647695533169411
0.9592531799447549
0.9537459593654756
0.9482533974913491
0.9427804524376253
0.9373315721317205
0.9319107301809552
0.9265214600297561
0.9211668874375394
0.9158497613094
0.910572482913104
0.9053371335175776
0.9001455004900044
0.8949991018906885
0.8898992096069084
0.8848468710690209
0.8798429295939972
0.8748880434033356
0.8699827033638622
0.865127249501257
0.8603218863372213
0.8555666971020026
0.8508616568745244
0.8462066447026168
0.8416014547558182
0.8370458065629378
0.8325393543860243
0.8280816957816242
0.8236723793992229
0.8193109120655858
0.8149967652023667
0.810729380622845
0.8065081757520306
0.802332548312633
0.7982018805175817
0.7941155428078911
0.7900728971727505
0.7860733000867558
0.7821161050972479
0.7782006650927701
0.7743263342817158
0.7704924699083529
0.7666984337315441
0.7629435932896896
0.759227322973672
0.7555490049279161
0.7519080297980694
0.7483037973422914
0.7447357169216887
0.7412032078840695
0.7377056998539097
0.7342426329402171
0.7308134578728553
0.7274176360768525
0.7240546396932414
0.7207239515540932
0.7174250651185802
0.7141574843761472
0.7109207237221862
0.7077143078109736
0.7045377713900691
0.7013906591198442
0.6982725253813563
0.6951829340753559
0.6921214584148407
0.6890876807132378
0.6860811921699893
0.6831015926550593
0.6801484904936371
0.6772215022521131
0.6743202525262119
0.67144437373202
0.6685935059004959
0.6657672964759371
0.6629654001187727
0.6601874785129609
0.657433200178194
0.6547022402702138
0.6519942804734733
0.6493090087173518
0.6466461190865324
0.6440053116376335
0.6413862922415344
0.6387887724305847
0.636212469250611
0.6336571051176101
0.6311224076790098
0.6286081096793744
0.626113948830419
0.6236396676852031
0.621185013516367
0.6187497381982756
0.6163335980929353
0.6139363539395511
0.6115577707475945
0.6091976176932546
0.6068556680191479
0.6045316989371673
0.6022254915343526
0.5999368306816713
0.5976655049456
0.5954113065024021
0.5931740310550003
0.5909534777523492
0.5887494491112135
0.5865617509402634
0.5843901922664008
0.5822345852632359
0.5800947451816362
0.57797049028227
0.5758616417700757
0.5737680237305859
0.5716894630680415
0.5696257894452319
0.5675768352250015
0.5655424354133638
0.5635224276041679
0.5615166519252642
0.5595249509861182
0.5575471698268236
0.5555831558684676
0.5536327588648035
0.5516958308551868
0.5497722261187352
0.5478618011296705
0.5459644145138046
0.5440799270061342
0.5422082014095081
0.5403491025543319
0.5385024972592807
0.5366682542929845
0.5348462443366584
0.5330363399476494
0.5312384155238687
0.5294523472690863
0.527678013159058
0.5259152929084646
0.5241640679386335
0.5224242213460251
0.520695637871457
0.5189782038700481
0.5172718072818587
0.5155763376032088
0.5138916858586534
0.5122177445735983
0.5105544077475354
0.5089015708278827
0.5072591306844108
0.5056269855842392
0.5040050351673884
0.5023931804228704
0.5007913236653042
0.4991993685120426
0.49761721986079394
0.49604478386772904
0.4944819679260575
0.4929286806450623
0.49138483182958037
0.4898503324599172
0.4883250946721842
0.48680903173904855
0.48530205805088356
0.4838040890973105
0.48231504144912113
0.48083483274057165
0.4793633816520388
0.4779006078930283
0.4764464321855275
0.4750007762476939
0.47356356277786965
0.47213471543891705
0.47071415884286305
0.4693018185358497
0.467897620983379
