-4.742004417898308
-5.119915829684155
-4.610395199445965
-4.364081838856769
-4.237168826217456
-4.1685821449109115
-4.128465472896985
-4.102397580007301
-4.083479031871932
-4.068419966748323
-4.055649588968211
-4.04441104003169
-4.034332026513299
-4.025221797569406
-4.0169752621764285
-4.009527634893001
-4.002832859849665
-3.9968532150702596
-3.9915541791134475
-3.9869017858213236
-3.9828611694275615
-3.979395694681003
-3.976466391122581
-3.9740315627403513
-3.972046515567848
-4.742004417898308
-5.119915829684155
-4.610395199445965
-4.364081838856769
-4.237168826217456
-4.1685821449109115
-4.128465472896985
-4.102397580007301
-4.083479031871932
-4.068419966748323
-4.055649588968211
-4.04441104003169
-4.034332026513299
-4.025221797569406
-4.0169752621764285
-4.009527634893001
-4.002832859849665
-3.9968532150702596
-3.9915541791134475
-3.9869017858213236
-3.9828611694275615
-3.979395694681003
-3.976466391122581
-3.9740315627403513
-3.972046515567848
