5.999
6.009500533259458
6.021219086290801
6.032934167187708
6.0446458200709845
6.056354109342122
6.068059117267746
6.0797609413425295
6.0914596916760315
6.103155488468603
6.114848459625348
6.1265387385393
6.1382264620807145
6.149911768790488
6.161594797296221
6.173275684944531
6.1849545666434675
6.196631573903792
6.20830683406478
6.219980469688328
6.231652598104099
6.243323331088167
6.254992774657964
6.266661028967033
6.2783281882841395
6.289994341042539
6.301659569946535
6.313323952123822
6.324987559313501
6.336650458080921
6.3483127100517915
6.359974372159077
6.371635496897287
6.383296132579641
6.39495632359444
6.40661611065769
6.418275531059639
6.429934618903433
6.441593405334528
6.453251918759922
6.464910185056545
6.476568227768443
6.488226068292591
6.499883726053363
6.511541218665781
6.5231985620878525
6.534855770762304
6.546512857748139
6.558169834842457
6.569826712693037
6.581483500902147
6.593140208122123
6.6047968421431795
6.616453409973989
6.628109917915478
6.639766371628329
6.6514227761946385
6.66307913617415
6.674735455655481
6.686391738302739
6.698047987397858
6.709704205879052
6.721360396375662
6.733016561239712
6.74467270257446
6.7563288222601985
6.767984921977539
6.779641003228413
6.791297067354991
6.802953115556712
6.814609148905588
6.826265168359953
6.837921174776806
6.84957716892287
6.861233151484506
6.872889123076574
6.88454508425036
6.896201035500664
6.907856977272113
6.919512909964802
6.93116883393931
6.9428247495211695
6.954480657004845
6.9661365566572595
6.977792448720939
6.989448333416785
7.001104210946548
7.012760081495015
7.024415945231933
7.036071802313734
7.047727652885036
7.059383497079982
7.07126
7.082915
7.09457
7.106225
7.1178799999999995
7.129535
7.14119
7.152845
7.1645
7.176155
7.187810000000001
7.199465
7.211119999999999
7.222775
7.23443
7.246084999999999
7.25774
7.269394999999999
7.2810500000000005
7.292705
7.30436
7.316015
7.3276699999999995
7.3393250000000005
7.35098
7.362635
7.37429
7.3859449999999995
7.397600000000001
7.409255
7.420909999999999
7.432565
7.44422
7.455875000000001
7.46753
7.479184999999999
7.49084
7.502495
7.51415
7.525805
7.53746
7.5491150000000005
7.56077
7.572425
7.58408
7.5957349999999995
7.60739
7.619045
7.6307
7.642355
7.6540099999999995
7.665665000000001
7.67732
7.688974999999999
7.70063
7.712285
7.723940000000001
7.735595
7.747249999999999
7.758905
7.77056
7.782215
7.79387
7.805525
7.81718
7.828835
7.84049
7.852145
7.8638
7.875455
7.88711
7.898765
7.91042
7.9220749999999995
7.933730000000001
7.945385
7.957039999999999
7.968695
7.98035
7.992004999999999
8.00366
8.015315000000001
8.02697
8.038625
8.05028
8.061935
8.07359
8.085245
8.0969
8.108554999999999
8.12021
8.131865
8.14352
8.155175
8.16683
8.178485
8.19014
8.201794999999999
8.21345
8.225105
8.23676
8.248415
8.260069999999999
8.271725
8.283380000000001
8.295034999999999
8.30669
8.318345
