6.780316463817234
6.778131937051239
6.775948181155973
6.7737651927340545
6.771582968422928
6.769401504891982
6.767220798840995
6.765040846998948
6.762861646122972
6.7606831929973925
6.758505484432854
6.756328517265522
6.754152288356346
6.751976794590396
6.749802032876248
6.747628000145432
6.745454693351918
6.7432821094716555
6.741110245502149
6.738939098462067
6.736768665390888
6.734598943348569
6.732429929415251
6.730261620690978
6.728094014295443
6.725927107367749
6.723760897066195
6.721595380568069
6.71943055506946
6.717266417785077
6.715102965948092
6.712940196809978
6.710778107640363
6.708616695726896
6.706455958375112
6.704295892908311
6.702136496667439
6.699977767010973
6.697819701314812
6.69566229697218
6.693505551393513
6.6913494620063725
6.689194026255345
6.68703924160195
6.684885105524552
6.682731615518269
6.680578769094887
6.678426563782776
6.676274997126802
6.674124066688244
6.671973770044713
6.669824104790065
6.667675068534321
6.665526658903585
6.6633788735399575
6.6612317101014575
6.659085166261935
6.656939239710989
6.654793928153883
6.652649229311461
6.6505051409200595
6.648361660731423
6.646218786512614
6.644076516045927
6.6419348471287964
6.639793777573708
6.637653305208102
6.635513427874285
6.633374143429331
6.631235449744988
6.629097344707575
6.626959826217887
6.6248228921910925
6.622686540556628
6.620550769258095
6.618415576253155
6.616280959513417
6.61414691702433
6.6120134467850695
6.609880546808422
6.60774821512067
6.60561644976147
6.6034852487837385
6.601354610253519
6.599224532249865
6.597095012864707
6.594966050202724
6.592837642381212
6.590709787529945
6.588582483791042
6.586455729318824
6.584329522279672
6.582203860851882
6.5800787432255134
6.577954167602244
6.575830132195211
6.573706635228856
6.571583674938767
6.569461249571513
6.5673393573844825
6.565217996645711
6.563097165633714
6.560976862637306
6.558857085955428
6.556737833896967
6.554619104780566
6.552500896934443
6.550383208696198
6.548266038412615
6.54614938443947
6.5440332451413274
6.541917618891334
6.539802504071014
6.537687899070056
6.535573802286095
6.533460212124498
6.53134712699814
6.529234545327175
6.527122465538809
6.525010886067065
6.522899805352545
6.520789221842191
6.518679133989033
6.516569540251949
6.514460439095403
6.512351828989196
6.510243708408197
6.508136075832084
6.506028929745071
6.5039222686356375
6.5018160909962495
6.499710395323079
6.497605180115717
6.49550044387689
6.493396185112158
6.491292402329625
6.489189094039632
6.487086258754453
6.484983894987987
6.482882001255444
6.480780576073023
6.478679617957598
6.476579125426384
6.474479096996616
6.472379531185207
6.470280426508419
6.468181781481513
6.466083594618412
6.463985864431347
6.461888589430507
6.459791768123682
6.457695399015903
6.455599480609079
6.453504011401631
6.451408989888121
6.449314414558877
6.447220283899622
6.445126596391087
6.443033350508633
6.440940544721863
6.4388481774942345
6.436756247282669
6.434664752537154
6.432573691700351
6.430483063207194
6.42839286548449
6.426303096950513
6.424213756014602
6.42212484107675
6.420036350527198
6.417948282746025
6.415860636102733
6.413773408955835
6.411686599652445
6.409600206527853
6.407514227905119
6.405428662094651
6.40334350739379
6.401258762086391
6.399174424442409
6.397090492717477
6.395006965152495
6.392923839973209
6.390841115389796
6.388758789596453
6.386676860770979
6.384595327074367
6.382514186650388
6.380433437625188
6.378353078106876
6.376273106185124
6.374193519930759
6.372114317395367
6.3700354966108925
6.367957055589248
6.36587899232192
6.363801304779582
6.361723990911708
6.359647048646195
6.357570475888986
