419.5331853127917
411.7486612277708
411.91891763275964
412.13400505129505
412.36239460338226
412.58568331745084
412.7930519861812
412.9781848936694
413.1374351738483
413.2687328566335
413.37093543859214
413.44344173460576
413.485962203858
413.498382189625
413.480680276339
413.4328792962595
413.3550166302651
413.2471258604922
413.1092250463134
412.9413088015266
412.74334248018636
412.51525744594886
412.25694679262295
411.9682611124135
411.6490040392184
411.2989273658965
410.9177255697342
410.5050295926334
410.0603997194103
409.5833173831825
409.0731757030933
408.5292685271249
407.95077771116706
407.336758313684
406.68612132151264
405.9976134443075
405.269793419849
404.5010041563297
403.68933989667227
402.8326074189347
401.92828008081574
400.9734432699212
399.9647295306258
398.89824130177175
397.7694588219629
396.5731303580871
395.30314152954287
393.9523602133752
392.51245349042546
390.97367360005495
389.32461142849775
387.5519053369255
385.63999493054416
383.5707486531535
381.3232555208992
378.87368500951413
376.1954275103941
373.2597429194577
370.0372901719882
366.50107267553847
362.6314658542586
358.4239343717742
353.8994861221643
349.11643356303324
344.17950412075595
339.23975971880253
334.4789466382927
330.0778300074823
326.1783985499169
322.85641626220956
320.115994935467
317.90489419347733
316.13928108399983
314.7268258846028
313.5817531468291
312.632101068388
311.82131794820435
311.10686289376974
310.45767130131117
309.8515163970578
309.27271759006595
308.71032163128217
308.15673214576054
307.60670972162086
307.0566573618088
306.50411677918146
305.947416503578
305.38542754619374
304.81739442399504
304.24281861459013
303.66137831361533
303.07287324765423
302.47730893526955
301.87440391834446
301.26423124431216
300.64668089517005
300.0220008314757
299.3901406417996
298.75114691860875
298.1050733929828
297.45198971856723
296.79193918189344
296.1249926041717
295.4512164389792
294.7706780880831
294.0834456312103
293.3895876299071
292.6891729830879
291.9822708194786
291.2689504163811
290.54928113723963
289.82333238267506
289.0911735512457
288.3528740072815
287.6085030539384
286.85812991017593
286.1018236907227
285.33965338840136
284.5716878583455
283.7979958037731
283.01864576310436
282.23370609823985
281.4432449838397
280.64733039759295
279.84603011128485
279.0394116827462
278.22754244843406
277.41048951686264
276.5883197626024
275.7610998209783
274.9288960832976
274.0917746928037
273.2498015410453
272.40304226483875
271.5515622437322
270.6954265979453
269.8347001867666
268.96944760739535
268.09973319419186
267.22562101832136
266.3471748877743
265.464458347736
264.57753468129016
263.68646691043506
262.791317797392
261.89214984619144
260.9890253045135
260.08200616577165
259.1711541714105
258.25653081341886
257.33819733702137
256.41621474354935
255.49064379346316
254.5615450095181
253.6289786800577
252.6930048624169
251.75368338642426
250.81107385798654
249.86523566274857
248.9162279698061
247.9641097354699
247.0089397070582
246.05077642671583
245.08967823524367
244.1257032759274
243.1589094983555
242.1893546622205
241.21709634108817
240.24219192612625
239.26469862978826
238.28467348944284
237.30217337093157
236.31725497206273
235.32994779662738
234.34036184304964
233.34852645262845
419.5331853127917
411.7486612277708
411.91891763275964
412.13400505129505
412.36239460338226
412.58568331745084
412.7930519861812
412.9781848936694
413.1374351738483
413.2687328566335
413.37093543859214
413.44344173460576
413.485962203858
413.498382189625
413.480680276339
413.4328792962595
413.3550166302651
413.2471258604922
413.1092250463134
412.9413088015266
412.74334248018636
412.51525744594886
412.25694679262295
411.9682611124135
411.6490040392184
411.2989273658965
410.9177255697342
410.5050295926334
410.0603997194103
409.5833173831825
409.0731757030933
408.5292685271249
407.95077771116706
407.336758313684
406.68612132151264
405.9976134443075
405.269793419849
404.5010041563297
403.68933989667227
402.8326074189347
401.92828008081574
400.9734432699212
399.9647295306258
398.89824130177175
397.7694588219629
396.5731303580871
395.30314152954287
393.9523602133752
392.51245349042546
390.97367360005495
389.32461142849775
387.5519053369255
385.63999493054416
383.5707486531535
381.3232555208992
378.87368500951413
376.1954275103941
373.2597429194577
370.0372901719882
366.50107267553847
362.6314658542586
358.4239343717742
353.8994861221643
349.11643356303324
344.17950412075595
339.23975971880253
334.4789466382927
330.0778300074823
326.1783985499169
322.85641626220956
320.115994935467
317.90489419347733
316.13928108399983
314.7268258846028
313.5817531468291
312.632101068388
311.82131794820435
311.10686289376974
310.45767130131117
309.8515163970578
309.27271759006595
308.71032163128217
308.15673214576054
307.60670972162086
307.0566573618088
306.50411677918146
305.947416503578
305.38542754619374
304.81739442399504
304.24281861459013
303.66137831361533
303.07287324765423
302.47730893526955
301.87440391834446
301.26423124431216
300.64668089517005
300.0220008314757
299.3901406417996
298.75114691860875
298.1050733929828
297.45198971856723
296.79193918189344
296.1249926041717
295.4512164389792
294.7706780880831
294.0834456312103
293.3895876299071
292.6891729830879
291.9822708194786
291.2689504163811
290.54928113723963
289.82333238267506
289.0911735512457
288.3528740072815
287.6085030539384
286.85812991017593
286.1018236907227
285.33965338840136
284.5716878583455
283.7979958037731
283.01864576310436
282.23370609823985
281.4432449838397
280.64733039759295
279.84603011128485
279.0394116827462
278.22754244843406
277.41048951686264
276.5883197626024
275.7610998209783
274.9288960832976
274.0917746928037
273.2498015410453
272.40304226483875
271.5515622437322
270.6954265979453
269.8347001867666
268.96944760739535
268.09973319419186
267.22562101832136
266.3471748877743
265.464458347736
264.57753468129016
263.68646691043506
262.791317797392
261.89214984619144
260.9890253045135
260.08200616577165
259.1711541714105
258.25653081341886
257.33819733702137
256.41621474354935
255.49064379346316
254.5615450095181
253.6289786800577
252.6930048624169
251.75368338642426
250.81107385798654
249.86523566274857
248.9162279698061
247.9641097354699
247.0089397070582
246.05077642671583
245.08967823524367
244.1257032759274
243.1589094983555
242.1893546622205
241.21709634108817
240.24219192612625
239.26469862978826
238.28467348944284
237.30217337093157
236.31725497206273
235.32994779662738
234.34036184304964
233.34852645262845
