89.51456966399999
133.26970779606884
134.1992990181103
135.12787864469644
136.05514184583993
136.98088850508947
137.90493149118547
138.82708586673914
139.74716763206214
140.6649935402919
141.58038103259148
142.49314818679898
143.40311366775887
144.310096678197
145.21391691019855
146.11439449745583
147.01134996848558
147.90460420098754
148.79397837752538
149.6792939427047
150.56037256200796
151.43703608246074
152.30910649527667
153.17640590064573
154.03875647481271
154.89598043960197
155.7479000345236
156.59433749162105
157.435115013188
158.27005475250053
159.09897879770242
159.9217091589772
160.73806775914215
161.54787642779308
162.35095689913402
163.1471308136135
163.9362197235042
164.71804510253045
165.49242835968997
166.25919085736183
167.01815393384447
167.76913893040927
168.5119672230059
169.24646025870257
169.972439596984
170.6897269559955
171.39814426382264
172.09751371491066
172.78765783169288
173.46839953151562
174.13956219892253
174.80096976336887
175.45244678242304
176.09381853049413
176.72491109314092
177.34555146697235
177.95556766518266
178.55478882870878
179.14304534301908
179.72016896052278
180.28599292855927
180.84035212293549
181.38308318696562
181.91402467591666
182.43301720680066
182.93990361340215
183.43452910641935
183.9167414385742
184.3863910745806
184.8433313657299
185.28741872896052
185.71851283017082
186.13647677155407
186.54117728270427
186.9324849152168
187.3102742404917
187.67442405043747
188.02481756072152
188.36134261623147
188.6838918983628
188.99236313373277
189.28665930391722
189.56668885575442
189.83236591178076
190.08361048031114
190.32034866466975
190.542512871068
190.7500420145994
190.9428817228027
191.12098453624648
191.28431010555465
191.43282538428812
191.5665048170998
191.6853305225375
191.78929246990873
191.87838864955444
191.9526252359393
192.0120167429012
192.0565861704511
192.08636514248033
192.10139403474057
192.1017220924907
192.0874075371704
192.0585176614973
192.015128912382
191.9573269610721
191.88520675994428
191.79887258538662
191.69843806622197
191.58402619715716
191.4557693367549
191.31380918944973
191.15829677117222
190.98939235815197
190.8072654185318
190.612094526423
190.40406725812164
190.18338007019076
189.950238159197
189.7048553029238
189.44746061996946
189.1782706892745
188.89753076011507
188.60548697323415
188.30239297609873
187.98850965216806
187.664104831915
187.32945298589257
186.9848349002187
186.6305373349084
186.2668526655648
185.89407850900648
185.51251733350782
185.12247605436107
184.72426561560738
184.6788943281152
184.2600193484427
183.82735383021608
183.3809382847569
182.92108332806177
182.44831069671434
181.96329390895818
181.4668138529625
180.9597259120562
180.44293523744236
179.91737782250712
179.38400579191122
178.84377581642235
178.29763989181563
177.74653793890678
177.1913918306905
176.6331005554629
176.072536297237
175.5105412663545
174.94792515054107
174.38546308401274
173.82389405247216
173.26391966702727
172.7062032514742
172.1513691961153
171.6000025379009
171.05264873178007
170.50981358199567
169.97196330498383
169.43952469767817
168.91288538649087
168.3923941332045
167.87836117438803
167.37105857088952
166.8803381332664
166.3998106006268
165.92729539272702
165.46288305720591
165.0066251116587
164.55854287375715
164.11862157814193
163.68681094737693
163.26302420702862
162.84713676814826
162.43898448682285
162.03836139921017
161.64501680564913
161.2586515447039
160.87891325459958
160.50539036145096
160.13760445538193
159.77500060882693
159.41693504405833
159.06265935149156
158.711300169486
158.36183281879747
158.01304677510348
157.66349995652365
157.31145742761402
156.95480798624206
156.59094869977605
156.21662188257486
155.82767955757916
155.4187337995642
154.98262069261835
