0.0009372828944920752
0.0009463191437111077
0.000956884952685307
0.0009675026194430429
0.000978167088165276
0.0009888736164069978
0.0009996184536641536
0.0010103985156339505
0.0010212112312613397
0.0010320544297983197
0.0010429262576117648
0.0010538251157314051
0.0010647496118572442
0.0010756985225796394
0.0010866707629621014
0.0010976653615612558
0.0011086814395181099
0.001119718192852999
0.0011307748772110269
0.0011418507946385872
0.0011529452819964963
0.0011640577007562707
0.0011751874279448727
0.0011863338481417705
0.0011974963463163707
0.0012086743014836727
0.0012198670810306706
0.0012310740357005417
0.0012422944951572732
0.0012535277640333177
0.0012647731185353582
0.0012760298034330915
0.0012872970294862905
0.0012985739712651928
0.0013098597653045396
0.001321153508610858
0.0013324542574707557
0.0013437610265515671
0.0013550727882417266
0.001366388472290701
0.00137770696562544
0.0013890271124109006
0.001400347714318684
0.001411667530936143
0.0014229852804185953
0.0014342996401960032
0.0014456092479315417
0.0014569127025483323
0.0014682085653823782
0.0014794953614792725
0.0014907715809584535
0.0015020356804921896
0.001513286084849693
0.001524521188527124
0.0015357393574596658
0.0015469389307712167
0.001558118222566307
0.001569275523794821
0.0015804091041531894
0.0015915172139907374
0.0016025980862914991
0.0016136499386220477
0.0016246709751328516
0.001635659388578081
0.001646613362294309
0.0016575310722352177
0.0016684106889689036
0.0016792503797080386
0.0016900483102594607
0.0017008026470458236
0.001711511559045219
0.0017221732197428446
0.0017327858090318623
0.0017433475151300123
0.001753856536423236
0.001764311083292379
0.0017747093799194873
0.0017850496660467715
0.0017953301986667182
0.0018055492537128609
0.0018157051276960795
0.0018257961392754893
0.001835820630809633
0.0018457769698186144
0.0018556635504402793
0.001865478794818246
0.0018752211544220618
0.001884889111323201
0.00189448117942427
0.0019039959056069593
0.0019134318708656428
0.001922787691325404
0.0019320620192788108
0.0019412535440803513
0.0019503609930386512
0.00195938313222303
0.001968318767235715
0.0019771667439005478
0.0019859259489048886
0.0019945953103795893
0.002003173798435121
0.002011660425608622
0.002020054247270904
0.002028354362007567
0.0020365599118825645
0.002044670082708648
0.002052684104206707
0.002060601250162945
0.002068420838503817
0.002076142231322067
0.0020837648348657717
0.002091288099472361
0.0020987115194397456
0.0021060346328920835
0.0021132570215396094
0.0021203783104647416
0.0021273981678057233
0.0021343163044343556
0.002141132473592923
0.0021478464704719237
0.0021544581317793202
0.002160967335240363
0.002167373999119371
0.0021736780816465715
0.002179879580452581
0.0021859785319831696
0.0021919750108444487
0.002197869129180791
0.0022036610359768413
0.002209350916362857
0.0022149389908925087
0.0022204255148186576
0.0022258107773285916
0.002230914872351484
0.002235922989225882
0.0022408353160941947
0.0022456521244685196
0.0022503737504327033
0.002255000582242311
0.002259533051883146
0.002263971629174202
0.002268316817528234
0.0022725691507375625
0.002276729190512447
0.0022807975244554645
0.002284774764380324
0.0022886615448589115
0.0022924585219226967
0.002296166371900241
0.002299785790330753
0.0023033174909756152
0.0023067622048594054
0.002310120679379534
0.0023133936774547017
0.002316581976695235
0.0023196863686131552
0.002322707657859352
0.00232564666148192
0.002328504208208725
0.0023312811377379284
0.002333978300068446
0.002336596554825986
0.0023391367706063213
0.002341599824355248
0.002343986600730311
0.002346297991499146
0.0023485348949371255
0.0023506982152480026
0.0023527888619864117
0.002354807749497269
0.0023567557963670646
0.0023586339248806497
0.002360443060493246
0.00236218413132177
0.002363858067627186
0.002365465801325058
0.002367008265503796
0.002368486393949105
0.0023699011206821004
0.0023712533795131907
0.0023725441036001656
0.002373774225019487
0.002374944683625031
0.00237605639842033
0.0023771102958000693
0.0023781072914727777
0.0023790483145411296
0.0023799342822876175
0.0023807661082533983
0.0023815447019016763
0.0023822709682991827
0.0023829458078047676
0.0023835701157734765
0.0023841447822691656
0.0023846706917928407
0.0023851487230201144
0.0023855797485516235
0.002385964634674775
0.0023863042411384557
0.0023865994209384105
