16.09741991169673
16.097384607330625
16.09735077917056
16.097318290796483
16.097287049881864
16.09725697134169
16.097227973158635
16.097199975840056
16.097172902278405
16.097146677657207
16.09712122936286
16.09709648689824
16.097072381797588
16.097048847542812
16.09702581948136
16.097003234745674
16.09698103217431
16.09695915223484
16.096937536948538
16.096916129816865
16.09689487574989
16.096873720996527
16.096852613076717
16.096831500715485
16.09681033377891
16.09678906321203
16.096767640978555
16.09674602000256
16.096724154111968
16.0967019979839
16.09667950709185
16.096656637654664
16.09663334658727
16.096609591453202
16.096585330418783
16.096560522209103
16.096535126065564
16.096509101705156
16.096482409281315
16.096455009346393
16.09642686281571
16.09639793093314
16.096368175238236
16.0963375575349
16.096306039861506
16.096273584462534
16.096240153761627
16.096205710336136
16.096170216893118
16.096133636246716
16.09609593129699
16.096057065010168
16.09601700040031
16.095975700512383
16.095933128406735
16.095889247145035
16.09584401977755
16.095797409331947
16.095749378803458
16.095699891146516
16.095648909267883
16.095596396021197
16.09554231420304
16.095486626550528
16.095429295740388
16.09537028438965
16.09530955505783
16.095247070250778
16.095182792426105
16.09511668400029
16.095048707357442
16.09497882485977
16.094906998859788
16.0948331917143
16.09475736580012
16.094679483531696
16.094599507380522
16.094517399896457
16.09443312373093
16.094346641662113
16.09425791662205
16.09416691172573
16.094073590302227
16.093977915927834
16.093879852461235
16.093779364080767
16.093676415323742
16.09357097112781
16.093462996874457
16.09335245843454
16.093239322215886
16.093123555212973
16.093005125058607
16.09288400007761
16.092760149342492
16.092633542731008
16.092504150985597
16.092371945774627
16.092236899755356
16.09209898663855
16.091958181254626
16.091814459621244
16.091667799012217
16.091518178027613
16.091365576664856
16.091209976390733
16.09105136021411
16.090889712759108
16.090725020338603
16.09055727102782
16.090386454737754
16.090212563288162
16.09003559047991
16.089855532166357
16.089672386323453
16.0894861531183
16.089296834975844
16.089104436568565
16.08890896518828
16.088710430323506
16.088508844047404
16.08830422098388
16.088096578355554
16.087885936027302
16.087672316545007
16.08745574516917
16.087236249902947
16.087013861514304
16.086788613551917
16.08656054235448
16.086329687053087
16.08609608956642
16.085859794588405
16.08562084956816
16.08537930468197
16.08524328111436
16.085097135593312
16.084941084679063
16.08477538831718
16.084600348277885
16.08441629778515
16.08422359272577
16.084022604801834
16.08381371620566
16.08359731544647
16.083373794051536
16.083143543936107
16.08290695528864
16.08266441485559
16.082416304538263
16.082163000234672
16.081904870875142
16.081642277612023
16.08137557313288
16.081105101073362
16.080831195511
16.080554180525443
16.08027436981347
16.07999206634943
16.079707562083705
16.079421137672792
16.079133062235584
16.0788435931312
16.078552975753738
16.078261443339663
16.077969216783426
16.077676604179825
16.077383923834525
16.077091359407667
16.076799081843657
16.076507249046628
16.07621600559994
16.075925482415542
16.07563579634684
16.07534704974389
16.075059329931623
16.074772708589418
16.074487241005354
16.074202965172297
16.073919900684963
16.073638047386602
16.07335738370051
16.07307786456331
16.07279941885317
16.072521946173534
16.072245312808892
16.07196934660809
16.07169383046542
16.071418493948983
16.071143002451524
16.07086694298415
16.0705898053523
16.07031095687259
16.070029607881715
16.069744763832595
16.069455157362214
16.069159149579153
16.06885458241508
16.06853854994821
16.068207028719105
