774795.1449600001
1270523.2500280405
1248340.4165789778
1228021.4190517175
1209339.2229410177
1192124.7175055717
1176236.2085242285
1161550.6912449633
1147960.1217924603
1135369.0836073658
1123692.9994834382
1112856.660342767
1102792.987180153
1093441.9806560061
1084749.8259812177
1076668.127536098
1069153.2523576869
1062165.765281904
1055669.9414782436
1049633.3445258935
1044026.4601577965
1038822.37742491
1033996.5103722591
1029526.3544240677
1025391.272590405
1021572.3073669979
1018052.0148313859
1014814.3179653712
1011844.3766741342
1009128.472341827
1006653.9050739392
1004408.9020385845
1002382.535540137
1000564.6496461761
998945.7943480607
997517.1663711523
996270.555866622
995198.2983159674
994293.2310644668
993548.6539730118
992958.2937408398
992516.2715061769
992217.0730662859
992055.523593004
992026.7600560134
992126.211938574
992349.5792529908
992692.8141119456
993152.1035494156
993723.8537469357
994404.6755325003
995191.3710335818
996080.921378051
997070.4753478937
998157.3389002541
999338.965478987
1000612.947047585
1001977.0057811006
1003428.9863607879
1004966.8488205953
1006588.6618994443
1008292.5968575848
1010076.9217191543
1011939.9959065815
1013880.2652355322
1015896.2572419638
1017986.5768153231
1020149.902114238
1022384.9807430601
1024690.626169528
1027065.7143654466
1029509.180653817
1032020.0167472424
1034597.2679636577
1037240.0306065993
1039947.4494982349
1042718.7156543222
1045553.0640911594
1048449.7717553136
1051408.1555676777
1054427.5705740429
1057507.408194972
1060647.0945683254
1063846.0889782712
1067103.8823651124
1070419.9959106462
1073793.97969421
1077225.4114149034
1080713.8951758314
1084259.0603264961
1087860.5603598042
1091518.0718603623
1095231.2935010532
1098999.945085039
1102823.766630634
1106702.517496637
1110635.975545924
1114623.9363452976
1118666.2123997086
1122762.6324192008
1126913.0406170087
1131117.2960374015
1135375.2719120497
1139686.8550437477
1144051.9452164946
1148470.4546310538
1152942.3073651898
1157467.438857952
1162045.7954174115
1166677.3337514158
1171362.0205209847
1176099.8319161066
1180890.7532537438
1185734.7785979873
1190631.9104023415
1195582.159174284
1200585.5431622367
1205642.0880652226
1210751.8267655696
1215914.799085054
1221131.0515649987
1226400.63727089
1231723.6156221488
1237100.0522477631
1242530.0188685702
1248013.5932070003
1253550.858925194
1259141.905592437
1264786.8286829058
1270485.7296047849
1276238.7157618285
1282045.900648509
1287907.4039798754
1293823.3518573362
1299793.8769715386
1305819.118843542
1311899.2241055078
1318034.346822076
1324224.648853609
1330470.3002624647
1336771.479763352
1343128.3752188678
1349541.1841811559
1356010.114480606
1362535.384862378
1369117.225671434
1375755.8795866584
1382451.602404443
1389204.6638720054
1396015.3485704614
1402883.9568475466
1409810.805799573
1416796.230302007
1423840.5840877607
1430944.2408720427
1438107.5955221786
1445331.0652706465
1452615.0909690375
1459960.1383803568
1467366.6995066695
1474835.2939485696
1482366.4702926427
1489960.8075224063
1497618.9164479203
1505341.4411485456
1513129.0604228931
1520982.489239397
1528902.480180345
1536889.824871622
1544945.3553898092
1553069.945637581
1561264.5126778083
1569530.0180160846
1577867.4688206557
1586277.9190682692
1594762.470603624
1603322.274099569
1611958.5299045707
1620672.4887632716
1629465.4523954687
1638338.7739182182
1647293.8580952336
1656332.1613972452
1665455.191856559
1674664.508698576
1683961.7217327047
1693348.4904848256
1702826.523053125
1712397.5746690773
1722063.445945132
1731825.9807907697
1741687.0639785838
1751648.6183422653
1761712.7943679455
1771881.1787348606
1782155.8408696097
1792539.1493916183
1803032.9879888513
1813639.4263331739
1824360.540708614
