0.00020751
0.00016703460073603035
0.00016768698455078853
0.00016824285396921604
0.0001687582387674918
0.00016924681548914153
0.00016971274962765463
0.00017015802543678086
0.00017058406181284121
0.00017099207374158564
0.00017138315833004986
0.00017175832003566476
0.000172118482119663
0.00017246449462070076
0.00017279714110680406
0.00017311714471551705
0.00017342517361789082
0.00017372184596520538
0.00017400773436258634
0.00017428336991077685
0.0001745492458555475
0.0001748058208822144
0.0001750535220902359
0.00017529274768002503
0.00017552386938123602
0.0001757472346492082
0.00017596316865328004
0.00017617197607867145
0.00017637394276093056
0.0001765693371702958
0.00017675841176123923
0.00017694140420085612
0.00017711853848835816
0.00017729002597652638
0.00017745606630484477
0.00017761684825298463
0.00017777255052237238
0.00017792334245279206
0.0001780693846801647
0.00017821082974108667
0.00017834782262906652
0.0001784805013069299
0.00017860899718804136
0.00017873343552958338
0.00017885393592124315
0.00017897061257368986
0.00017908357470629795
0.0001791929268594172
0.00017929876919199543
0.00017940119775821203
0.0001795003047647746
0.00017959617881059341
0.00017968890511018982
0.00017977856570215112
0.0001798652396439004
0.00017994900319377009
0.00018002992998144952
0.0001801080911676603
0.00018018355559388426
0.00018025638992293585
0.00018032665877103533
0.0001803944248320347
0.00018045974899431934
0.0001805226904510315
0.0001805833068039589
0.0001806416541616696
0.00018069778723220763
0.00018075175941078655
0.0001808036228627924
0.0001808534286024558
0.00018090122656746544
0.0001809470656897899
0.00018099099396299908
0.00018103305850627674
0.00018107330562536247
0.00018111178087065136
0.00018114852909254772
0.00018118359449438473
0.00018121702068291516
0.00018124885071667545
0.00018127912715220886
0.000181307892088406
0.00018133518720901755
0.00018136105382343253
0.0001813855329058974
0.000181408665133175
0.00018143049092084066
0.0001814510504581896
0.00018147038374192518
0.00018148853060863396
0.000181505530766151
0.00018152142382386213
0.00018153624932201683
0.00018155004676006798
0.00018156285562413767
0.0001815747154136186
0.00018158566566696236
0.0001815957459867133
0.00018160499606377888
0.00018161345570103638
0.00018162116483624557
0.00018162816356431688
0.00018163449215897692
0.00018164019109384987
0.0001816453010629317
0.00018164986300056186
0.00018165391810081653
0.00018165750783641823
0.00018166067397712272
0.00018166345860760904
0.00018166590414490195
0.00018166805335531182
0.00018166994937089903
0.00018167163570550771
0.00018167315627028592
0.00018167455538881783
0.00018167587781174572
0.0001816771687309739
0.00018167847379339263
0.00018167983911415999
0.00018168131128950887
0.0001816829374091052
0.00018168476506789507
0.00018168684237751114
0.00018168921797715343
0.00018169194104398885
0.00018169506130302968
0.0001816986290364765
0.00018170269509254215
0.00018170731089369845
0.00018171252844436764
0.00018171840033802197
0.00018172497976366473
0.00018173232051170603
0.00018174047697917315
0.00018174950417426252
0.00018175945772020227
0.00018177039385839302
0.00018178236945081113
0.00018179544198164868
0.00018180966955815765
0.00018182511091067064
0.00018184182539177795
0.0001818598729746106
0.00018187931425022596
0.0001819002104240307
0.0001819226233112322
0.000181946615331275
0.00018197224950123163
0.00018199958942808652
0.00018202869929990936
0.00018205964387586174
0.000182092488474994
0.00018212729896377306
0.0001821641417423749
0.00018220308372956948
0.00018224419234628717
0.00018228753549773635
0.00018233318155403354
0.0001823811993293601
0.00018243165805949756
0.00018248462737779992
0.00018254017728946197
0.0001825983781440975
0.00018265930060654543
0.00018272301562586028
0.00018278959440243798
0.0001828591083532398
0.00018293162907502414
0.00018300722830559175
0.00018308597788296358
0.00018316794970242613
0.00018325321567146515
0.00018334184766245588
0.00018343391746315286
0.0001835294967248847
0.00018362865690843097
0.00018373146922758538
0.00018383800459032622
0.00018394833353761305
0.00018406252617978047
0.00018418065213053083
0.0001843027804385147
0.00018442897951652043
0.00018455931706829037
0.00018469386001298987
0.0001848326744073891
0.00018497582536578587
0.0001851233769777779
0.00018527539222393613
0.00018543193288951147
0.00018559305947628597
0.0001857588311127155
0.00018592930592892953
0.00018610453910031444
0.0001862845849400261
0.00018646949744713706
0.0001866593267421346
0.00018685412180383804
0.0001870539295389559
