304.2982791196024
-94.8918887576899
-94.34943189565203
-93.80640903734962
-93.26282076767737
-92.71866848421656
-92.17395458737052
-91.62868220919005
-91.08285517909093
-90.53647800796601
-89.98955587444267
-89.4420946123219
-88.89410069917655
-88.34558124606596
-87.796543988342
-87.24699727750847
-86.69695007408374
-86.14641194144623
-85.59539304060745
-85.04390412588667
-84.49195654144522
-83.93956221863594
-83.38673367414593
-82.83348400887584
-82.2798269075322
-81.72577663888721
-81.1713480566755
-80.61655660108595
-80.061418300804
-79.50594977558536
-78.95016823930675
-78.3940915034549
-77.8377379810363
-77.28112669083744
-76.72427726202669
-76.1672099390371
-75.60994558669996
-75.0525056955882
-74.49491238752188
-73.93718842120145
-73.3793571979228
-72.82144276732794
-72.26346983315027
-71.70546375890757
-71.14745057349307
-70.58945697662439
-70.03151034409086
-69.47363873276201
-68.91587088529212
-68.35823623447838
-67.8007649072169
-67.2434877279997
-66.68643622189467
-66.12964261695664
-65.57313984601059
-65.01696154773877
-64.46114206701894
-63.90571645445025
-63.350720465003874
-62.79619055573061
-62.24216388246528
-61.68867829545744
-61.13577233387242
-60.58348521908445
-60.031856846682736
-59.48092777721418
-58.93073922537476
-58.381333047914225
-57.83275172986661
-57.285038369245584
-56.738236660062014
-56.192390873614904
-55.64754583800576
-55.10374691579996
-54.56103997980365
-54.01947138688167
-53.479087949782716
-52.93993690692077
-52.40206589007539
-51.86552288996942
-51.33035621970351
-50.796614476009175
-50.2643464983235
-49.73360132563915
-49.20442815116632
-48.67687627477479
-48.15099505324934
-47.62683384836554
-47.10444197282422
-46.583868634075316
-46.06516287608418
-45.548373519101766
-45.03354909749444
-44.52073779574062
-44.009987382654245
-43.50134514396749
-42.99485781336816
-42.49057150213364
-41.98853162749076
-41.48878283986437
-40.991368949161604
-40.49633285029431
-40.003716448101144
-39.51356058188479
-39.02590494976916
-38.540788033102245
-38.058247021125844
-37.578317736173325
-37.10103455961663
-36.626430358850655
-36.15453641555442
-35.685382355519316
-35.218996080301864
-34.75540370099965
-34.294629474414265
-33.836695741894104
-33.38162287113437
-32.92943209226026
-32.48013403425027
-32.03374556814079
-31.590278653625447
-31.14974303973956
-30.71214623008702
-30.277493452843625
-29.845787635747953
-29.417029386285357
-28.99121697723458
-28.568346337753276
-28.148411050127887
-27.731402352312674
-27.317309146344297
-26.906118012704447
-26.49781323065942
-26.092376804599088
-25.6897884963471
-25.47208572646197
-24.83156151469369
-24.224226786301532
-23.645222871380913
-23.090630734061012
-22.557233443683472
-22.042358224395
-21.5437607523767
-21.059538213003794
-20.58806302571473
-20.127931715488515
-19.677925039230598
-19.236976577419657
-18.804147763980843
-18.378607863106016
-17.959617783395494
-17.546516894807866
-17.138712214702522
-16.735669477244848
-16.33690571071771
-15.941983030220893
-15.550503416172944
-15.162104297139305
-14.776454792732089
-14.393252501097821
-14.012220738200414
-13.633106153888964
-13.25567666387441
-12.879719648068765
-12.50504037482172
-12.131460617949372
-11.759225752334233
-11.387493488009087
-11.015327885869993
-10.642621492100854
-10.269278013037455
-9.895210315082911
-9.520341386983134
-9.144602861239775
-8.76793472319535
-8.39028486659176
-8.011608702035138
-7.631868816438408
-7.251034682740873
-6.869082420258949
-6.4859946073457495
-6.101760149308503
-5.716374206146515
-5.329838186463416
-4.94215981609569
-4.553353292700849
-4.163439540842309
-3.7724465862509375
-3.380410073049956
-2.9873739540644633
-2.5933913919219265
-2.198525917378217
-1.8028529002888698
-1.4064613952893532
-1.0094564218325568
-0.6119617104351649
-0.21412285326184569
0.1838894629469096
0.5818771515946393
0.9796161914040028
304.2982791196024
-94.8918887576899
-94.34943189565203
-93.80640903734962
-93.26282076767737
-92.71866848421656
-92.17395458737052
-91.62868220919005
-91.08285517909093
-90.53647800796601
-89.98955587444267
-89.4420946123219
-88.89410069917655
-88.34558124606596
-87.796543988342
-87.24699727750847
-86.69695007408374
-86.14641194144623
-85.59539304060745
-85.04390412588667
-84.49195654144522
-83.93956221863594
-83.38673367414593
-82.83348400887584
-82.2798269075322
-81.72577663888721
-81.1713480566755
-80.61655660108595
-80.061418300804
-79.50594977558536
-78.95016823930675
-78.3940915034549
-77.8377379810363
-77.28112669083744
-76.72427726202669
-76.1672099390371
-75.60994558669996
-75.0525056955882
-74.49491238752188
-73.93718842120145
-73.3793571979228
-72.82144276732794
-72.26346983315027
-71.70546375890757
-71.14745057349307
-70.58945697662439
-70.03151034409086
-69.47363873276201
-68.91587088529212
-68.35823623447838
-67.8007649072169
-67.2434877279997
-66.68643622189467
-66.12964261695664
-65.57313984601059
-65.01696154773877
-64.46114206701894
-63.90571645445025
-63.350720465003874
-62.79619055573061
-62.24216388246528
-61.68867829545744
-61.13577233387242
-60.58348521908445
-60.031856846682736
-59.48092777721418
-58.93073922537476
-58.381333047914225
-57.83275172986661
-57.285038369245584
-56.738236660062014
-56.192390873614904
-55.64754583800576
-55.10374691579996
-54.56103997980365
-54.01947138688167
-53.479087949782716
-52.93993690692077
-52.40206589007539
-51.86552288996942
-51.33035621970351
-50.796614476009175
-50.2643464983235
-49.73360132563915
-49.20442815116632
-48.67687627477479
-48.15099505324934
-47.62683384836554
-47.10444197282422
-46.583868634075316
-46.06516287608418
-45.548373519101766
-45.03354909749444
-44.52073779574062
-44.009987382654245
-43.50134514396749
-42.99485781336816
-42.49057150213364
-41.98853162749076
-41.48878283986437
-40.991368949161604
-40.49633285029431
-40.003716448101144
-39.51356058188479
-39.02590494976916
-38.540788033102245
-38.058247021125844
-37.578317736173325
-37.10103455961663
-36.626430358850655
-36.15453641555442
-35.685382355519316
-35.218996080301864
-34.75540370099965
-34.294629474414265
-33.836695741894104
-33.38162287113437
-32.92943209226026
-32.48013403425027
-32.03374556814079
-31.590278653625447
-31.14974303973956
-30.71214623008702
-30.277493452843625
-29.845787635747953
-29.417029386285357
-28.99121697723458
-28.568346337753276
-28.148411050127887
-27.731402352312674
-27.317309146344297
-26.906118012704447
-26.49781323065942
-26.092376804599088
-25.6897884963471
-25.47208572646197
-24.83156151469369
-24.224226786301532
-23.645222871380913
-23.090630734061012
-22.557233443683472
-22.042358224395
-21.5437607523767
-21.059538213003794
-20.58806302571473
-20.127931715488515
-19.677925039230598
-19.236976577419657
-18.804147763980843
-18.378607863106016
-17.959617783395494
-17.546516894807866
-17.138712214702522
-16.735669477244848
-16.33690571071771
-15.941983030220893
-15.550503416172944
-15.162104297139305
-14.776454792732089
-14.393252501097821
-14.012220738200414
-13.633106153888964
-13.25567666387441
-12.879719648068765
-12.50504037482172
-12.131460617949372
-11.759225752334233
-11.387493488009087
-11.015327885869993
-10.642621492100854
-10.269278013037455
-9.895210315082911
-9.520341386983134
-9.144602861239775
-8.76793472319535
-8.39028486659176
-8.011608702035138
-7.631868816438408
-7.251034682740873
-6.869082420258949
-6.4859946073457495
-6.101760149308503
-5.716374206146515
-5.329838186463416
-4.94215981609569
-4.553353292700849
-4.163439540842309
-3.7724465862509375
-3.380410073049956
-2.9873739540644633
-2.5933913919219265
-2.198525917378217
-1.8028529002888698
-1.4064613952893532
-1.0094564218325568
-0.6119617104351649
-0.21412285326184569
0.1838894629469096
0.5818771515946393
0.9796161914040028
