0.03522
0.04157650678442712
0.04785940174634445
0.0540079559870356
0.06002771308494754
0.06592360756913222
0.07169988527433092
0.07736012427754409
0.08290734785969998
0.08834415025910572
0.09367280607128578
0.09889535587282576
0.10401366947162394
0.10902949101757074
0.11394447047693691
0.11876018530837687
0.12347815530128027
0.12809985273455504
0.13262670937241175
0.1370601213361606
0.1414014525507401
0.14565203722924616
0.14981318169918043
0.15388616576764674
0.1578722437523898
0.16177264525939808
0.1655885757575566
0.16932121698089697
0.1729717271756721
0.17654124120028727
0.1800308704794467
0.18344170280865243
0.18677480200068008
0.19003120736138948
0.1932119329777969
0.19631796679648067
0.1993502694648167
0.20230977290099864
0.2051973785509944
0.20801395528122613
0.21076033684443896
0.21343731884256786
0.21604565509394172
0.2185860532923547
0.22105916982200224
0.22346560356457368
0.22580588850307978
0.22808048489122354
0.23028976872176568
0.23243401919209966
0.23451340384542074
0.2365279610735142
0.23847757994638374
0.24036197591421654
0.24218066671469038
0.24393294320160172
0.24561784316989882
0.24723413007556008
0.2487802853904597
0.2502545280993297
0.25165488182808315
0.2529793173370222
0.2542260012663481
0.2553936721848296
0.2564821299019568
0.25749275739941907
0.258428915904789
0.2592960202424873
0.2601011783172388
0.26085245828944087
0.2615580163137541
0.26222535397211744
0.2628608551381063
0.26346964379564464
0.26405563597802
0.26462171999928996
0.2651699678277664
0.2657018338958283
0.26621832134502493
0.266720111825386
0.26720766266299567
0.2676812775690205
0.268141157022863
0.2685874336469534
0.26902019679472156
0.2694395094771
0.2698454199186477
0.27023796936165606
0.2706171972736894
0.2709831447604181
0.2713358567445667
0.2716753832998841
0.27200171237097
0.27231500029574474
0.2726153055065273
0.27290269665044964
0.2731773199761403
0.2734391649162242
0.2736883330727218
0.2739249279129297
0.2741490436346406
0.2743608062141532
0.2745603268331756
0.27474772087363253
0.274923107575755
0.27508660968369025
0.2752383531297435
0.2753784667472623
0.2755070820058355
0.2756243327648207
0.27573035504259197
0.27582528679975155
0.2759092677350144
0.27598243909280473
0.27604494348175745
0.27609692470345804
0.27613852759082325
0.2761698978555794
0.2761911819443343
0.27620252690277886
0.27620408024757487
0.27619598984551147
0.2761784037995435
0.2761514703413287
0.27611533772992036
0.27607015415627634
0.276016067653269
0.2759532260109017
0.2758817766964396
0.27580186677920093
0.2757136428597418
0.27561725100321177
0.2755128366766409
0.2754005446899591
0.2752805191405428
0.2751529033610977
0.27501783987070844
0.2748754703288827
0.27472593549243335
0.2745693751750562
0.27440592820945703
0.2742357324119062
0.2740589245490872
0.2738756403071361
0.2736860142627555
0.27349017985629925
0.27328826936674344
0.2730804138884364
0.2728667433095638
0.2726473862922236
0.27242247025406163
0.2721921213513784
0.27195646446364846
0.27171562317938563
0.27146971978330076
0.27121887524468535
0.2709632092069807
0.2707028399784687
0.2704378845240488
0.2701684584580446
0.26989467603800943
0.2696166501594761
0.26933449235162166
0.26904831277380625
0.26875822021295176
0.2684643220817224
0.2681667244174783
0.2678655318819687
0.26756084776173594
0.26725277396919983
0.2669414110443896
0.26662685815730935
0.26630921311089306
0.2659885723445389
0.26566499906245195
0.26533862078340725
