6097692.8633472
6804114.320548876
6871314.106993127
6934729.5571180675
6994561.423887625
7051117.560431547
7104695.662117879
7155563.298034682
7203957.764571537
7250089.457051641
7294145.429978963
7336292.540360416
7376680.127119711
7415442.282606302
7452699.7815072285
7488561.724378126
7523126.943239297
7556485.20815907
7588718.2667580675
7619900.742910488
7650100.916342502
7679381.4011162035
7707799.73796687
7735408.9129942125
7762257.813185052
7788391.627580321
7813852.2015244905
7838678.350295831
7862906.137468411
7886569.122565735
7909698.581903656
7932323.705964122
7954471.776172513
7976168.323555117
7997437.271417802
8018301.06390108
8038780.782023716
8058896.24861883
8078666.123388248
8098107.989147565
8117238.430202426
8136073.10368269
8154626.804562268
8172913.525007111
8190946.508619255
8208738.300080059
8226300.790639199
8243645.259846415
8260782.41387957
8277722.420784588
8294474.9429090265
8311049.166781716
8327453.830664583
8343697.24997971
8359787.340794243
8375731.641527464
8391537.333028264
8407211.25715678
8422759.93399125
8438189.577769358
8453506.111663532
8468715.181480017
8483822.168363618
8498832.200582433
8513750.164460303
8528580.714518685
8543328.282884283
8557997.088013876
8572591.142783305
8587114.26198374
8601570.069264658
8615962.003559623
8630293.325028151
8644567.120544126
8658786.308758864
8672953.644764608
8687071.724382354
8701142.988095941
8715169.72465274
8729154.074349673
8743098.032022074
8757003.449751416
8770872.039306955
8784705.374335168
8798504.892310116
8812271.896256614
8826007.556257848
8839712.910757786
8853388.867668591
8867036.205292264
8880655.573065585
8894247.492136627
8907812.355780913
8921350.42966485
8934861.851963766
8948346.633341558
8961804.656798737
8975235.677395517
8988639.32185628
9002015.088061728
9015362.344434971
9028680.329227477
9041968.149711113
9055224.781282248
9068449.066483902
9081639.713952076
9094795.29729243
9107914.253893426
9120994.883682346
9134035.347830549
9147033.667414637
9159987.722040158
9172895.248434981
9185753.83901921
9198560.940459238
9211313.852213368
9224009.725076878
9236645.559734687
9249218.205329828
9261724.358056542
9274160.559786852
9286523.19673984
9298808.498203209
9311012.535316959
9323131.2199294
9335160.303535836
9347095.37631093
9358931.86624563
9370665.038400184
9382289.994284904
9393801.671380633
9405194.842811117
9416464.117179833
9427603.938583935
9438608.586818188
9449472.177782048
9460188.664103065
9470751.835989924
9481155.3223286
9491392.592034962
9501456.95567731
9511341.56738222
9521039.427036783
9530543.38280049
9539846.133939432
9548940.233995344
9557818.094301723
9566471.98785859
9574894.053577239
9583076.300905375
9591010.61484277
9598688.761356426
9606102.393203642
9613243.056170467
9620102.19573177
9626671.164138407
9632941.227935415
9638903.575914279
9644549.327500617
9649869.5415774
9654855.225742271
9659497.345995896
9663786.836856661
9667714.611895239
9671271.57468092
9674448.630129369
9677236.69624025
9679626.716210384
9681609.67090691
9683176.591682484
9684318.573512536
9685026.788433004
9685292.499254478
9685107.073527103
9684461.997728394
9683348.891644387
9681759.522912636
9679685.821693871
9677119.89543731
9674054.043703202
9670480.773004586
9666392.811628802
9661783.12439834
9656644.927329151
9650971.702143738
9644757.210595645
9637995.508561157
9630680.959853573
9622808.24971519
9614372.397942018
9605368.771596082
9595793.09726083
9585642.970512576
9574911.798826793
9563596.680192783
9551697.67041542
9539211.029712316
9526134.868140941
9512467.724596972
9498208.573939376
