5.865026380854522
5.862948241366151
5.860879337814965
5.858819552336347
5.85676879145807
5.85472696945514
5.852694004757615
5.850669818995342
5.8486543366161285
5.846647484633305
5.844649192408977
5.842659391454688
5.840678015246565
5.83870499905472
5.836740279786692
5.834783795844523
5.832835486994725
5.830895294250356
5.8289631597642755
5.827039026732688
5.825122839308071
5.82321454252066
5.821314082207687
5.819421404949639
5.817536458012864
5.815659189297909
5.813789547293034
5.81192748103239
5.810072940058418
5.808225874388045
5.806386234482309
5.804553971219094
5.802729035868661
5.800911380071715
5.799100955819766
5.797297715437568
5.795501611567448
5.793712597155328
5.791930625438325
5.79015564993374
5.788387624429352
5.786626502974869
5.784872239874551
5.783124789680354
5.781384107186857
5.779650147426134
5.777922865663807
5.7762022173957
5.7744881583451395
5.772780644460823
5.771079631915241
5.769385077103589
5.767696936643146
5.766015167373079
5.764339726354647
5.762670570871774
5.7610076584319705
5.759350946767577
5.757700393837306
5.756055957828078
5.754417597157123
5.752785270474326
5.751158936664823
5.749538554851819
5.747924084399624
5.746315484916894
5.744712716260061
5.743115738536967
5.741524512110668
5.739938997603414
5.738359155900796
5.736784948156066
5.735216335794595
5.733653280518512
5.732095744311464
5.730543689443549
5.72899707847637
5.727455874268245
5.725920039979552
5.724389539078202
5.72286433534526
5.721344392880684
5.719829676109206
5.718320149786342
5.716815779004522
5.715316529199359
5.713822366156037
5.712333256015829
5.710849165282743
5.709370060830283
5.707895909908348
5.706426680150249
5.704962339579839
5.703502856618793
5.702048200093983
5.700598339244987
5.699153243731726
5.697712883642214
5.6962772295004305
5.694846252274319
5.693419923383898
5.691998214709496
5.69058109860011
5.68916854788187
5.687760535866629
5.686357036360675
5.684958023673537
5.683563472626934
5.682173358563812
5.680787657357504
5.679406345420996
5.678029399716305
5.676656797763958
5.675288517652578
5.673924538048564
5.672564838205887
5.671209397975962
5.669858197817625
5.668511218807203
5.667168442648664
5.66582985168385
5.664495428902802
5.663165157954143
5.661839023155551
5.660517009504278
5.659199102687761
5.657885289094261
5.656575555823571
5.6552698906977685
5.6539682822720065
5.652670719845339
5.6513771934715775
5.65008769397017
5.648802212937094
5.6475207427557494
5.64624327660787
5.644969808484406
5.643700333196408
5.642434846385877
5.641173344536583
5.639915824984843
5.638662285930252
5.637412726446341
5.636167146491178
5.634925546917882
5.633687929485039
5.632454296867034
5.63122465266425
5.629999001413154
5.628777348596248
5.62755970065187
5.626346064983832
5.625136449970902
5.62393086497608
5.622729320355697
5.621531827468303
5.620338398683327
5.619149047389504
5.6179637880030695
5.616782635975673
5.6156056078020375
5.614432721027327
5.613263994254209
5.6120994471496175
5.6109391004511835
5.60978297597333
5.608631096613017
5.607483486355124
5.606340170277459
5.605201174555373
5.6040665264659815
5.602936254391975
5.601810387824997
5.6006889573685985
5.5995719947407325
5.598459532775812
5.597351605426281
5.596248247763723
5.595149495979477
5.594055387384762
5.592965960410292
5.591881254605399
5.590801310636611
5.589726170285731
5.588655876447374
5.5875904731259745
5.586530005432246
5.58547451957912
5.584424062877116
5.583378683729185
5.5823384316250015
5.581303357134702
5.580273511902099
5.579248948637691
5.578229721110531
5.577215884137201
5.57620749357879
5.5752046063267215
5.574207280294172
5.573215574405601
