265.7262197549315
264.89150238150785
264.0643797798289
263.24438834648157
262.43105362826066
261.62392718777716
260.8225920504379
260.0266615483591
259.235776960311
258.4496050969578
257.66783606268734
256.89018122689606
256.1163713951712
255.34615516258285
254.57929743071773
253.81557807125168
253.05479072041175
252.2967416902536
251.5412489841765
250.78814140548036
250.03725774902054
249.28844606714253
248.5415630020823
247.79647317790852
247.0530486458727
246.31116837772777
245.57071780218982
244.83158838025813
244.09367721558434
243.35688669650136
242.62112416669143
241.88630162179842
241.15233542957762
240.41914607142903
239.68665790338497
238.9547989348223
238.2235006233436
237.49269768443048
236.76232791460848
236.03233202698797
235.3026534981555
234.5732384254869
233.84403539421675
233.11499535245775
232.38607149608458
231.65721915938502
230.9283957135018
230.19956047110838
229.4706745970137
228.74170102426262
228.01260437533423
227.28335088807395
226.5539083460264
225.82424601286294
225.09433457062374
224.36414606151422
223.63365383302076
222.90283248612477
222.1716578264142
221.44010681790607
220.70815753940738
219.97578914325598
219.24298181629385
218.50971674293584
217.7759760702082
217.04174287463894
216.3070011308912
215.57173568203808
214.83593221138491
214.09957721575157
213.36265798013167
212.62516255365406
211.8870797267746
211.14839900963153
210.40911061150277
209.66920542130677
208.9286749890928
208.18751150846913
207.44570779992182
206.7032572949788
205.9601540211776
205.2163925877968
204.47196817231372
203.72687650755364
202.98111386949745
202.23467706571623
201.4875634244037
200.73977078397837
199.9912974832292
199.24214235198014
198.49230470224902
197.74178431987977
196.99058145662516
196.23869682266144
195.4861315795135
194.7328873333748
193.97896612880191
193.22437044276873
192.46910317906367
191.7131676630142
190.95656763652462
190.19930725341223
189.44139107502832
188.68282406615137
187.92361159113918
187.1637594103276
186.40327367666416
185.64216093256482
184.88042810698275
184.11808251267777
183.35513184367625
182.59158417291022
181.82744795002625
181.06273199935333
180.29744551802
179.531598074211
178.76519960555393
177.99826041762614
177.23079118257218
176.4628029378232
175.6943070849081
174.9253153883481
174.15583997462457
173.38589333121197
172.61548830566625
171.84463810475924
171.0733562936509
170.30165679508937
169.52955388863077
168.75706220986845
167.98419674966385
167.21097285336887
166.4374062200314
165.6635129015744
164.8893093019398
164.11481217618783
163.340038629543
162.56500611637694
161.78973243912043
161.01423574709378
160.23853453524802
159.46264764280699
158.68659425180203
157.9103938854898
157.13406640664522
156.35763201571973
155.58111124885752
154.80452497576033
154.02789439739277
153.2512410435204
152.4745867700717
151.69795375631733
150.9213645018577
150.14484182341292
149.368408851407
148.5920890263404
147.8159060949438
147.03988410610728
146.26404740657938
145.4884206364305
144.71302872427572
143.9378968822526
143.1630506007504
142.38851564288657
141.61431803872821
140.84048407925593
140.06704031006836
139.29401352482617
138.52143075843506
137.74931927996826
136.977706585329
136.20662038965486
135.43608861946626
134.6661394045622
133.8968010696676
133.12810212583608
132.36007126161508
131.59273733397833
130.8261293590341
130.06027650251696
129.29520807007208
128.53095349734207
127.76754233986752
127.00500426281256
126.24336903052861
125.48266649596962
124.72292658997361
123.96417931042562
123.20645471131894
122.44978289173125
121.69419398473413
120.93971814625526
120.18638554391235
119.4342263463891
118.68327071205039
117.93354877273542
117.18509063386135
116.4379263545054
115.69208593908103
114.94759932658522
