1270.071142501126
1270.6763271330512
1271.2300630999384
1271.7353104306546
1272.194970750291
1272.611874787506
1272.9887690614596
1273.3283047731297
1273.6330289090579
1273.905377444797
1274.1476705002328
1274.3621092752862
1274.5507745809343
1274.7156267733183
1274.8585068990878
1274.98113886599
1275.0851324614907
1275.1719870551237
1275.243095834322
1275.2997504388252
1275.343145874404
1275.3743856020835
1275.3944867138737
1275.4043851199199
1275.4049406848153
1275.396942262426
1275.3811125889415
1275.358113002994
1275.328547969624
1275.2929693916874
1275.251880698058
1275.205740702839
1275.154967233763
1275.0999405312243
1275.0410064219693
1274.978479273512
1274.9126447368765
1274.8437622864162
1274.7720675662504
1274.6977745533661
1274.6210775477073
1274.5421529996588
1274.4611611852613
1274.378247739308
1274.2935450561856
1274.2071735679745
1274.11924290893
1274.029852975014
1273.9390948866996
1273.8470518628035
1273.7538000126287
1273.6594090532303
1273.5639429581672
1273.4674605436528
1273.370015997595
1273.2716593566054
1273.172436935674
1273.0723917148273
1272.9715636867527
1272.8699901690409
1272.7677060843946
1272.6647442118667
1272.5611354119274
1272.4569088279172
1272.3520920662133
1272.2467113572231
1272.140791699135
1272.0343569861718
1271.9274301229286
1271.8200331262296
1271.7121872158011
1271.6039128949344
1271.4952300221878
1271.38615787509
1271.2767152066967
1271.166920295772
1271.05679099129
1270.9463447518783
1270.8355986807605
1270.724569556696
1270.6132738613705
1270.501727803625
1270.389947340896
1270.277948198171
1270.1657458847537
1270.0533557090844
1269.940792791845
1269.8280720775497
1269.7152083447925
1269.602216215316
1269.489110162039
1269.3759045161644
1269.2879028948223
1269.2246200564666
1269.1858771677773
1269.171496361517
1269.181300829309
1269.2151148841722
1269.2727640017936
1269.3540748468492
1269.4588752888283
1269.58699441049
1269.7382625111532
1269.9125111063745
1270.1095729250992
1270.3292819050553
1270.5714731869311
1270.8359831077153
1271.1226491934622
1271.4313101516786
1271.7618058634553
1272.1139773754414
1272.487666891727
1272.8827177656729
1273.298974491728
1273.7362826972533
1274.1944891343664
1274.673441671821
1275.1729892869207
1275.692982057489
1276.2332711538784
1276.7937088310366
1277.3741484206241
1277.974444323186
1278.5944520003757
1279.2340279672405
1279.8930297845534
1280.5713160512048
1281.2687463966486
1281.9851814734004
1282.7204829495927
1283.4745135015808
1284.2471368066053
1285.0382175355057
1285.8476213454865
1286.6752148729372
1287.5208657263045
1288.3844424790136
1289.2658146624453
1290.164852758958
1291.0814281949656
1292.0154133340639
1292.9666814702057
1293.935106820927
1294.9205645206225
1295.9229306138661
1296.9420820487858
1297.9778966704841
1299.0302532145033
1300.0990313003429
1301.1841114250203
1302.2853749566812
1303.4027041282543
1304.535982031154
1305.685092609025
1306.849920651538
1308.0303517882253
1309.2262724823643
1310.4375700249036
1311.6641325284347
1312.9058489212068
1314.1626089411839
1315.4343031301469
1316.7208228278387
1318.0220601661497
1319.3379080633467
1320.6682602183448
1322.0130111050196
1323.3720559665605
1324.7452908098655
1326.1326123999781
1327.5339182545617
1328.949106638417
1330.378076558037
1331.8207277562035
1333.276960706621
1334.7466766085913
1336.2297773817259
1337.726165660696
1339.2357447900238
1340.7584188189073
1342.294092496086
1343.8426712647426
1345.4040612574415
1346.9781692911063
1348.5649028620298
1350.1641701409244
1351.7758799680057
1353.3999418481135
1355.036265945867
1356.6847630808563
1358.3453447228685
1360.0179229871474
1361.7024106296903
1363.3987210425767
1365.1067682493308
1366.8264669003206
1368.5577322681866
1370.3004802433065
1372.054627329293
