15.71436
17.067654387952988
17.077522922830465
17.092407987097907
17.110274867574727
17.129915849180314
17.150602203654625
17.171890495836596
17.193507123397666
17.215279451018176
17.237094726799594
17.258875557805332
17.280565251712435
17.30211903396772
17.323498761238046
17.34466971249805
17.365598611536353
17.386252375716296
17.40659728894645
17.426598417694333
17.446219160724212
17.465420865834783
17.48416247198759
17.50240014988314
17.520086922405763
17.537172250924247
17.553601575625553
17.569315798766947
17.584250699419677
17.598336267202072
17.611495940855534
17.62364573522915
17.63469323743015
17.64453644938212
17.653062449801425
17.660145843486163
17.66564695967324
17.66940975388085
17.671259358926
17.670999220500853
17.668407740641136
17.66323433855917
17.655194822732184
17.643965951289136
17.62917904069833
17.610412467689574
17.587182900318894
17.55893509843466
17.52503015377313
17.484732117645688
17.437193124089593
17.381437417811036
17.316343909650637
17.240636638556424
17.152868607203153
17.05142766640749
16.934557491615404
16.800414940067373
16.647184782582787
16.473281520255487
16.27767249771558
16.060348941773608
15.822935992571779
15.569350092573291
15.306279252230633
15.043132324038753
14.79111730527042
14.561418501311664
14.362991916737545
14.200885821301304
14.0757917793294
13.984839000765563
13.923031973693558
13.884678259826766
13.864366332241854
13.85747623538596
13.860325537329238
13.870110761144144
13.884763162323013
13.902788452001179
13.923123033098362
13.945017527385732
13.96794768982139
13.99154863217613
14.015567346154345
14.039828938665238
14.064212856691263
14.088636254776233
14.11304241181091
14.137392687676273
14.161660948915323
14.185829710418357
14.209895323534056
14.233836104943581
14.25765353928642
14.281345269349735
14.304902359918358
14.328339011498445
14.351649712248335
14.374835211374196
14.397897337081025
14.420836260294426
14.443653954090344
14.466352116597026
14.488932514400483
14.511396960824488
14.533747300556914
14.555985398633778
14.578113132480699
14.600132386097872
14.622045045749921
14.643852996712628
14.665558120765246
14.68716229420993
14.708667386266487
14.73007525773687
14.75138775986586
14.772606733345315
14.793734007428165
14.81477139912527
14.83572071246932
14.856583737832127
14.877362251284687
14.898058014004858
14.918672771708167
14.939208254119166
14.95966617446929
14.980048229021554
15.000356096623095
15.020591438283088
15.040755896775165
15.06085109625873
15.080878641935726
15.100840119716892
15.120737095917512
15.140571116972842
15.160343709175315
15.180056378431924
15.199710610042718
15.21930786849865
15.238849597298998
15.258337218788187
15.277772134011009
15.297155722585575
15.316489342595068
15.335774330495823
15.355012001043004
15.374203647232106
15.393350540257131
15.412453929484041
15.431515042439331
15.450535084813524
15.46951524047885
15.488456671520968
15.507360518284012
15.526227899429047
15.545059912004643
15.563857631530292
15.582622112091103
15.601354386444466
15.620055466137469
15.638726341635168
15.657367982459055
15.6759813373352
15.694567334352746
15.713126881130345
15.731660864993136
15.750170153156004
15.768655592917327
15.787118011858823
15.805558218053712
15.82397700028167
15.842375128251122
15.860753352827574
15.879109878951121
15.897450418049608
