1.500349546061796
1.4997669342722093
1.4997070101884271
1.499705381537512
1.49971008525107
1.4997153177580633
1.4997204367462897
1.4997253762490084
1.4997301343827745
1.4997347161735965
1.4997391271889409
1.4997433728362894
1.499747458292952
1.4997513885059681
1.4997551681996097
1.49975880188354
1.4997622938608566
1.4997656482359358
1.4997688689220723
1.499771959648916
1.4997749239697133
1.499777765268354
1.4997804867662305
1.499783091528918
1.4997855824726738
1.4997879623707704
1.499790233859663
1.4997923994449989
1.4997944615074763
1.4997964223085594
1.4997982839960535
1.4998000486095509
1.4998017180857504
1.49980329426366
1.4998047788896889
1.4998061736226322
1.499807480038562
1.4998086996356215
1.4998098338387393
1.4998108840042617
1.4998118514245116
1.4998127373322838
1.4998135429052772
1.4998142692704721
1.4998149175084587
1.4998154886577209
1.4998159837188805
1.4998164036589077
1.499816749415302
1.4998170219002478
1.4998172220047465
1.4998173506027355
1.499817408555189
1.4998173967142108
1.4998173159271162
1.4998171670405114
1.4998169509043664
1.4998166683760865
1.4998163203245833
1.499815907634345
1.4998154312095051
1.4998148919779133
1.4998142908952017
1.4998136289488493
1.4998129071622424
1.4998121265987259
1.4998112883656443
1.4998103936183667
1.4998094435642944
1.49980843946684
1.4998073826493798
1.4998062744991638
1.4998051164711839
1.4998039100919855
1.4998026569634189
1.4998013587663135
1.4998000172640726
1.4997986343061698
1.4997972118315384
1.4997957518718394
1.4997942565545943
1.4997927281061674
1.4997911688545826
1.4997895812321576
1.4997879677779375
1.4997863311399144
1.4997846740770058
1.4997829994607825
1.49978131027692
1.4997796096263536
1.4997779007261216
1.499776186909868
1.4997744716279917
1.4997727584474136
1.4997710510509472
1.4997693532362457
1.4997676689143093
1.4997660021075303
1.499764356947255
1.4997627376708458
1.499761148618225
1.4997595942278805
1.4997580790323213
1.4997566076529645
1.4997551847944461
1.4997538152383387
1.499752503836274
1.4997512555024581
1.4997500752055806
1.4997489679601117
1.4997479388169952
1.499746992853737
1.4997461351639032
1.499745370846035
1.4997447049920025
1.499744142674812
1.4997436889358964
1.4997433487719147
1.4997431271210944
1.4997430288491562
1.4997430587642537
1.4997432214867976
1.4997435216015147
1.4997439635389802
1.4997445515800683
1.4997452898423882
1.4997461822649227
1.4997472325925336
1.4997484443605757
1.499749820879713
1.4997513652210177
1.4997530802014405
1.4997549683697362
1.4997570319929323
1.4997592730434275
1.4999655978021338
1.4999743270732788
1.4999641135426818
1.4999525009612755
1.4999413020649002
1.499930770660048
1.4999209869917685
1.4999119970709165
1.499903829755001
1.4998965011474317
1.4998900171669054
1.4998843754900284
1.4998795670924128
1.4998755774895578
1.4998723877461997
1.499869975304831
1.4998683146715834
1.4998673779885396
1.499867135514763
1.499867556033264
1.4998686071972704
1.4998702558262513
1.4998724681598707
1.4998752100763122
1.499878447280035
1.4998821454629567
1.4998862704421863
1.4998907882767525
1.4998956653652062
1.4999008685255033
1.4999063650581825
1.4999121227934926
1.4999181101228005
1.4999242960143007
1.499930869851035
1.4999376514567562
1.4999445406959724
1.499951502774329
1.499958509175105
1.4999655322458685
1.4999725444762095
1.4999795183270466
1.49998642604869
1.499993239455748
1.499999929646508
1.5000064666534392
1.500012819007464
1.5000189531929502
1.5000248329625476
1.5000304184701165
1.5000356651647282
1.5000405223669742
1.5000449314174467
1.5000488232412492
1.5000521151037811
1.500054706228802
1.5000564717880327
1.5000572545147346
1.5000568527751272
1.5000550032287514
1.5000513549884107
1.5000454299857948
1.5000365600792407
1.500023783108678
1.5000056623079936
