1072.955000893343
318.7749581968337
318.003527546313
317.22131244860077
316.47942946930885
315.77208548879946
315.1028285502653
314.4714059544091
313.87648215286066
313.31613306190707
312.7881495526767
312.2902230003159
311.82005786467187
311.3754381527164
310.9542650039307
310.5545757677504
310.17455171880624
309.81251825936766
309.46694097716244
309.1364188628996
308.81967622901544
308.51555398437466
308.223000750972
307.9410640679558
307.66888203075223
307.40567537758983
307.15074006056756
306.9034403913841
306.66320265460564
306.4295093544141
306.2018938023152
305.97993534770376
305.7632548984978
305.55151092736986
305.34439579636563
305.14163242120935
304.94297130693843
304.7481878072937
304.5570796630084
304.3694647106923
304.185178951125
304.00407464566706
303.82601870102536
303.65089115380454
303.478583790326
303.3089989826709
303.142048506901
302.9776525836783
302.81573897496344
302.6562421121259
302.49910241824097
302.3442655974226
302.19168204651214
302.0413063003195
301.8930965271139
301.74701409737946
301.60302317944866
301.46109038699973
301.3211844131787
301.18327577907377
301.04733652985124
300.9133400343549
300.7812607448787
300.65107400015324
300.52275588532837
300.39628304232656
300.27163255471976
300.1487817987683
300.0277083899888
299.9083900004281
299.7908043563997
299.6749291162092
299.5607418212536
299.44821983644556
299.33734029622724
299.228080041846
299.12041564711745
299.0143232879211
298.9097788381966
298.8067577411758
298.70523503588623
298.6051853679089
298.50658292749296
298.4094014919008
298.3136143826695
298.21919448294364
298.1261142231439
298.0343456103407
297.9438602042155
297.85462914662895
297.76662313441705
297.6798124740881
297.59416702808807
297.5096562926836
297.42624936175827
297.3439149613698
297.2626214387207
297.1823367960299
297.10302869212626
297.02466445841367
296.9472110982105
296.8706353222946
296.79490356747067
296.7199819523317
296.64583636335146
296.57243240818343
296.4997354794272
296.42771072110577
296.3563230667667
296.28553725197173
296.2153178112552
296.1456290969233
296.07643530535444
296.00770044652194
295.93938841682126
295.8714629428918
295.80388763476486
295.73662598708756
295.66964137218025
295.6028970772209
295.5363562812201
295.4699821056923
295.4037375561057
295.33758560605764
295.27148915996526
295.2054110498569
295.1393140947853
295.07316103535993
295.0069146065343
294.94053751095055
294.8739924351622
294.80724203219495
294.7402489576243
293.4243150854576
293.56540189543847
293.70907703841675
293.85454583550126
294.00107955675276
294.14800995321866
294.29472457035155
294.4406624857953
294.5853104053079
294.72819917711007
294.8689004431382
295.00702367329285
295.142213317089
295.2741462060686
295.40252913883756
295.52709659851104
295.6476086865426
295.76384912055465
295.87562347396187
295.98275744681246
296.0850952967706
296.1824984068177
296.2748439090939
296.3620234238492
296.44394189411537
296.52051649369554
296.5916756481261
296.65735804583835
296.71751182217423
296.7720937573753
296.8210684687226
296.86440781236354
296.90209018037456
296.93409995013275
296.96042690604156
296.9810657700636
296.9960157188807
297.00527995384357
297.0088653274373
297.00678196384064
296.999042899644
296.9856638425055
296.9666628292371
296.94205997831756
296.91187727070104
296.87613832529604
296.8348681744163
296.7880931182343
296.73584055022604
296.6780669715555
296.614944783324
296.54643226277557
296.4726325808339
296.39343112890634
296.3089315674366
296.2191652611145
296.1241637780388
296.0239587601899
295.91858189140055
295.80806478655836
295.69243895152545
295.57173565143364
295.4459858409947
295.31522001582283
295.1794680348493
295.0387588217522
294.89311991821
