33.46966815599999
6.4285198405137916
6.3427090215848745
6.290804473372097
6.252321455361844
6.22637913885335
6.209256235625445
6.19878742177831
6.193414462256575
6.191996125322439
6.193683155799692
6.197834493114333
6.203959941052748
6.211680294808882
6.220699092203683
6.230782332392336
6.241743656777406
6.253433440243265
6.265730608896702
6.278536490134809
6.291770110096595
6.305364574337253
6.319264268509316
6.333422670919447
6.347800634477885
6.3623650144988835
6.3770875939434974
6.391944206505234
6.406914045587241
6.421979096129908
6.4371236762296755
6.452334060142819
6.467598176325367
6.4829053480223084
6.498246093362661
6.5136119504836465
6.528995328264956
6.544389388539739
6.5597879500472125
6.57518540260403
6.59057663046321
6.605956959487134
6.621322096136107
6.636668096046946
6.651991315498773
6.667288389482695
6.682556194857377
6.697791832383223
6.7129926044769785
6.7281559999748355
6.7432796736080025
6.75836143593141
6.773399241810789
6.788391179103964
6.803335458179675
6.818230405931493
6.83307446093517
6.847866159192337
6.862604137157611
6.877287123704847
6.891913932541373
6.906483463588161
6.92099469581941
6.935446683345406
6.949838557157846
6.964169517362373
6.97843883411345
6.9926458415893995
7.006789941797723
7.020870599607364
7.034887339024674
7.048839744301875
7.062727461102384
7.076550184866565
7.090307672267532
7.10399973916961
7.117626241564574
7.131187102927177
7.144682286198889
7.158111814899866
7.1714757579881026
7.184774232216046
7.198007405018016
7.211175493573335
7.224278760049725
7.237317511461553
7.250292106466729
7.2632029453350695
7.276050473814884
7.288835184438897
7.301557610671968
7.314218333958333
7.326817973305183
7.339357195866298
7.351836709136488
7.364257264321826
7.376619652479535
7.388924707714221
7.401173305217386
7.413366361545606
7.42550483221859
7.4375897173695975
7.4496220542148635
7.461602919556861
7.473533433972782
7.485414753547982
7.497248078499612
7.509034645171267
7.5207757304767995
7.5324726517602505
7.544126764355984
7.5557394626753736
7.567312182838815
7.578846395465623
7.590343616502248
7.601805393762605
7.6132333217837225
7.624629029604297
7.635994185007304
7.647330497781762
7.658639714271329
7.669923624748904
7.681184051890785
7.692422864278166
7.703641968660357
7.714843308082349
7.726028871520078
7.737200680991619
7.748360803653931
7.759511346129973
7.770654456467366
7.781792320070363
7.792927165517669
11.65460131966797
11.57767663903663
11.504940329949015
11.436159693408788
11.371115675899949
11.309603076527328
11.251430205459997
11.19641823946552
11.144400434888937
11.095221327662228
11.048735891455838
11.004808778666618
10.96331354871349
10.92413201629372
10.887153599448157
10.85227473525761
10.81939835744329
10.788433393966958
10.759294339938709
10.731900838875598
10.706177312194832
10.682052628450801
10.659459786798484
10.638335632313597
10.61862059689139
10.60025845801875
10.583196127625339
10.567383433111013
10.552772946511883
10.539319812459565
10.526981570238384
10.515718034125783
10.505491137591765
10.49626481902705
10.488004894834864
10.48067896078762
10.474256285844266
10.468707717805225
10.464005602291321
10.460123692161678
10.45703708276057
10.454722133215611
10.453156401704778
10.452318582558789
10.452188455029043
10.45274682769781
10.453975481608119
10.45585713522041
10.45837539973184
10.462501523910227
10.466252502102572
10.47059598920175
10.474515754130492
10.47999978118866
10.486038817603182
10.492621810937841
10.499738406393138
10.507378931856666
10.515534422286967
10.524196635268922
10.533358109228761
10.543012227125413
10.55315334924454
10.563777003677972
10.574880202141772
10.586461951993607
10.598524152421117
