0.024630444389143722
0.02440373004752207
0.02415807495002197
0.02392953234081236
0.02371676390679572
0.023518156772734056
0.023332294737113506
0.023157891335862216
0.022993787721222653
0.022838945219818038
0.022692435525148727
0.022553430177488884
0.02242119024004942
0.022295056608811183
0.02217444115793791
0.022058818766852218
0.021947720221668417
0.021840725918812816
0.02173746031332858
0.021637587021069042
0.021540804506837305
0.021446842288529704
0.02135545759251443
0.021266432401270033
0.0211795708469301
0.021094696908069088
0.02101165236784398
0.020930295004482246
0.02085049698058452
0.02077214341248952
0.020695131091344326
0.02061936734459862
0.020544769014866716
0.020471261546901025
0.020398778166329467
0.02032725914115587
0.020256651119044254
0.020186906528812856
0.020117983039711306
0.020049843070776185
0.01998245335039826
0.019915784513508426
0.019849810738449356
0.019784509414982134
0.019719860842658327
0.019655847957087923
0.01959245607889811
0.01952967268543253
0.01946748720248811
0.019405890812014853
0.019344876278746714
0.019284437789735223
0.019224570807903962
0.01916527193766242
0.019106538801468582
0.019048369926838858
0.018990764642453358
0.018933722983766985
0.018877245604427734
0.018821333696595943
0.018765988916918767
0.01871121331922764
0.018657009292377517
0.018603379503161634
0.018550326844519592
0.0184978543875154
0.018445965337769793
0.018394662995208522
0.01834395071831425
0.018293831889552473
0.01824430988620306
0.018195388052388628
0.018147069674006627
0.01809935795667725
0.018052256004813534
0.018005766802495292
0.017959893198950333
0.01791463789137316
0.017870003414199146
0.01782599212580931
0.017782606198739653
0.0177398476114471
0.017697718139824303
0.017656219351049197
0.017615352597833905
0.01757511901400679
0.017535519510228987
0.017496554771733307
0.017458225255867803
0.017420531190772602
0.0173834725742988
0.01734704917403845
0.017311260527192184
0.01727610594168155
0.017241584497196833
0.01720769504689
0.01717443621921985
0.01714180642034835
0.01710980383673335
0.017078426438022695
0.017047671980071153
0.017017538008283636
0.016988021861642142
0.016959120675678712
0.01693083138676814
0.016903150735867418
0.016876075272838558
0.01684960136044299
0.01682372517866281
0.01679844272906539
0.01677374983911254
0.016749642166558894
0.01672611520399782
0.016703164283097677
0.016680784579328277
0.01665897111625229
0.016637718769794082
0.016617022272959754
0.016596876220043227
0.01657727507109583
0.016558213156145724
0.016539684679643448
0.01652168372444204
0.016504204256212237
0.016487240127518073
0.01647078508177407
0.016454832757466734
0.016439376691880815
0.016424410325157103
0.0164099270040954
0.01639591998594649
0.016382382442013933
0.01636930746136136
0.016377565254620443
0.016386882375171635
0.016397147225031883
0.016408256542762012
0.016420114877227
0.016432634062001326
0.016445732705815657
0.01645933570662418
0.01647337379293032
0.01648778309418054
0.016502504739520658
0.0165174844847262
0.016532672365249673
0.01654802237467594
0.016563492166363387
0.0165790427768543
0.016594638369661824
0.016610245997663097
0.016625835383110594
0.016641378713621455
0.01665685045311147
0.016672227166650927
0.01668748735806269
0.016702611319387856
0.016717580991374586
0.016732379834151857
0.016746992707453705
0.01676140575947344
0.01677560632402694
0.016789582825282336
0.01680332468937251
0.01681682226278211
0.016830066736650884
0.016843050076830773
0.016855764959128505
0.016868204709515607
0.016880363248854693
0.016892235041860767
0.016903815050045966
0.01691509868827256
0.01692608178479195
0.016936760544403396
0.016947131514580247
0.016957191554334682
0.01696693780567363
0.016976367667414036
0.0169854787711751
0.016994268959475593
0.017002736265725522
0.01701087882948234
0.017018695082203536
0.017026183526887343
0.01703334285127875
0.01704017174027311
0.0170466690429632
0.017052833702269295
0.017058664746018116
0.017064161278949525
0.017069322475657556
0.01707414757434186
0.017078635871359514
0.017082786716472356
0.017086599508790316
0.017090073693343845
0.017093208758267687
0.017096004232569326
0.01709845968450321
