0.0007057381276399036
0.0007363612565139284
0.0007663143794179199
0.0007954265639930753
0.0008235391005214348
0.0008505170306869507
0.0008762532248262249
0.0009006699022469072
0.0009237184472148475
0.0009453778418727013
0.0009656520272963511
0.0009845665323352884
0.0010021647062188185
0.0010185038540882804
0.0010336515163425859
0.00104768206562924
0.0010606737298752469
0.0010727060927930231
0.0010838580783741037
0.0010942063937599555
0.0011038243845317049
0.0011127812458591093
0.001121141529715633
0.0011289648902363702
0.0011363060143335232
0.0011432146913793852
0.001149735983026854
0.0011559104613567662
0.0011617744900565058
0.0011673605292293321
0.0011726974480679268
0.00117781083730958
0.0011827233101673457
0.001187454789664195
0.0011920227777839163
0.0011964426057607155
0.0012007276629376119
0.0012048896069833575
0.0012089385539430847
0.0012128832500345652
0.001216731226185585
0.0012204889366009886
0.001224161882675953
0.0012277547235657997
0.0012312713746739938
0.0012347150952560922
0.0012380885663504444
0.0012413939594786935
0.001244632998624655
0.001247807014154327
0.001250916991101711
0.0012539636123675493
0.0012569472961033432
0.0012598682299039456
0.001262726407296921
0.001265521628010211
0.0012682535615394514
0.001270921741841469
0.0012735255930185208
0.0012760644463732553
0.0012785375557358872
0.0012809441112720127
0.001283283251954561
0.0012855540768585143
0.001287755655416684
0.0012898870367548142
0.001291947258209309
0.001293935353115119
0.0012958503579385335
0.001297691318818739
0.001299457297571975
0.0013011473772030111
0.0013027606669630373
0.0013042963069844825
0.0013057534725200042
0.0013071313778072972
0.0013084292795776077
0.0013096464802247088
0.0013107823306455952
0.0013118362327653183
0.0013128076417549656
0.0013136960679517398
0.001314501078489439
0.0013152222986466315
0.001315859412920237
0.001316412165831713
0.0013168803624741647
0.0013172638688078145
0.0013175626117106153
0.0013177765787972466
0.0013179058215947983
0.0013179504405593286
0.0013179106057788883
0.001317786541632706
0.001317578529103968
0.0013172869044078973
0.0013169120574368803
0.001316469857019838
0.0013160457719059476
0.001315637541984438
0.0013152431181426756
0.0013148606275035473
0.0013144883540177864
0.0013141247226034663
0.0013137682855845852
0.0013134177104407105
0.0013130717708385792
0.001312729335301751
0.0013123893605655735
0.0013120508840694753
0.001311713017622233
0.0013113749417623618
0.0013110359007216248
0.0013106951979096342
0.001310352191850942
0.0013100062925137405
0.0013096569579797027
0.001309303691410199
0.0013089460382714468
0.001308583583786188
0.0013082159505836014
0.0013078427965242808
0.0013074638126792705
0.0013070787214457895
0.001306687274784952
0.001306289252567589
0.0013058844610181553
0.0013054727312469458
0.0013050539178616775
0.0013046278976521285
0.001304194568341969
0.001303753847401617
0.0013033056709182895
0.0013028499925191105
0.001302386782343625
0.0013019160260628448
0.001301437723942344
0.0013009518899466889
0.0013004585508833457
0.0012999577455840626
0.0012994495241221667
0.001298933947064051
0.0012984110847534618
0.0012978810166277114
0.0012973438305638654
0.0012967996222542702
0.0012962484946103072
0.001295690557193466
0.0012951259256720853
0.0012945547213041133
0.0012939770704436231
0.0012933931040711925
0.0012928029573471972
0.0012922067691864552
0.0012916046818547157
0.0012909968405849371
0.0012903833932138313
0.0012897644898367732
0.001289140282481448
0.0012885109247988656
0.0012878765717711973
0.0012872373794361016
0.00128659350462662
0.001285945104725922
0.0012852923374365671
0.0012846353605638274
0.0012839743318118224
0.0012833094085926413
0.0012826407478476968
0.001281968505880542
0.00128129283820082
0.0012806138993790494
0.0012799318429113642
0.0012792468210939796
0.0012785589849070656
0.001277868483907211
0.0012771754661285784
0.001276480077991689
0.0012757824642200938
0.001275082767764186
0.0012743811297318008
0.0012736776893254396
0.001272972583785664
0.001272265948340249
0.0012715579161589425
0.0012708486183135015
0.0012701381837426412
0.0012694267392216844
0.0012687144093365757
0.0012680013164622756
0.001267287580744657
0.0012665733200867622
0.001265858650137705
0.0012651436842856063
0.0012644285336530542
0.0012637133070957673
0.0012629981112038387
0.001262283050305334
0.001261568226472546
0.001260853739530122
