33823.2
28423.63064757013
28670.46344904003
28922.68840436793
29179.70833001251
29441.50324828774
29708.132268898004
29979.65756902363
30256.13260150226
30537.6002753946
30824.09292841541
31115.63283813546
31412.233041756204
31713.898378672307
32020.62669188003
32332.410132164263
32649.23651856369
32971.0907185444
33297.95602179617
33629.815490238696
33966.65327401823
34308.45588858791
34655.21345137313
35006.920878582314
35363.579043647784
35725.195898913014
36091.787561733676
36463.37936581346
36840.00687766228
37221.71682240688
37608.568248635565
38000.63309945695
38397.99732357381
38800.761613976785
39209.04230623822
39622.97182240095
40042.69981088529
40468.393548023756
40900.238652003085
41338.43969994931
41783.220822611416
42234.82628318382
42693.521047694354
43159.59135580227
43633.34530167764
44115.11343575113
44605.249282946716
45104.1304796884
45612.1588365453
46129.76158786162
46657.3923579469
47195.53153930464
47744.68832227395
48305.40138538382
48878.23307977956
49463.80031543335
50062.73291865949
50675.704398692054
51303.42716043103
51946.65512102509
52606.186654011035
53282.86789915876
53977.59648077212
54691.32568253303
55425.06913299455
56179.9060634052
56956.98720786579
57757.54142606463
58582.88314061307
59434.42069509116
60313.66575542539
61222.243896864784
62161.90654224528
63134.54444481951
64142.20294235321
65187.09924880078
66271.6420977906
67398.45410998649
68570.39732602292
69790.60243224057
71062.50230995358
72389.87066673706
73776.86666535652
75228.08666058522
76748.6243967628
78344.14132250489
80020.94907283314
81786.10653070123
83647.53506952844
85614.15484867716
87695.92286635401
89904.65852847099
92253.02177832289
94756.06215139378
97430.94248017896
100297.50132338986
103378.79559046759
106161.19479515872
106011.86687069866
105859.41517772427
105704.04628837075
105545.83614357619
105385.17018227822
105222.07133586246
105056.69848100464
104889.25019796214
104719.73996429556
104548.46225698924
104375.5143273726
104201.0363035939
104025.16462474529
103848.03199050258
103669.76731718701
103490.49570270254
103310.33840100821
103129.41280573151
102947.83244324414
102765.706974639
102583.1422065758
102400.24011049788
102217.09884969945
102033.81281400517
101850.47266129608
101667.16536546517
101483.97427036776
101300.97914884696
101118.25626682292
100935.87845157551
100753.9151635933
100572.4325718646
100391.49363196609
100211.15816628007
100031.48294625347
99852.52177611385
99674.32557763175
99496.94247568538
99320.4178842927
99144.79459268814
98970.11285131078
98796.41045737184
98623.72283981931
98452.08314344769
98281.52231198923
98112.06917014057
97943.75050409917
97776.59114075742
97610.61402535648
97445.84029751664
97282.28936536059
97119.97897818743
96958.92529694595
96799.14296307901
96640.64516543139
96483.44370501436
96327.54905818071
96172.97043749256
96019.71585098754
95867.7921591712
95717.20513040136
95567.95949416999
95420.05899256954
95273.50642995404
95128.30372075818
94984.4519354672
94841.95134493556
94700.80146303635
94561.00108744782
94422.54833902343
94285.4406995229
94149.6750477413
94015.24769416747
93882.15441429165
93750.39048035518
93619.95069182306
93490.82940457888
93363.0205587211
93236.5177053047
93111.31403166926
92987.40238584988
92864.77529973743
92743.42501121089
92623.34348527736
92504.52243419887
92386.95333665251
92270.62745601461
92155.53585776573
92041.6694260389
91929.01887936228
91817.5747856297
91707.32757639204
91598.2675602398
91490.38493587363
91383.66980399968
91278.11217915999
91173.70200051699
91070.42914235072
90968.28342387202
90867.2546184848
90767.33246272046
90668.50666446258
