0.0088958
-6.744310202729414
-6.427902877569631
-6.477078528868667
-6.418299323953235
-6.390926270658814
-6.3671370606639055
-6.34641074644109
-6.328309470982527
-6.3124681128951865
-6.29857938916564
-6.286386013073094
-6.2756695774456634
-6.266244809329088
-6.25795264776747
-6.250657597249582
-6.24424154903793
-6.238603384178496
-6.23365393473312
-6.229315930375434
-6.22552191419219
-6.222212234740971
-6.219333983973921
-6.216840718934877
-6.214691656720905
-6.212849971467104
-6.211283265488352
-6.209962076043732
-6.208860648914413
-6.2079555368866215
-6.207226288762617
-6.206653936845006
-6.206221808694162
-6.20591432012894
-6.205717817533531
-6.205620395237058
-6.2056107503226565
-6.2056784735631805
-6.20581427784077
-6.206010397961057
-6.2062589285297305
-6.206553323541712
-6.206886916061314
-6.20725419635234
-6.207649977394455
-6.208069524953945
-6.208508513526589
-6.208962987034402
-6.209429111281599
-6.209903986324497
-6.210384360654426
-6.210867436501255
-6.211350641228683
-6.211831606451106
-6.212308149222694
-6.212778255092325
-6.213240272298206
-6.213692053941015
-6.214132219283038
-6.214559288444555
-6.2149718867017505
-6.2153687351304185
-6.215748642119306
-6.216110495697771
-6.21645325658257
-6.216775951841865
-6.217077669133869
-6.217357551459442
-6.217614589929275
-6.217848454393139
-6.218058200107059
-6.21824314769507
-6.218402862031409
-6.218536259516175
-6.218642815421
-6.218722697112237
-6.218774317685425
-6.218798213576773
-6.218792994541962
-6.218758734017264
-6.218695072768893
-6.2186011782236275
-6.218476805090974
-6.21832154888958
-6.218135017466595
-6.2179166040820615
-6.217666368872438
-6.2173837475215565
-6.217068388314905
-6.216719947595977
-6.216338089133765
-6.21592248355774
-6.215472807754606
-6.214988744409764
-6.214469981508975
-6.213916211948447
-6.213327133117121
-6.212702446568225
-6.212041857698795
-6.211345075460464
-6.210611812085181
-6.209841995451497
-6.209034921073026
-6.208190519330504
-6.207308513549845
-6.2063886293700445
-6.205430594658363
-6.204434139371625
-6.203398995465085
-6.202324896828375
-6.2012115791872455
-6.200058780071589
-6.198866238774294
-6.1976336962955605
-6.1963608953672
-6.195047370053396
-6.193693289967104
-6.192298190032801
-6.190861819827339
-6.189383930683248
-6.187864275727228
-6.1863026099690135
-6.18469869029504
-6.183052275596232
-6.181363126800051
-6.179631006947748
-6.17785568130812
-6.176036917423566
-6.174174485250071
-6.1722681572347
-6.1703177084353005
-6.168322916621778
-6.166283562410606
-5.838055312982518
-5.82934064207307
-5.8212018410299775
-5.813596571080517
-5.806485310911177
-5.799831249581982
-5.793600104588325
-5.787759947648904
-5.78228103955295
-5.777135674742637
-5.772298035803082
-5.767743852784142
-5.763451116324171
-5.759398670856822
-5.755566988816219
-5.751937843549497
-5.748494216762655
-5.745220212991559
-5.742100980627242
-5.739122638959255
-5.73627221079391
-5.733537560205835
-5.730907334998656
-5.728370913508108
-5.725918355393067
-5.723540356092363
-5.721228204656522
-5.718973744663186
-5.716769337998546
-5.714607831256392
-5.712482524532923
-5.710387142478986
-5.708315807370465
-5.706263014089517
-5.7042236068385685
-5.702192757482357
-5.7001659453699505
-5.698138938543265
-5.696107776231547
-5.69406897536349
-5.692018621622271
-5.689953699752235
-5.687871181148025
-5.685768237078724
-5.683642227208623
-5.6814906888884025
-5.6793113271787
-5.677102005593014
-5.67486073765616
-5.672585313807208
-5.6702747527592665
-5.667927107866797
-5.6655412866232195
-5.66311520963424
-5.6606480115973
-5.658138567392177
-5.655585856157754
-5.65298895908961
-5.650347058459921
-5.647659438224021
-5.64492548682826
-5.642144703109525
-5.639316706839916
-5.636441256457981
-5.633518278549343
-5.630547917509244
-5.627530622063164
