2.1955
7.162066495679446
7.189916514049413
7.223805426049206
7.262713166961949
7.305924993550221
7.352901053169763
7.403212669429013
7.456508633163353
7.5124955137608325
7.570924944612732
7.631584690851326
7.694291984541032
7.758888355667321
7.825235528019214
7.893212114085591
7.96271092957041
8.033636798107997
8.105904748524043
8.179438528924763
8.254169377916615
8.33003500540364
8.406978744819266
8.484948846023215
8.563897883906414
8.643782262454545
8.724561797644546
8.80619937028532
8.888660613331064
8.971913674993738
9.055928996527818
9.140679127421249
9.226138565636713
9.312283618827426
9.399092282862203
9.486544134552942
9.574620236008375
9.663303048530679
9.75257635423019
9.842425183977406
9.932835750459668
10.023795385418572
10.115292480290488
10.207316429667529
10.29985757708263
10.392907162817627
10.486457273436455
10.580500792883365
10.6750313550266
10.770043297601527
10.86553161748016
10.961491927312936
11.057920413532152
11.15481379576183
11.252169287668178
11.349984559288801
11.448257700893947
11.546987188407895
11.646171850399266
11.74581083669935
11.845903588645918
11.9464498109229
12.047449445053505
12.148902644472074
12.250809751174145
12.353171273935537
12.455987867993251
12.559260316234054
12.662989511746213
12.767176441756636
12.871822172823311
12.976927837291681
13.082494620875432
13.188523751363617
13.295016488342416
13.401974113876161
13.509397924107716
13.617289221661991
13.725649308855717
13.834479481600539
13.943781023961574
14.053555203327504
14.163803266123644
14.274526434028154
14.38572590063941
14.497402828555265
14.60955834683873
14.72219354878402
14.835309490032238
14.948907186907807
15.062987615031014
15.177551708123113
15.292600357021023
15.408134408839356
15.524154666301186
15.640661887198132
15.757656783945917
15.875140023278668
15.993112225999623
16.11157396682942
16.230525774321244
16.349968130826483
16.46990147252795
16.590326132803543
16.71124262617286
16.832651080098632
16.954551804254315
17.076945005771506
17.19983084655747
17.32320944354303
17.447080868942994
17.571445150556624
17.696302272044388
17.82165217326417
17.947494750579345
18.073829857196902
18.200657303516508
18.32797685747968
18.455788244934553
18.58409115000317
18.71288521545793
18.84217004311277
18.971945194202455
19.102210189794256
19.232964511173712
19.36420760026951
19.495938860062413
19.628157655005012
19.76086331144135
19.894055118050524
20.027732326279605
20.161894150772866
20.296539769827184
20.43166832584386
20.56727892577706
20.703370641600525
20.839942510761546
20.97699353665454
21.114522689089075
21.25252890476979
21.391011087768376
21.5299681100125
21.66939881176582
21.809302002115125
21.9496764594714
22.090520932052865
22.231834138389626
22.373614767814924
22.515861480974987
22.658572910330825
22.801747660660386
22.945384309564265
23.089481407982394
23.234037480699833
23.37905102685006
23.52452052044358
23.67044441086813
23.816821123400924
23.96364905973778
24.110926598488483
24.258652095703056
24.406823885380437
24.55544027998919
24.70449957096672
24.85400002924736
25.00393990576516
25.154317431963115
25.305130820313508
25.45637826480791
25.60805794147478
25.760168008894542
25.9127066086729
26.065671865968866
26.21906188998071
26.37287477444404
26.5271085981214
26.6817614253027
26.836831306276526
26.992316277840303
27.148214363746998
27.304523575218557
27.46124191139628
27.618367359823864
27.775897896910227
27.933831488399502
28.09216608981666
28.250899646944028
28.410030096249606
28.569555365358458
28.72947337347116
28.889782031824705
29.050479244110928
29.211562906908288
29.373030910117354
29.534881137360454
29.69711146640864
29.859719769595777
30.02270391420915
30.18606176290002
30.349791174069395
