1307.540287814246
1253.0355149576458
1259.817147632817
1266.1406136645357
1271.9903506623505
1277.3538039786959
1282.2219946841878
1286.589620080846
1290.4550005788592
1293.8199395709435
1296.6895170691653
1299.0718303656522
1300.9776942688914
1302.420313454783
1303.4149390600694
1303.978520730334
1304.129364015061
1303.8868014177074
1303.270883697288
1302.302096300259
1301.0011041741059
1299.3885267467422
1297.484743592832
1295.3097302702886
1292.8829230001008
1290.2231102684586
1287.348349030652
1284.2759029647184
1281.0222001300574
1277.6028074035162
1274.0324191655845
1270.3248578685311
1266.4930843158518
1262.549215701611
1258.5045496856794
1254.369593006432
1250.154093348765
1245.8670733873355
1241.5168661095572
1237.1111506885352
1232.656988322261
1228.1608575823707
1223.62868892455
1219.0658981045005
1214.4774183198465
1209.8677309610491
1205.2408949049154
1200.6005743243745
1195.9500650191017
1191.292319294977
1186.6299694372924
1181.9653498343628
1177.3005178155965
1172.637273272183
1167.977177129932
1163.3215687432034
1158.671546711486
1154.0281308651963
1149.3920495183447
1144.7639115902139
1140.1441762093361
1135.533166136083
1130.9310792650556
1126.3379994775778
1121.7539068773492
1117.1786874410996
1112.6121421133894
1108.0539953722853
1103.5039032899567
1098.9614611115474
1094.4262103724566
1089.8976455743536
1085.375183561606
1080.8583106853207
1076.3463854147471
1071.8387726857777
1067.334817787285
1062.833850754936
1058.3351904439296
1053.8381482832524
1049.3420317617993
1044.8461476024536
1040.3498046972397
1035.8523167829794
1031.353004883195
1026.8511995284714
1022.3462427688469
1017.8374899914762
1013.3243115564658
1008.8060942633856
1004.2822426605796
999.7521802089746
995.2153503116226
990.6712172197747
986.1192668258075
981.5590073528396
976.9899699503728
972.411709204834
967.8238035733564
963.2258557486762
958.6174929625163
953.9983672343569
949.3681555719804
944.7265601297674
940.0733083302048
935.4081529536516
930.7308722009653
926.0412697331719
921.339174691943
916.6244417042566
911.896950874245
907.1566077648406
902.4033433715044
897.637114089965
892.8579016795736
888.0657132235781
883.2605799207004
878.4425618301743
873.6117404503138
868.768223734583
863.912144737199
859.0436615693386
854.1629748844807
849.270255920215
844.3657574842773
839.4497370283917
834.5224771062926
829.5842850295644
824.6354927495097
819.6764567623475
814.707558007255
809.7292017513319
804.7418174589993
799.7458408327956
794.7417865596112
789.7301357624084
784.7114133566852
779.6861671991827
774.654968074545
769.6184094343737
764.5771070730641
759.5316987653848
754.4828438678273
749.4312228825984
744.3775369827911
739.3225074973358
734.2668753545188
729.2114004829855
724.1568611693804
719.1040533719623
714.053789989747
709.0069000869767
703.9642280729499
698.9266328374867
693.8949868425816
688.8701751710339
683.8530945331352
678.8446522327423
673.8457650943424
668.857358352981
663.8803645091527
658.9157221510802
653.9643747469403
649.0272694099492
644.1053556393169
639.1995840403905
634.3109050274061
629.4402675124916
624.5886175846799
619.7568971828141
614.946042766353
610.15698398812
605.3906423731293
600.6479300076146
595.9297482424091
591.2369864147914
586.5705206104246
581.9312123463801
577.319907547831
572.7374352081766
568.1846063496272
563.6622129199696
559.1710267511994
554.7117985655716
550.2852570318812
545.8921078745236
541.5330330376509
537.2086899064734
532.9197105874803
528.6667012490772
524.4502415238592
520.2708839734638
516.1291536166467
512.025547520969
507.96053445819166
503.9345546232118
499.9480194161258
496.00131128671995
492.09478364051233
488.22876080517227
1307.540287814246
1253.0355149576458
1259.817147632817
1266.1406136645357
1271.9903506623505
1277.3538039786959
1282.2219946841878
1286.589620080846
1290.4550005788592
1293.8199395709435
1296.6895170691653
1299.0718303656522
1300.9776942688914
1302.420313454783
1303.4149390600694
1303.978520730334
1304.129364015061
1303.8868014177074
1303.270883697288
1302.302096300259
1301.0011041741059
1299.3885267467422
1297.484743592832
1295.3097302702886
1292.8829230001008
1290.2231102684586
1287.348349030652
1284.2759029647184
1281.0222001300574
1277.6028074035162
1274.0324191655845
1270.3248578685311
1266.4930843158518
1262.549215701611
1258.5045496856794
1254.369593006432
1250.154093348765
1245.8670733873355
1241.5168661095572
1237.1111506885352
1232.656988322261
1228.1608575823707
1223.62868892455
1219.0658981045005
1214.4774183198465
1209.8677309610491
1205.2408949049154
1200.6005743243745
1195.9500650191017
1191.292319294977
1186.6299694372924
1181.9653498343628
1177.3005178155965
1172.637273272183
1167.977177129932
1163.3215687432034
1158.671546711486
1154.0281308651963
1149.3920495183447
1144.7639115902139
1140.1441762093361
1135.533166136083
1130.9310792650556
1126.3379994775778
1121.7539068773492
1117.1786874410996
1112.6121421133894
1108.0539953722853
1103.5039032899567
1098.9614611115474
1094.4262103724566
1089.8976455743536
1085.375183561606
1080.8583106853207
1076.3463854147471
1071.8387726857777
1067.334817787285
1062.833850754936
1058.3351904439296
1053.8381482832524
1049.3420317617993
1044.8461476024536
1040.3498046972397
1035.8523167829794
1031.353004883195
1026.8511995284714
1022.3462427688469
1017.8374899914762
1013.3243115564658
1008.8060942633856
1004.2822426605796
999.7521802089746
995.2153503116226
990.6712172197747
986.1192668258075
981.5590073528396
976.9899699503728
972.411709204834
967.8238035733564
963.2258557486762
958.6174929625163
953.9983672343569
949.3681555719804
944.7265601297674
940.0733083302048
935.4081529536516
930.7308722009653
926.0412697331719
921.339174691943
916.6244417042566
911.896950874245
907.1566077648406
902.4033433715044
897.637114089965
892.8579016795736
888.0657132235781
883.2605799207004
878.4425618301743
873.6117404503138
868.768223734583
863.912144737199
859.0436615693386
854.1629748844807
849.270255920215
844.3657574842773
839.4497370283917
834.5224771062926
829.5842850295644
824.6354927495097
819.6764567623475
814.707558007255
809.7292017513319
804.7418174589993
799.7458408327956
794.7417865596112
789.7301357624084
784.7114133566852
779.6861671991827
774.654968074545
769.6184094343737
764.5771070730641
759.5316987653848
754.4828438678273
749.4312228825984
744.3775369827911
739.3225074973358
734.2668753545188
729.2114004829855
724.1568611693804
719.1040533719623
714.053789989747
709.0069000869767
703.9642280729499
698.9266328374867
693.8949868425816
688.8701751710339
683.8530945331352
678.8446522327423
673.8457650943424
668.857358352981
663.8803645091527
658.9157221510802
653.9643747469403
649.0272694099492
644.1053556393169
639.1995840403905
634.3109050274061
629.4402675124916
624.5886175846799
619.7568971828141
614.946042766353
610.15698398812
605.3906423731293
600.6479300076146
595.9297482424091
591.2369864147914
586.5705206104246
581.9312123463801
577.319907547831
572.7374352081766
568.1846063496272
563.6622129199696
559.1710267511994
554.7117985655716
550.2852570318812
545.8921078745236
541.5330330376509
537.2086899064734
532.9197105874803
528.6667012490772
524.4502415238592
520.2708839734638
516.1291536166467
512.025547520969
507.96053445819166
503.9345546232118
499.9480194161258
496.00131128671995
492.09478364051233
488.22876080517227
