0.6959774712608531
0.6942499916333421
0.692709529573813
0.6909739845997758
0.6889584735942911
0.6866712107157303
0.6841381669205658
0.6813886217254623
0.6784508409361348
0.6753509426877656
0.6721126635287077
0.6687574023284439
0.6653043577150972
0.661770697433937
0.658171735031352
0.6545211030088095
0.6508309168157463
0.6471119274698037
0.6433736615752186
0.6396245489188329
0.6358720379641518
0.6321226999239181
0.6283823223147569
0.6246559928852519
0.6209481748048091
0.6172627738418414
0.6136031984883198
0.6099724136073189
0.6063729884155039
0.6028071392949284
0.599276768036132
0.5957834959599798
0.5923286944216609
0.5889135120039228
0.5855388988693887
0.5822056285077454
0.5789143171255733
0.5756654409930535
0.5724593519803882
0.5692962914542845
0.5661764026622528
0.5630997418641281
0.5600662882335826
0.5570759527957572
0.5541285863672745
0.5512239867173006
0.5483619049327291
0.5455420511560277
0.5427640997093189
0.540027693709043
0.5373324491688692
0.5346779586964271
0.5320637948084009
0.5294895128963644
0.5269546538818235
0.5244587466050293
0.5220013099734583
0.5195818548464439
0.5171998857705666
0.5148549025149358
0.5125464014332645
0.5102738767038938
0.5080368214212855
0.5058347285721807
0.5036670919218761
0.5015334067829091
0.4994331707143795
0.4973658841296243
0.49533105085260154
0.49332817860278994
0.4913567794141769
0.4894163700122795
0.4875064721549908
0.4856266128927622
0.4837763248407472
0.4819551464119705
0.48016262195258763
0.47839830195489375
0.4766617431466519
0.47495250863295607
0.47327016797281923
0.4716142972446523
0.46998447910938734
0.468380302855221
0.46680136441645437
0.4652472663840198
0.46371761802730627
0.4622120352743379
0.4607301406983869
0.45927156350068116
0.45783593947246454
0.4564229109698556
0.4550321268580446
0.45366324247910833
0.4523159195936897
0.45098982632930795
0.44968463711746093
0.4484000326361662
0.4471356997448992
0.4458913314186246
0.4446666266761501
0.44346129051956185
0.4422750338519288
0.44110757340593093
0.4399586316785506
0.43882793684708754
0.437715222703316
0.4366202285702371
0.4355426992297069
0.43448238484776924
0.4334390408962363
0.4324124280769991
0.43140231225025244
0.4304084643510896
0.4294306603250779
0.42846868103980257
0.42752231222630577
0.4265913443946347
0.42567557276099893
0.42477479717944544
0.42388882206548684
0.4230174563307894
0.42216051330237025
0.42131781066229285
0.4204891703748619
0.4196744186136735
0.4188733857017988
0.41808590603499257
0.4173118180223824
0.41655096401879227
0.41580319026025914
0.41506834679571175
0.4143462874265706
0.41327566236377666
0.4121752821773176
0.4110566121074234
0.4099277875012304
0.4087947500012378
0.4076619686912098
0.4065329023114753
0.4054102988066711
0.40429639195171907
0.4031930323832247
0.40210177645081807
0.40102394773324934
0.3999606806359612
0.39891295210581956
0.3978816053721638
0.39686736823361096
0.39587086755999046
0.3948926410944144
0.3939331473047842
0.39299277376561004
0.3920718444177757
0.39117062594609914
0.39028933343646033
0.3894281354378605
0.3885871585210526
0.3877664914012128
0.3869661886827254
0.386186274259706
0.38542674442066144
0.3846875706796475
0.3839687023541478
0.38327006892758597
0.38259158219910927
0.38193313824931163
0.38129461923008906
0.3806758949988621
0.38007682460514086
0.3794972576426106
0.3789370354789137
0.3783959923703172
0.3778739564667122
0.37737075072775894
0.3768861937417858
0.3764201004628209
0.37597228287172607
0.3755425505647022
0.37513071127376196
0.37473657132719723
0.3743599360513887
0.3740006132091994
0.37365840359495067
0.37333311147421405
0.37302453848836814
0.3727324922769372
0.3724567777364743
0.3721972002114689
0.37195356553441394
0.37172568002636847
0.3715133504619066
0.37131638399615363
0.37113458805589866
0.3709677701921543
0.37081573789533345
0.37067829837063837
0.3705552582725047
0.3704464233954722
0.3703515983194615
