26.03714
22.930190796284876
22.89655464641918
22.868524915133435
22.84373205189297
22.820813021753278
22.79896237461132
22.77770542571223
22.75676379495543
22.735975614387172
22.715248195481102
22.694529960922473
22.673793806500328
22.653027243933646
22.63222656655475
22.61139340202122
22.590532682041104
22.56965145405274
22.548758194079774
22.527862418962002
22.50697447861996
22.486105457970414
22.465267147197054
22.444472056411833
22.42373346110186
22.40306547101362
22.38248311895751
22.36200246844643
22.341640740704918
22.32141646276963
22.301349639374255
22.28146195221256
22.261776991095967
22.242320522550703
22.223120802586166
22.20420894176687
22.185619332408596
22.16739014974549
22.149563941363652
22.132188322140998
22.115316795457883
22.099009725626633
22.08333549137307
22.06837185579378
22.054207594362214
22.04094442891323
22.028699321232757
22.017607183600642
22.007824061899665
21.999530835433323
21.99293744646843
21.988287009877002
21.985863116001493
21.985991405877765
21.989045703306076
21.995449119343295
22.00567079590469
22.02021366942824
22.039586966377808
22.06425460406402
22.094548848148207
22.13054017805978
22.171864394676337
22.21753286358742
22.265792490196468
22.314140964610523
22.35959505320961
22.39921041021414
22.43068810102635
22.452805892775853
22.465495535630705
22.469593235080023
22.46644153933606
22.45752369217797
22.444220933651607
22.427696351491953
22.408867965779372
22.38842979607543
22.36689146731636
22.344619898295697
22.321875775652632
22.298842681969262
22.275649167188952
22.252384938684827
22.229112491421372
22.20587534868955
22.182703848504314
22.159619181669918
22.136636198409622
22.113765353817083
22.091014054007086
22.068387586567766
22.045888456608722
22.023523178056735
22.001290887393292
21.9791946408762
21.957231989552767
21.935406833764823
21.91371972459054
21.892171133245252
21.870761182538285
21.849490955067544
21.828360165761172
21.80736907257244
21.7865178726754
21.76580671273025
21.745235695884983
21.724804886714434
21.704514314821704
21.684363977564306
21.664353842202143
21.64448384765754
21.6247539060129
21.605163903824785
21.585713703308443
21.566403143427387
21.54723204091011
21.528200191209354
21.509307369414206
21.490553331121447
21.47193781327081
21.45346053494541
21.435121198144557
21.416919488521604
21.398855076099096
21.380927615945986
21.36313674884486
21.345482101911017
21.327963289201104
21.31057991228916
21.29333156081963
21.276217813032527
21.259238236267578
21.242392387442415
21.225679813508155
21.20910005188236
21.192652630859538
21.176337069999917
21.16015288049819
21.144099565531018
21.128176620585702
21.11238353376961
21.096719786101485
21.081184851785178
21.06577819846654
21.050499287474466
21.03534757404582
21.0203225075368
21.005423531618636
20.99065008446169
20.976001598905157
20.961477502616273
20.94707721823698
20.932800163520472
20.91864575145769
20.90461339039383
20.890702484136707
20.876912432056177
20.863242629176163
20.84969246625966
20.836261329886916
20.822948602527415
20.809753662606617
20.796675884567314
20.783714638926348
20.770869292327326
20.758139207589203
20.74552374375211
20.733022256119256
20.72063409629717
20.708358612233024
20.696195148250233
20.684143045082457
20.6722027601007
20.660371422415203
20.648649448567912
