19.890055600758515
19.833196073469875
19.776720858498035
19.72053070478197
19.66453603565257
19.608655943360063
19.552817665903387
19.49695612704602
19.441013478334582
19.384938636698088
19.328686820481995
19.27221908870419
19.2155018886229
19.1585066163665
19.101209194685307
19.043589671021696
18.985631838183153
18.927322879033856
18.868653035850112
18.809615304342653
18.75020515184247
18.69042025877065
18.630260282252515
18.569726640573844
18.50882231709276
18.44755168219662
18.38592033191294
18.323934941832757
18.261603135074047
18.198933363146075
18.135934798327465
18.072617237093574
18.008991013092363
17.945066919043796
17.880856136726095
17.816370174499877
17.751620811223138
17.686620046437397
17.62138005598967
17.55591315261419
17.49023175098265
17.42434833676927
17.358275439311015
17.29202560747562
17.225611388379587
17.159045308664364
17.092339857840553
17.02550747380087
16.95856052987078
16.89151132335596
16.82437206531452
16.757154871523525
16.68987175415126
16.622534614321143
16.555155234236736
16.487745273966613
16.420316262430834
16.35287959284024
16.285446517426617
16.21802814236907
16.150635422895917
16.083279158529404
16.015969988449857
15.948718386963558
15.881534659066922
15.814428936104761
15.747411171526233
15.680491136746312
15.613678417124309
15.546982408073617
15.48041231131894
15.413977131318731
15.347685671871139
15.281546532922246
15.215568107594775
15.149758579455115
15.084125920035106
15.018677886623923
14.953422020343565
14.888365644519784
14.823515863358256
14.758879560933694
14.694463400497561
14.63027382410784
14.566317052582187
14.50259908577381
14.439125703166978
14.375902464789961
14.31293471243289
14.250227563774688
14.187785943728002
14.125614542318099
14.063717846464101
14.002100135262577
13.94076548284814
13.879717761484304
13.818960644868117
13.758497611633572
13.698331949038556
13.638577632268825
13.579267636588247
13.520403626458664
13.461987021479345
13.404019004816126
13.346500531629282
13.289432337178543
13.23281494488031
13.176648674407387
13.12093364909231
13.065669804107777
13.01085689390395
12.956494499697401
12.902582036813973
12.849118761890521
12.7961037799297
12.743536051202536
12.691414397993933
12.639737511186949
12.588503956682207
12.537712181649415
12.487360520608611
12.437447201339253
12.387970350616001
12.338927999770432
12.290318090078532
12.242138477974356
12.19438694009053
12.147061178126954
12.100158823549197
12.053677442118603
12.007614538256414
11.961967559244428
11.91673389926511
11.871910903284116
11.827495870778558
11.783486059314384
11.739878687976473
11.696670940655038
11.65385996919219
11.611442896392452
11.569416818901061
11.527778809954068
11.486525922004066
11.44565518922555
11.405163629903763
11.365048248710961
11.325306038873926
11.285933984236529
11.24692906122113
11.208288240692458
11.17000848972762
11.132086773295814
11.094520055851149
11.05730530284202
11.020439482140345
10.98391956539385
10.947742529304534
10.911905356836403
10.87640503835536
10.841238572704153
10.806402968215133
10.771895243663504
10.737712429163635
10.703851567010979
10.670309712471944
10.637083934524096
10.604171316548905
10.571568956979203
10.53927396990341
10.507283485628568
10.475594651204005
10.444204630907624
10.413110606696423
10.382309778623046
10.351799365219973
10.321576603852884
10.291638751044722
10.26198308277188
10.232606894733875
10.203507502597832
10.17468224221905
10.146128469838812
10.117843562260656
10.08982491700613
10.062069952451148
10.03457610794392
10.007340843905421
9.980361641913335
9.953636004770308
9.927161456557405
9.900935542673517
9.874955829861507
9.84921990622183
9.82372538121429
9.798469885648622
9.77345107166452
9.748666612701724
9.724114203460703
9.699791559854535
9.675696418952468
