0.04223354968034509
0.042233549680345095
0.042233549680344824
0.0422335496803446
0.04223354968034443
0.042233549680344276
0.04223354968034416
0.04223354968034405
0.04223354968034396
0.042233549680343874
0.04223354968034381
0.042233549680343756
0.04223354968034371
0.04223354968034026
0.042233549680337455
0.04223354968033519
0.04223354968033343
0.04223354968033197
0.042233549680330794
0.04223354968032975
0.04223354968032899
0.04223354968032838
0.04223354968032787
0.04223354968032745
0.04223354968032722
0.04223354968032694
0.04223354968032668
0.04223354968032644
0.042233549680326235
0.04223354968032603
0.04223354968032585
0.042233549680325666
0.04223354968032551
0.04223354968032534
0.042233549680325194
0.04223354968032506
0.04223354968032494
0.042233549680324826
0.042233549680324736
0.04223354968032465
0.04223354968032458
0.042233549680324514
0.04223354968032446
0.04223354968032441
0.04223354968032439
0.042233549680324355
0.04223354968032431
0.042233549680324285
0.04223354968032424
0.042233549680324216
0.04223354968032419
0.04223354968032418
0.04223354968032417
0.04223354968032415
0.042233549680324146
0.04223354968032413
0.04223354968032412
0.042233549680324126
0.04223354968032411
0.04223354968032409
0.04223354968032408
0.04223354968032407
0.042233549680324035
0.04223354968032401
0.04223354968032399
0.042233549680323966
0.04223354968032393
0.042233549680323904
0.042233549680323855
0.04223354968032382
0.04223354968032378
0.04223354968032373
0.042233549680323695
0.04223354968032365
0.04223354968032359
0.04223354968032356
0.04223354968032348
0.04223354968032345
0.042233549680323404
0.04223354968032338
0.04223354968032333
0.04223354968032326
0.042233549680323196
0.04223354968032314
0.04223354968032308
0.042233549680323
0.042233549680322925
0.04223354968032283
0.04223354968032276
0.04223354968032264
0.04223354968032255
0.04223354968032247
0.04223354968032247
0.04223354968032247
0.04223354968032247
0.04223354968032247
0.04223354968032247
0.04223354968032247
0.04223354968032247
0.04223354968032247
0.04223354968032247
0.04223354968032247
0.04223354968032247
0.04223354968032247
0.04223354968032247
0.04223354968032247
0.04223354968032247
0.04223354968032247
0.04223354968032247
0.04223354968032247
0.04223354968032247
0.04223354968032247
0.04223354968032247
0.04223354968032247
0.042233549680322474
0.042233549680322474
0.04223354968032247
0.04223354968032247
0.042233549680322474
0.042233549680322474
0.042233549680322474
0.042233549680322474
0.04223354968032247
0.04223354968032247
0.04223354968032247
0.042233549680322474
0.04223354968032247
0.042233549680322474
0.04223354968032247
0.04223354968032247
0.042233549680322474
0.042233549680322474
0.04223354968032247
0.042233549680322474
0.04223354968032247
0.042233549680322474
0.042233549680322474
0.042233549680322474
0.042233549680322474
0.042233549680322474
0.042233549680322474
0.042233549680322474
0.042233549680322474
0.042233549680322474
0.042233549680322474
0.042233549680322474
0.042233549680322474
0.042233549680322474
0.042233549680322474
0.042233549680322474
0.042233549680322474
0.042233549680322474
0.042233549680322474
0.042233549680322474
0.042233549680322474
0.042233549680322474
0.042233549680322474
0.042233549680322474
0.042233549680322474
0.042233549680322474
0.042233549680322474
0.042233549680322474
0.042233549680322474
0.04223354968032247
0.042233549680322474
0.042233549680322474
0.042233549680322474
0.042233549680322474
0.042233549680322474
0.04223354968032247
0.04223354968032247
0.042233549680322474
0.04223354968032247
0.04223354968032247
0.04223354968032247
0.04223354968032247
0.042233549680322474
0.042233549680322474
0.042233549680322474
0.042233549680322474
0.042233549680322474
0.042233549680322474
0.04223354968032247
0.042233549680322474
0.042233549680322474
0.042233549680322474
0.042233549680322474
0.042233549680322474
0.042233549680322474
0.042233549680322474
0.042233549680322474
0.042233549680322474
0.04223354968032247
0.04223354968032247
0.042233549680322474
0.042233549680322474
0.042233549680322474
0.04223354968032247
0.04223354968032247
0.04223354968032247
