-1.2597334368968356
-2.8470932944962652
-2.8515789984223447
-2.856216864287859
-2.8609843631520664
-2.865861807616687
-2.8708319876282653
-2.875879803563757
-2.8809919512951745
-2.886156661041362
-2.891363481659733
-2.8966031017884366
-2.901867200825039
-2.9071483242126206
-2.912439778640275
-2.9177355436154735
-2.9230301965209944
-2.9283188487930625
-2.9335970912816363
-2.938860947202633
-2.9441068313786345
-2.9493315147003476
-2.9545320929345777
-2.9597059591628345
-2.964850779263364
-2.969964469957629
-2.975045179025835
-2.9800912767588703
-2.9851013019311394
-2.990074003489446
-2.9950082888370253
-2.9999032205707303
-3.0047580046263804
-3.009571979240052
-3.0143446046437554
-3.0190754534264035
-3.0237642015031367
-3.028410619647013
-3.033014565541386
-3.0375759763212358
-3.0420948615730254
-3.0465712967689216
-3.0510054171128216
-3.0553974117789107
-3.0597475185237757
-3.06405601865675
-3.068323232351473
-3.072549514284245
-3.0767352495844467
-3.0808808500834877
-3.08498675084718
-3.0890534069791036
-3.0930812906806304
-3.0970708885545957
-3.1010226991392806
-3.104937230659572
-3.108814998982839
-3.1126565257667234
-3.1164623367860367
-3.1202329604277237
-3.123968926341838
-3.1276707642365036
-3.131339002807576
-3.1349741687911368
-3.1385767861294838
-3.14214737524171
-3.145686452388283
-3.1491945291233425
-3.1526721118245797
-3.1561197012950286
-3.159537792428214
-3.162926873931748
-3.1662874281017235
-3.169619930643805
-3.1729248505348973
-3.1762026499209433
-3.179453784047095
-3.182678701215174
-3.1858778427663004
-3.1890516430843143
-3.1922005296174842
-3.1953249229161536
-3.198425236683606
-3.201501877838263
-3.2045552465852034
-3.207585736495513
-3.21059373459219
-3.213579621440456
-3.2165437712429386
-3.219486551936872
-3.222408325294089
-3.2253094470219845
-3.228190266865604
-3.2310511287095425
-3.2338923706799756
-3.2367143252460644
-3.2395173193199964
-3.2423016743565958
-3.2450677064508593
-3.247815726434322
-3.250546039969684
-3.253258947643437
-3.255954745056947
-3.258633716887138
-3.2612961671169867
-3.263942358828371
-3.2665725745837606
-3.2691870863542714
-3.271786161630567
-3.274370063500097
-3.2769390507224228
-3.2794933778030555
-3.2820332950649234
-3.284559048718776
-3.2870708809312856
-3.289569029891762
-3.2920537298773023
-3.2945252113162105
-3.296983700850024
-3.2994294213939805
-3.3018625921961218
-3.3042834288950815
-3.3066921435763246
-3.309088944827453
-3.3114740377917955
-3.3138476242213026
-3.316209902527954
-3.3185610678341164
-3.3209013120217263
-3.3232308237807513
-3.325549788656334
-3.3278583890948887
-3.3301568044895378
-3.3324452112245284
-3.334723782718623
-3.336992689467887
-3.3392520990873353
-3.341502176352065
-3.3437430832374395
-3.3459749789586586
-3.348198020009426
-3.350412360200105
-3.3526181506950343
-3.354815540049233
-3.3570046742446213
-3.359185696725317
-3.361358748432634
-3.3635239678392357
-3.365681490982981
-3.367831451500067
-3.369973980657629
-3.372109207385854
-3.374237258309704
-3.3763582577799993
-3.3784723279039985
-3.380579588575811
-3.3826801575060004
-3.3847741502509097
-3.386861680241765
-3.388942858812924
-3.3910177952301694
-3.3930865967183172
-3.395149368488687
-3.3972062137658705
-3.399257233814561
-3.401302527965707
-3.4033421936424175
-3.4053763263857175
-3.40740501987957
-3.4094283659760096
-3.41144645471991
-3.4134593743729646
-3.4154672114381057
-3.41747005068312
-3.4194679751641575
-3.4214610662489227
-3.423449403639744
-3.4254330653960623
-3.427412127957165
-3.429386666163979
-3.4313567532813973
-3.4333224610197135
-3.435283859556204
-3.4372410175563175
-3.4391940021947485
-3.4411428791760463
-3.4430877127554274
-3.4450285657588537
-3.446965499603447
-3.448898574317134
-3.4508278485586388
-3.4527533796368215
-3.45467522353005
-3.4565934349054435
-3.4585080671376107
-3.460419172327526
-3.4623268013211606
-3.4642310037277078
-3.466131827937917
-3.468029321142025
