-19.589034427759135
-19.580377314078415
-20.297553974490565
-21.00846118769153
-21.71201666850238
-22.407641277381245
-23.09504027714868
-23.77408109396267
-24.4447231876198
-25.106977849948624
-25.760885209687864
-26.40650110871722
-27.0438896325749
-27.67311887538212
-28.294258552377443
-28.90737866610924
-29.512548772144388
-30.1098375847611
-30.699312774448103
-31.281040872710154
-31.85508723605903
-32.42151604182267
-32.98039030023729
-33.53177187400042
-34.075721500260855
-34.61229881214353
-35.141562358066906
-35.663569617712746
-36.17837701378121
-36.68603991872273
-37.18661265557591
-37.68014849184866
-38.166699625109814
-38.6463171585678
-39.119051064403166
-39.584950131958465
-40.04406189701523
-40.49643254725132
-40.94210679748239
-41.38112772633019
-41.813536563373766
-42.239372412409054
-42.6586718918951
-43.071468667609345
-43.47779284447595
-43.87767017379997
-44.27112101807066
-44.65815899642174
-45.03878921020871
-45.413005916607595
-45.78078948062475
-46.14210754079454
-46.49689015714276
-46.845051528082834
-47.18646335234284
-47.52094896318169
-47.84827139880136
-48.16812088354857
-48.480104419315346
-48.78374307602183
-49.07848700683465
-49.36376358901857
-49.639077313815584
-49.90417363378466
-50.159252002515096
-50.40516202278226
-50.643465999031456
-50.8762622436005
-51.10577913118633
-51.33390634661032
-51.56188051690362
-51.79022926509333
-52.018928917546674
-52.24761637796344
-52.47579650602687
-52.70296702964825
-52.928683435026954
-53.152580874045015
-53.374372867190765
-53.59384020690308
-53.81081742172141
-54.025180183157474
-54.23683487695315
-54.445710486141365
-54.65175249960631
-54.854918441232606
-55.05517463279792
-55.25249387140914
-55.44685377085423
-55.63823557971145
-55.82662333909845
-56.01200328118053
-56.19436403241971
-56.37369356031451
-56.54998342200429
-56.723224647333446
-56.893411394482825
-57.0605362254173
-57.224593404824
-57.385577892439244
-57.543485729290765
-57.69831226514155
-57.85005476756932
-57.998710599497485
-58.14427765601805
-58.2867543407258
-58.42613954471694
-58.56243262739273
-58.69563339874433
-58.82574210287112
-58.95275940257418
-59.07668636488019
-59.19752444740875
-59.315275485496095
-59.42994168001841
-59.54152558586062
-59.65003010098035
-59.75545845604063
-59.85781420456108
-59.95710121356816
-60.05332365471293
-60.14648599582718
-60.23659299289497
-60.32364968241864
-60.40766137415385
-60.4886336442084
-60.56657232844315
-60.64148351622674
-60.713373544460254
-60.7822489918966
-60.848116673702066
-60.91098363631871
-60.97085715251585
-61.02774471668961
-61.08165404037292
-61.13259304794712
-61.180569872539806
-61.2255928521089
-61.267670525692864
-61.30681162982394
-61.34302509508915
-61.37632004284169
-61.40670578204371
-61.43419180623665
-61.45878779063388
-61.48050358932964
-61.499349232610854
-61.51533492437688
-61.52847103964662
-61.538768122166736
-61.5462368820947
-61.55088819376966
-61.55273309355351
-61.551782777744826
-61.54804860056236
-61.541542072184434
-61.53227485685488
-61.520258771034996
-61.50550578161587
-61.48802800417129
-61.46783770126116
-61.44494728077168
-61.41936929429587
-61.39111643555243
-61.36020153883469
-61.32663757748849
-61.290437662422406
-61.25161504064141
-61.210183093800914
-61.16615533678698
-61.11954541630937
-61.070367109517
-61.018634322624415
-60.96435969352582
-60.90755788081268
-60.848244184043345
-19.589034427759135
-19.580377314078415
-20.297553974490565
-21.00846118769153
-21.71201666850238
-22.407641277381245
-23.09504027714868
-23.77408109396267
-24.4447231876198
-25.106977849948624
-25.760885209687864
-26.40650110871722
-27.0438896325749
-27.67311887538212
-28.294258552377443
-28.90737866610924
-29.512548772144388
-30.1098375847611
-30.699312774448103
-31.281040872710154
-31.85508723605903
-32.42151604182267
-32.98039030023729
-33.53177187400042
-34.075721500260855
-34.61229881214353
-35.141562358066906
-35.663569617712746
-36.17837701378121
-36.68603991872273
-37.18661265557591
-37.68014849184866
-38.166699625109814
-38.6463171585678
-39.119051064403166
-39.584950131958465
-40.04406189701523
-40.49643254725132
-40.94210679748239
-41.38112772633019
-41.813536563373766
-42.239372412409054
-42.6586718918951
-43.071468667609345
-43.47779284447595
-43.87767017379997
-44.27112101807066
-44.65815899642174
-45.03878921020871
-45.413005916607595
-45.78078948062475
-46.14210754079454
-46.49689015714276
-46.845051528082834
-47.18646335234284
-47.52094896318169
-47.84827139880136
-48.16812088354857
-48.480104419315346
-48.78374307602183
-49.07848700683465
-49.36376358901857
-49.639077313815584
-49.90417363378466
-50.159252002515096
-50.40516202278226
-50.643465999031456
-50.8762622436005
-51.10577913118633
-51.33390634661032
-51.56188051690362
-51.79022926509333
-52.018928917546674
-52.24761637796344
-52.47579650602687
-52.70296702964825
-52.928683435026954
-53.152580874045015
-53.374372867190765
-53.59384020690308
-53.81081742172141
-54.025180183157474
-54.23683487695315
-54.445710486141365
-54.65175249960631
-54.854918441232606
-55.05517463279792
-55.25249387140914
-55.44685377085423
-55.63823557971145
-55.82662333909845
-56.01200328118053
-56.19436403241971
-56.37369356031451
-56.54998342200429
-56.723224647333446
-56.893411394482825
-57.0605362254173
-57.224593404824
-57.385577892439244
-57.543485729290765
-57.69831226514155
-57.85005476756932
-57.998710599497485
-58.14427765601805
-58.2867543407258
-58.42613954471694
-58.56243262739273
-58.69563339874433
-58.82574210287112
-58.95275940257418
-59.07668636488019
-59.19752444740875
-59.315275485496095
-59.42994168001841
-59.54152558586062
-59.65003010098035
-59.75545845604063
-59.85781420456108
-59.95710121356816
-60.05332365471293
-60.14648599582718
-60.23659299289497
-60.32364968241864
-60.40766137415385
-60.4886336442084
-60.56657232844315
-60.64148351622674
-60.713373544460254
-60.7822489918966
-60.848116673702066
-60.91098363631871
-60.97085715251585
-61.02774471668961
-61.08165404037292
-61.13259304794712
-61.180569872539806
-61.2255928521089
-61.267670525692864
-61.30681162982394
-61.34302509508915
-61.37632004284169
-61.40670578204371
-61.43419180623665
-61.45878779063388
-61.48050358932964
-61.499349232610854
-61.51533492437688
-61.52847103964662
-61.538768122166736
-61.5462368820947
-61.55088819376966
-61.55273309355351
-61.551782777744826
-61.54804860056236
-61.541542072184434
-61.53227485685488
-61.520258771034996
-61.50550578161587
-61.48802800417129
-61.46783770126116
-61.44494728077168
-61.41936929429587
-61.39111643555243
-61.36020153883469
-61.32663757748849
-61.290437662422406
-61.25161504064141
-61.210183093800914
-61.16615533678698
-61.11954541630937
-61.070367109517
-61.018634322624415
-60.96435969352582
-60.90755788081268
-60.848244184043345
