152.18199525942381
153.91858179764327
155.58888485018588
157.19373546728187
158.7343603136974
160.21233249465072
161.62952066540169
162.98803851039324
164.2901958021583
165.53845200293014
166.7353731402194
167.88359247609895
168.98577527277362
170.04458780811893
171.06267063060233
172.04261593386843
172.98694884068854
173.89811232211846
174.77845543600102
175.63022454612855
176.45555717594024
177.25647815527702
178.03489773242578
178.792611343818
179.53130075806436
180.25253633768324
180.95778018946208
181.64839000177864
182.3256233935947
182.99064262466302
183.6445195393996
184.2882406376839
184.92271218447823
185.54876528663212
186.16716087964033
186.77859457957868
187.3837013661106
187.98306007149966
188.57719765815443
189.1665932735366
189.75168207644415
190.33285883288474
190.91048128311775
191.48487328409274
192.05632773355055
192.62510928358674
193.19145685258445
193.75558594517892
194.31769079038634
194.87794630826622
195.43650991553721
195.99352318046707
196.5491133371471
197.103394668961
197.65646977069235
198.20843069830693
198.75936001500236
199.30933174165907
199.85841221935783
200.40666089116098
200.95413100989086
201.5008702781864
202.04692142668117
202.5923227357242
203.13710850566136
203.68130948031308
204.22495322792142
204.76806448349734
205.31066545617955
205.85277610491474
206.3944143854908
206.9355964716923
207.47633695310665
208.01664901188514
208.55654458055594
209.09603448279503
209.63512855888584
210.17383577743556
210.7121643347699
211.2501217432899
211.78771490995234
212.32495020592043
212.8618335283292
213.39837035501537
213.9345657929754
214.47042462123872
215.00595132877223
215.54115014796793
216.07602508420834
216.6105799419519
217.14481834773338
217.6787437704329
217.66365282509878
217.6528007766973
217.64615695802235
217.6436908675365
217.64537218528065
217.6511707835983
217.66105673421282
217.67500031274116
217.69297200140755
217.71494249049363
217.74088267890255
217.7707636741039
217.80455679164496
217.842233554361
217.8837656913768
217.92912513696436
217.9782840293027
218.03121470917182
218.0878897186037
218.14828179950595
218.21236389226968
218.28010913436853
218.35149085895563
218.4264825934612
218.50505805819432
218.58719116494999
218.67285601562313
218.7620269008308
218.85467829854244
218.9507848727191
219.05032147196167
219.1532631281687
219.25958505520273
219.36926264756727
219.48227147909208
219.59858730162824
219.71818604375298
219.84104380948304
219.96713687699804
220.09644169737263
220.2289348933181
220.36459325793285
220.50339375346198
220.64531351006605
220.79032982459862
220.93842015939254
221.08956214105535
221.24373355927304
221.40091236562276
221.5610766723942
221.72420475141908
221.89027503290978
222.05926610430586
222.2311567091291
222.405925745847
222.5835522667445
222.76401547680362
222.9472947325916
223.13336954115675
223.32221955893257
223.51382459065
223.7081645882569
223.90521964984615
224.10497001859088
224.307396081688
224.51247836930912
224.7201975535587
224.9305344474407
225.1434700038319
225.35898531446307
225.57706160890726
225.79768025357598
226.02082275072198
226.24647073744976
226.47460598473307
226.70521039643972
226.93826600836314
227.17375498726133
227.41165962990252
227.65196236211818
227.89464573786222
228.1396924382777
228.38708527077003
228.63680716808682
228.88884118740458
229.14317050942202
229.39977843745987
229.65864839656734
229.9197639326351
230.18310871151445
230.44866651814323
230.7164212556778
230.98635694463172
231.25845772202015
231.53270784051097
231.80909166758167
232.08759368468282
232.368198486407
232.65089077966465
232.93565538286487
233.22247722510292
233.51134134535369
233.80223289167031
234.09513712038935
234.39003939534143
234.68692518706754
234.98578007204128
235.28658973189664
