6.9339
5.06862867624161
5.001829314840911
4.937264751920982
4.874997237552918
4.815055720102289
4.757450757220328
4.702177548031363
4.649217098412984
4.598537249818867
4.55009383984889
4.503832003283349
4.459687576096994
4.4175885580021514
4.37745659055962
4.339208412092473
4.302757256136775
4.268014166327337
4.234889206982552
4.2032925548496065
4.17313546321452
4.144331094672598
4.1167952231770695
4.0904468094905795
4.06520845686566
4.041006755729665
4.0177725274257945
3.995440977762209
3.973951771346472
3.953249037532762
3.933281318376403
3.914001468357104
3.8953665148671988
3.877337487622902
3.859879224289574
3.8429601587511533
3.8265520976242735
3.8106299898360594
3.7951716933625175
3.780157742566323
3.7655711189817453
3.7513970278682054
3.7376226823907768
3.7242370968805547
3.711230890276496
3.698596100547045
3.6863260106303026
3.6744149862101154
3.6628583254583633
3.6516521207161916
3.640793131955589
3.630278671754267
3.6201065014281797
3.6102747378947737
3.6007817707842578
3.5916261892732546
3.582806718084514
3.5743221801217144
3.5661713682340666
3.558353148374299
3.5508663014466686
3.5437095498135873
3.536881527128732
3.530380762138109
3.5242056670753583
3.5183545301329047
3.512825511525676
3.5076166426934696
3.502725828216892
3.4981508500505267
3.4938893737075336
3.4899389560586846
3.486297054437826
3.482961003893613
3.4799281589325033
3.4771957097315163
3.4747608234461524
3.472620623983053
3.4707722039875515
3.469212636720272
3.4679389877027007
3.4669483260338456
3.466237735297828
3.4658043239935776
3.465645235436893
3.4657576570911313
3.4661388292967117
3.466786053372182
3.467696699114173
3.4688682115676994
3.4702981172711413
3.471984029775934
3.473923654573633
3.476114793402131
3.47855534795269
3.48124332299604
3.484176828947313
3.4873540838911596
3.490773415089005
3.494433259991083
3.4983321667760774
3.502468794441081
3.506841912464471
3.5114504000636395
3.516293245069166
3.52136954243615
3.526678492412726
3.532219398384934
3.5379916644161136
3.5439947924983852
3.5502283795324248
3.556692114051352
3.56338577270318
3.570309216505864
3.5774623868879067
3.58484530152681
3.5924580499970427
3.6003007892384638
3.608373752553646
3.6166771904166226
3.6252114462294327
3.6339768978873983
3.6429739656070983
3.6522031065570775
3.6616645353319006
3.6713593046504474
3.6812876901185736
3.6914502357151133
3.7018474979383935
3.712480036293006
3.723348406750662
3.7344531555941014
3.7457948132795416
3.7573738882738374
3.7691911489977485
3.781246475204472
3.7935405444704533
3.80607372053089
3.8188463097608687
3.831858558836045
3.8451106491987677
3.858602691116884
3.872334717751621
3.8863066793073613
3.9005184372870763
3.9149697588702015
3.9296603114291493
3.944589657200796
3.959757248129451
3.9751624208980125
3.9908043921640743
4.006682254017826
4.022794969678412
4.039141369445354
4.055720146921252
4.072529855521735
4.089568905288087
4.106835560017372
4.124327934724308
4.142043993448161
4.159981547417252
4.17813825358243
4.196511613529987
4.215098972783054
4.233897520499379
4.252904289571982
4.272116157137583
4.291529845496353
4.311141923444824
4.330948808022113
4.350946766667993
4.371131919789701
4.39150024373239
4.4120475741466185
4.432769609744536
4.453661916434446
4.474719931822167
4.495938970155116
4.517314227066468
4.538840785989706
4.560504754247999
4.582324535975914
4.604274586561787
4.626355275239986
4.64856119569773
4.670886884186931
4.693326812576038
4.715875393584736
4.7385269879446685
4.761275911927446
4.78411644498463
4.807042837439825
4.83004931820232
4.853130102476423
4.876279399441754
4.8994914198802695
4.922760383726607
4.946080527519022
4.969446111728958
4.992851427948646
