292.0028700000001
297.24503384941534
297.28745820308137
297.33166602329663
297.37747119488427
297.4248427609405
297.47377041234694
297.52424538346617
297.5762581788642
297.62979866907773
297.6848564395723
297.7414210824463
297.79948238777166
297.8590304351127
297.9200555957312
297.982548459973
298.04649970567453
298.111899923387
298.17873941313115
298.2470079655328
298.31669463814126
298.38778753549815
298.46027359951216
298.5341384148191
298.60936603230425
298.685938812627
298.7638372906727
298.84304006102684
298.9235236841413
299.00526261181324
299.0882291338757
299.17239333780736
299.25772308979583
299.3441840286777
299.4317395750873
299.520350951009
299.6099772175079
299.7005753176279
299.79210013332977
299.88450455166674
299.9777395403938
300.0717542325348
300.1664960193913
300.2619106516454
300.35794234809606
300.45453391144935
300.55162685226964
300.6491615168292
300.7470772236218
300.84531240415856
300.94380474924975
301.0424913588369
301.1413088977048
301.2401937523424
301.3390821982524
301.4379105336929
301.5366152857648
301.63513334383475
301.73340212918436
301.83135975542757
301.92894518631516
302.0260983900665
302.12276048921353
302.21887390540996
302.31438249786845
302.4092316951235
302.5033686191099
302.59674220098975
302.6893032880784
302.7810047413899
302.87180152333843
302.96165077525734
303.0505118844689
303.1383465407335
303.2251187820029
303.3107950294903
303.39534411214817
303.4787372807317
303.5609482117198
303.6419530014095
303.72173015058127
303.8002605401981
303.877527398632
303.9535162609735
304.028214921003
304.1016133759491
304.1737037680787
304.2444803134819
304.3139392358847
304.3821022930136
304.4488986928844
304.51440099170395
304.5785890621774
304.64146796472926
304.7030442730808
304.7633259864231
304.82232244162134
304.8800442257253
304.9365030891942
304.9943904761105
305.05169772746194
305.10766669827154
305.1623161452226
305.215665514794
305.2677349196915
305.318545061645
305.36811715614766
305.4164728586805
305.4636341969463
305.5096235009791
305.554463343603
305.59817648010693
305.6407857929381
305.68231423973407
305.7227848048036
305.76222045399294
305.80064409283017
305.83807852786794
305.8745464311026
305.9100703073567
305.94467246451063
305.9783749864572
306.01119970864846
306.0431681961174
306.07430172383374
306.10462125928
306.13414744711235
306.1629005957859
306.190900666022
306.2181672609994
306.24471961816084
306.27057660250387
306.29575670127923
306.32027801996406
306.3441582794295
306.3674148142054
306.3900645717453
306.4121241126186
306.43360961153286
306.45453685912764
306.4749212644559
306.49477785809074
306.5141212957907
306.53296586266566
306.55132547779033
306.5692136992065
306.5866437292774
306.60362842033214
306.6201802805774
306.63631148022483
306.6520338578051
306.66735892663075
306.68229788138166
306.6968616047884
306.7110606743792
306.72490536927444
306.73840567700944
306.7515713003582
306.76441166414753
306.7769359220463
306.7891529633144
306.80107141949145
306.8126996710317
306.8240458538557
306.83511786582676
306.8459233731276
306.85646981655145
306.8667644176791
306.87681418495623
306.886625919654
306.89620622171714
306.9055614954926
306.9146979553393
306.9236216311141
306.93233837353455
306.9408538594209
306.9491735968113
306.9573029299529
306.9652470441703
306.9730109706104
306.98059959086316
306.9880176414643
306.9952697182784
307.00236028075705
307.00929365609045
307.01607404323363
307.02270551682767
307.0291920310055
307.03553742309055
307.0417454171868
307.04781962766526
307.0537635625483
307.0595806267911
307.06527412547047
307.070847266873
307.0763031654903
307.08164484492755
307.08687524071684
307.09199720305065
307.09701349942753
