2.0928121225200003
2.161828680567625
2.1634810783498493
2.16598281474218
2.168973021666057
2.1722388446656233
2.1756533767537216
2.179141021779188
2.182656819387043
2.18617409202568
2.1896770629299365
2.1931564442577507
2.196606800110757
2.2000249701955927
2.203409127257429
2.20675821314404
2.210071600989898
2.2133488923487428
2.2165897947629216
2.2197940471644073
2.2229613735918865
2.226091453526075
2.2291839018112207
2.232238253912787
2.2352539539142686
2.2382303436354043
2.241166651825676
2.244061982715916
2.246915303389102
2.249725429518957
2.2524910090511985
2.255210503390233
2.2578821656104555
2.260504015142639
2.2630738082940147
2.265589003842987
2.2680467228048338
2.270443701288459
2.272776235151609
2.2750401149073167
2.2772305490320988
2.279342073472258
2.281368444736235
2.2833025135036555
2.285136075191714
2.286859693435456
2.2884624920387204
2.2899319107866365
2.2912534208249435
2.292410196595524
2.2933827443057906
2.2941484929383607
2.2946814030789953
2.2949514068803945
2.294924295926721
2.294561471573898
2.2938202902442275
2.292655142457613
2.2910198171853557
2.288871876413182
2.2861799212182627
2.282934535589082
2.279162962794277
2.2749456901608567
2.2704298837634265
2.2658311213082163
2.2614144403457677
2.257452457901473
2.254171717660057
2.2517091370612246
2.250097145119943
2.24927970450394
2.249145860139776
2.2495641120908076
2.250407126610341
2.2515649418639123
2.252949226535055
2.2544923444634937
2.256144150956315
2.2578682724663777
2.2596387101970365
2.261437061559481
2.2632503819211847
2.2650695998844377
2.2668883698627513
2.268702254553368
2.270508147935577
2.2723038712437713
2.2740878910625613
2.2758591233168044
2.2776167972290184
2.2793603610041084
2.2810903529645423
2.2828048822632008
2.2845043003672134
2.286188489721255
2.287856412014434
2.2895096075194115
2.291147451152111
2.292769858710687
2.294376909404757
2.295968340777934
2.2975442022418577
2.299104488523971
2.300649200023146
2.3021783424797184
2.3036919266341833
2.3051899679079004
2.306672486109352
2.308139505164928
2.3095910528712977
2.311027160665959
2.312447863412948
2.313853199201222
2.3152432091534902
2.316617937244211
2.3179774301253473
2.3193217369591506
2.3206509092573917
2.321965000726572
2.323264067118697
2.3245481660877196
2.325817357050639
2.3270717010551274
2.3283112606504917
2.3295360997649546
2.3307462835873296
2.331941878453773
2.333122951739216
2.3342895717538057
2.3354418076436705
2.3365797292973336
2.337703407255009
2.3388129126240917
2.339908316998247
2.3409896923810716
2.3420571111139825
2.343110645808346
2.3441503692816634
2.345176354497834
2.3461886745112097
2.3471874024145363
2.348172611290572
2.34914437416729
2.3501027639765466
2.3510478535161328
2.351979715415111
2.3528984221022453
2.353804045777511
2.3546966583865085
2.3555763315976828
2.3564431367822682
2.3572971449967546
2.3581384269678964
2.358967053080057
2.359783093364814
2.3605866174926575
2.361377694766858
2.362156394119099
2.362922784107114
2.363676932913901
2.364418908348707
2.3651487778494626
2.3658666084866518
2.3665724669686496
2.367266419648154
2.367948532529959
2.368618871279653
2.3692775012334923
2.369924487409106
2.3705598945170414
2.37118378697318
2.3717962289117644
2.3723972841991627
2.3729874811481872
2.3735659598424435
