115.2450455745817
81.94549457788806
81.8158700740669
81.68542121046276
81.55401543784322
81.42161371460169
81.28818759751081
81.15370997609963
81.01815403583439
80.88149313372017
80.74370077564517
80.60475060573242
80.46461639778762
80.32327204775306
80.1806915670633
80.03684907689664
79.8917188033368
79.7452750734561
79.5974923123348
79.44834504102991
79.29780787551013
79.14585552657014
78.9924628007431
78.83760460222676
78.68125593584101
78.52339191103546
78.36398774696586
78.20301877865778
78.04046046427926
77.87628839354109
77.71047829724661
77.54300605801137
77.37384772217459
77.20297951292368
77.03037784465359
76.85601933858214
76.6798808396434
76.50193943467927
76.32217247195106
76.14055758198967
75.95707269980524
75.7716960884732
75.58440636411486
75.39518252228748
75.20400396579971
75.0108505339629
74.8157025332904
74.61854076965254
74.4193465818929
74.2181018769086
74.01478916619624
73.80939160385678
73.60189302605546
73.39227799192295
73.18053182588504
72.96664066139765
72.75059148606447
72.5323721881057
72.31197160414304
72.08937956825636
71.86458696226772
71.63758576719349
71.4083691158056
71.17693134623259
70.94326805651885
70.70737616006954
70.46925394186492
70.22890111537409
69.98631888002878
69.74150997915523
69.49447875823013
69.24523122332297
68.99377509957961
68.74011988958856
68.48427693146552
68.22625945647992
67.96608264603883
67.70376368783408
67.43932183094913
67.17277843971391
66.90415704608623
66.63348340033131
66.3607855197634
66.08609373530432
65.80944073560985
65.53086160850721
65.25039387948242
64.96807754695162
64.68395511404799
64.39807161665297
64.1104746473992
63.82121437537248
63.53034356124274
63.23791756755441
62.943994363912616
62.648634526805616
62.35190123381199
62.053860251950134
61.754579919935644
61.45413112412912
61.15258726796423
60.850024234668425
60.54652034310133
60.242156296557695
59.937015124402045
59.63118211642739
59.32474474985109
59.017792608893245
58.71041729690703
58.402712341063456
58.09477308962344
57.78669660186381
57.478581530759186
57.17052799855801
56.86263746542485
56.55501259136546
56.24775709168308
55.9409759350899
55.63477381144503
55.32925700296617
55.02453188233601
54.72070506936641
54.41788325514009
54.11617302253794
53.81568066371229
53.516511995097076
53.21877217057556
52.92256549345528
52.62799522792345
52.33516341068097
52.04417066346671
51.75511600720208
51.468096678492195
51.18320794922702
50.900542950024956
53.177205786686294
53.82898906676677
54.448803067345516
55.040793500606185
55.608377585021145
56.15441428368347
56.681320786461235
57.19115890039689
57.68570067282705
58.16647900937402
58.634827242891014
59.09191044952546
59.53875052123265
59.97624645880927
60.40519096573899
60.82628414928153
61.2401449372527
61.64732067413804
62.0482952530238
62.44349605974366
62.83329994516893
63.21803839547151
63.598002034775156
63.97344456712349
64.34458624321631
64.71161692041662
65.07469877106988
65.43396868331439
65.78954038981028
66.14150635250834
66.48993942556407
66.82120164287474
67.13139686227319
67.43707015716079
67.7382530330568
68.03496441473999
68.32720359125298
68.61495583028845
68.89819099465203
69.17686307532013
69.45090952139346
69.7202502215507
69.98478607496948
70.24439707110379
70.49893977335104
70.74824406964966
70.9921090102419
71.23029749522179
71.4625294958633
71.68847338529206
71.9077348027579
72.11984226151573
72.32422840316366
72.5202053533693
72.70693197040725
72.88336977582331
73.04822281219344
73.19985423721381
73.33616852118406
73.45444154500512
73.55106957282692
73.62118778554799
73.65807101670467
73.65215400903242
73.58934922074812
115.2450455745817
81.94549457788806
81.8158700740669
81.68542121046276
81.55401543784322
81.42161371460169
81.28818759751081
81.15370997609963
81.01815403583439
80.88149313372017
80.74370077564517
80.60475060573242
80.46461639778762
80.32327204775306
80.1806915670633
80.03684907689664
79.8917188033368
79.7452750734561
79.5974923123348
79.44834504102991
79.29780787551013
79.14585552657014
78.9924628007431
78.83760460222676
78.68125593584101
78.52339191103546
78.36398774696586
78.20301877865778
78.04046046427926
77.87628839354109
77.71047829724661
77.54300605801137
77.37384772217459
77.20297951292368
77.03037784465359
76.85601933858214
76.6798808396434
76.50193943467927
76.32217247195106
76.14055758198967
75.95707269980524
75.7716960884732
75.58440636411486
75.39518252228748
75.20400396579971
75.0108505339629
74.8157025332904
74.61854076965254
74.4193465818929
74.2181018769086
74.01478916619624
73.80939160385678
73.60189302605546
73.39227799192295
73.18053182588504
72.96664066139765
72.75059148606447
72.5323721881057
72.31197160414304
72.08937956825636
71.86458696226772
71.63758576719349
71.4083691158056
71.17693134623259
70.94326805651885
70.70737616006954
70.46925394186492
70.22890111537409
69.98631888002878
69.74150997915523
69.49447875823013
69.24523122332297
68.99377509957961
68.74011988958856
68.48427693146552
68.22625945647992
67.96608264603883
67.70376368783408
67.43932183094913
67.17277843971391
66.90415704608623
66.63348340033131
66.3607855197634
66.08609373530432
65.80944073560985
65.53086160850721
65.25039387948242
64.96807754695162
64.68395511404799
64.39807161665297
64.1104746473992
63.82121437537248
63.53034356124274
63.23791756755441
62.943994363912616
62.648634526805616
62.35190123381199
62.053860251950134
61.754579919935644
61.45413112412912
61.15258726796423
60.850024234668425
60.54652034310133
60.242156296557695
59.937015124402045
59.63118211642739
59.32474474985109
59.017792608893245
58.71041729690703
58.402712341063456
58.09477308962344
57.78669660186381
57.478581530759186
57.17052799855801
56.86263746542485
56.55501259136546
56.24775709168308
55.9409759350899
55.63477381144503
55.32925700296617
55.02453188233601
54.72070506936641
54.41788325514009
54.11617302253794
53.81568066371229
53.516511995097076
53.21877217057556
52.92256549345528
52.62799522792345
52.33516341068097
52.04417066346671
51.75511600720208
51.468096678492195
51.18320794922702
50.900542950024956
53.177205786686294
53.82898906676677
54.448803067345516
55.040793500606185
55.608377585021145
56.15441428368347
56.681320786461235
57.19115890039689
57.68570067282705
58.16647900937402
58.634827242891014
59.09191044952546
59.53875052123265
59.97624645880927
60.40519096573899
60.82628414928153
61.2401449372527
61.64732067413804
62.0482952530238
62.44349605974366
62.83329994516893
63.21803839547151
63.598002034775156
63.97344456712349
64.34458624321631
64.71161692041662
65.07469877106988
65.43396868331439
65.78954038981028
66.14150635250834
66.48993942556407
66.82120164287474
67.13139686227319
67.43707015716079
67.7382530330568
68.03496441473999
68.32720359125298
68.61495583028845
68.89819099465203
69.17686307532013
69.45090952139346
69.7202502215507
69.98478607496948
70.24439707110379
70.49893977335104
70.74824406964966
70.9921090102419
71.23029749522179
71.4625294958633
71.68847338529206
71.9077348027579
72.11984226151573
72.32422840316366
72.5202053533693
72.70693197040725
72.88336977582331
73.04822281219344
73.19985423721381
73.33616852118406
73.45444154500512
73.55106957282692
73.62118778554799
73.65807101670467
73.65215400903242
73.58934922074812
