48.69385886864286
-50.11975797490242
-51.019809948380086
-51.97511655086472
-52.98007141260023
-54.029110559881964
-55.11688440530888
-56.23833539691127
-57.3887486997841
-58.56378803679389
-59.75951904269513
-60.972421076754415
-62.199388504989024
-63.437722713533816
-64.68511630830977
-65.93963105382541
-67.19967110908179
-68.46395304631402
-69.73147400737064
-71.00147918222925
-72.27342960237617
-73.54697104392297
-74.82190464358864
-76.09815965389173
-77.37576860784912
-78.65484503111337
-79.93556373161864
-81.21814361261724
-82.50283289244402
-83.78989657088907
-85.07960595464318
-86.37223004002503
-87.66802854721028
-88.96724640397215
-90.2701094862886
-91.57682143624275
-92.88756139296287
-94.2024824887506
-95.52171097913899
-96.84534589181644
-98.17345909463819
-99.50609569714322
-100.84327471283576
-102.18498992102838
-103.53121087719299
-104.8818840296339
-106.2369339079441
-107.59626435526339
-108.95975978185479
-110.32728642220859
-111.69869358171819
-113.07381486218316
-114.45246935800166
-115.83446281703439
-117.21958876184236
-118.60762956834346
-119.99835643097025
-121.39153459365745
-122.78691816072215
-124.18425463053194
-125.58328524632019
-126.98374562763402
-128.38536653420832
-129.7878745878
-131.19099295304565
-132.5944419786337
-133.9979398001723
-135.40120290616616
-136.8039466685253
-138.20588583906024
-139.60673501340577
-141.00620906381528
-142.40402203448087
-143.79989336866922
-145.19353974798645
-146.58468090673085
-147.9730386030316
-149.35833689457704
-150.74030239311415
-152.1186644989642
-153.4931556167404
-154.8635113537236
-156.22947070187405
-157.59077620483143
-158.94717411099126
-160.29841451375611
-161.64425148002314
-162.9844431679156
-164.31875193471194
-165.64694443588337
-166.9687917160924
-168.28406929295804
-169.59255723433589
-170.89404022981248
-172.18830765705354
-173.47515364360663
-174.75437712468806
-176.0257818974559
-177.28917667219864
-178.5443751208391
-179.79119592309522
-181.02946281060028
-182.2590046092377
-183.47965527990556
-184.6912539578884
-185.89364499097013
-187.08667797639043
-188.27020779671273
-189.44409465463508
-190.608204106752
-191.76240709623775
-192.90657998440258
-194.0406045810457
-195.16436817350467
-196.27776355427767
-197.38068904708393
-198.47304879387048
-199.5547517424646
-200.62571319401673
-201.68585382101847
-202.73509992747339
-203.7733834620688
-204.80064256764481
-205.8168192094689
-206.82186313315
-207.81572888738452
-208.79837671803824
-209.76977252710606
-210.72988785500635
-211.67869986210877
-212.61619130586234
-213.54235051281458
-214.45717134521877
-215.3606525802859
-216.2528003936606
-217.1336241626835
-218.00313948211965
-218.861367192972
-219.7083333413221
-220.54406910560635
-221.36861071353835
-222.18199935163392
-222.9842810677032
-223.77550666632692
-224.55573159731455
-225.32501583716126
-226.0834237635436
-226.8310240229267
-227.5678893913949
-228.2940966288325
-229.0097263266294
-229.71486274911214
-230.40959366892972
-231.09401019666825
-231.7682066049847
-232.43228014759788
-233.08633087349298
-233.7304614367347
-234.36477690230552
-234.98938454842215
-235.6043936657953
-236.2099153543369
-236.80606231782534
-237.39294865707055
-237.97068966212518
-238.5394016041124
-239.0992015272449
-239.6502070416134
-240.19253611733842
-240.72630688067028
-241.25163741261787
-241.76864555069233
-242.27744869433093
-242.77816361455706
-243.27090626842156
-243.75579161874148
-244.23293346025324
-244.70244424834354
-245.16443494378242
-245.61901485216083
-246.06629148021838
-246.50637039627566
-246.9393550994803
-247.36534689751517
-247.78444479299947
-248.1967453787839
-248.60234274229853
-249.00132837906008
-249.39379111542704
-249.77981704062776
-250.15948944805862
-250.53288878581608
-250.90009261636894
-251.26117558526784
-251.61620939872745
-251.9652628098964
-252.30840161362255
-252.64568864941666
-252.9771838124035
-253.30294407191982
48.69385886864286
-50.11975797490242
-51.019809948380086
-51.97511655086472
-52.98007141260023
-54.029110559881964
-55.11688440530888
-56.23833539691127
-57.3887486997841
-58.56378803679389
-59.75951904269513
-60.972421076754415
-62.199388504989024
-63.437722713533816
-64.68511630830977
-65.93963105382541
-67.19967110908179
-68.46395304631402
-69.73147400737064
-71.00147918222925
-72.27342960237617
-73.54697104392297
-74.82190464358864
-76.09815965389173
-77.37576860784912
-78.65484503111337
-79.93556373161864
-81.21814361261724
-82.50283289244402
-83.78989657088907
-85.07960595464318
-86.37223004002503
-87.66802854721028
-88.96724640397215
-90.2701094862886
-91.57682143624275
-92.88756139296287
-94.2024824887506
-95.52171097913899
-96.84534589181644
-98.17345909463819
-99.50609569714322
-100.84327471283576
-102.18498992102838
-103.53121087719299
-104.8818840296339
-106.2369339079441
-107.59626435526339
-108.95975978185479
-110.32728642220859
-111.69869358171819
-113.07381486218316
-114.45246935800166
-115.83446281703439
-117.21958876184236
-118.60762956834346
-119.99835643097025
-121.39153459365745
-122.78691816072215
-124.18425463053194
-125.58328524632019
-126.98374562763402
-128.38536653420832
-129.7878745878
-131.19099295304565
-132.5944419786337
-133.9979398001723
-135.40120290616616
-136.8039466685253
-138.20588583906024
-139.60673501340577
-141.00620906381528
-142.40402203448087
-143.79989336866922
-145.19353974798645
-146.58468090673085
-147.9730386030316
-149.35833689457704
-150.74030239311415
-152.1186644989642
-153.4931556167404
-154.8635113537236
-156.22947070187405
-157.59077620483143
-158.94717411099126
-160.29841451375611
-161.64425148002314
-162.9844431679156
-164.31875193471194
-165.64694443588337
-166.9687917160924
-168.28406929295804
-169.59255723433589
-170.89404022981248
-172.18830765705354
-173.47515364360663
-174.75437712468806
-176.0257818974559
-177.28917667219864
-178.5443751208391
-179.79119592309522
-181.02946281060028
-182.2590046092377
-183.47965527990556
-184.6912539578884
-185.89364499097013
-187.08667797639043
-188.27020779671273
-189.44409465463508
-190.608204106752
-191.76240709623775
-192.90657998440258
-194.0406045810457
-195.16436817350467
-196.27776355427767
-197.38068904708393
-198.47304879387048
-199.5547517424646
-200.62571319401673
-201.68585382101847
-202.73509992747339
-203.7733834620688
-204.80064256764481
-205.8168192094689
-206.82186313315
-207.81572888738452
-208.79837671803824
-209.76977252710606
-210.72988785500635
-211.67869986210877
-212.61619130586234
-213.54235051281458
-214.45717134521877
-215.3606525802859
-216.2528003936606
-217.1336241626835
-218.00313948211965
-218.861367192972
-219.7083333413221
-220.54406910560635
-221.36861071353835
-222.18199935163392
-222.9842810677032
-223.77550666632692
-224.55573159731455
-225.32501583716126
-226.0834237635436
-226.8310240229267
-227.5678893913949
-228.2940966288325
-229.0097263266294
-229.71486274911214
-230.40959366892972
-231.09401019666825
-231.7682066049847
-232.43228014759788
-233.08633087349298
-233.7304614367347
-234.36477690230552
-234.98938454842215
-235.6043936657953
-236.2099153543369
-236.80606231782534
-237.39294865707055
-237.97068966212518
-238.5394016041124
-239.0992015272449
-239.6502070416134
-240.19253611733842
-240.72630688067028
-241.25163741261787
-241.76864555069233
-242.27744869433093
-242.77816361455706
-243.27090626842156
-243.75579161874148
-244.23293346025324
-244.70244424834354
-245.16443494378242
-245.61901485216083
-246.06629148021838
-246.50637039627566
-246.9393550994803
-247.36534689751517
-247.78444479299947
-248.1967453787839
-248.60234274229853
-249.00132837906008
-249.39379111542704
-249.77981704062776
-250.15948944805862
-250.53288878581608
-250.90009261636894
-251.26117558526784
-251.61620939872745
-251.9652628098964
-252.30840161362255
-252.64568864941666
-252.9771838124035
-253.30294407191982
