2.027683970466886
2.009174376881642
1.9918156926180692
1.9754197194500207
1.9598714189949156
1.9450361947782104
1.9307973711604345
1.9170514525621092
1.9037078338153026
1.8906879645303385
1.8779242959661666
1.8653591724050016
1.8529437505924453
1.8406369864543348
1.828404706602623
1.8162187684632674
1.8040563077956124
1.79189906714733
1.7797327994775662
1.7675467388278292
1.7553331315346727
1.74308682145076
1.7308048830519418
1.718486296959018
1.7061316632346228
1.6937429483805997
1.6813232619088387
1.668876659544292
1.6564079697459668
1.6439226413578947
1.6314266097394967
1.6189261797269416
1.6064279232315033
1.5939385902085437
1.5814650312389786
1.5690141306288576
1.5565927490197127
1.544207674256884
1.531865579626054
1.5195729886217546
1.507336245797804
1.4951614925795045
1.48305464786742
1.4710213925150606
1.4590671574929248
1.4471971151732332
1.4354161733667665
1.4237289717662718
1.412139880506691
1.4006530004367927
1.3892721651031306
1.3780009439636185
1.3668426467612975
1.3558003288514553
1.3448767973214892
1.3340746177624407
1.3233961215460606
1.3128434135991816
1.302418380360657
1.2921226980585903
1.2819578411142345
1.271925090632182
1.262025542917185
1.2522601179671173
1.242629567900728
1.2331344852808468
1.2237753113029757
1.2145523438212986
1.2054657452081528
1.1965155499443132
1.1877016720983407
1.1790239125035997
1.1704819657040344
1.162075426720553
1.1538037974791198
1.1456664929880884
1.1376628474325117
1.1297921197481657
1.1220534992281728
1.1144461106528718
1.1069690193099007
1.0996212357750348
1.0924017203946967
1.0853093875926376
1.078343109945177
1.0715017220557919
1.0647840241747226
1.058188785693233
1.0517147483960791
1.0453606295414832
1.0391251247623263
1.033006910797012
1.0270046480552122
1.0211169830273592
1.015342550543409
1.0096799758880954
1.0041278767787416
0.9986848652125327
0.9933495491892179
0.988120534315322
0.9829964252954508
0.9779758273086795
0.9730573473171753
0.9682395952263423
0.9635211849894543
0.9589007356164988
0.9543768721018168
0.949948226274163
0.9456134375739726
0.941371153761929
0.9372200315625274
0.9331587372464833
0.9291859471558082
0.9253003481743312
0.9215006381478147
0.9177855262618319
0.9141537333502417
0.9106039921995805
0.9071350477878913
0.903745657493462
0.9004345912688507
0.8972006317828763
0.8940425745320644
0.8909592279243274
0.8879494133363918
0.885011965146647
0.8821457307456521
0.8793495705252938
0.876622357848682
0.8739629790019983
0.8713703331297125
0.8688433321543075
0.8663809006819715
0.8649810213425988
0.8636593733040961
0.8624092928138268
0.8612248495203259
0.8601007439303855
0.8590322271563747
0.858015035976647
0.85704533877416
0.8561196894846204
0.8552349876596084
0.8543884433608788
0.8535775459951269
0.8528000364294162
0.8520538819428676
0.851337253612217
0.8506485058572744
0.8499861579044405
0.849348876968641
0.8487354629835682
0.8481448347321444
0.8475760172471671
0.8470281303667171
0.8465003783408875
0.8459920403968201
0.8455024621780005
0.8450310479815616
0.8445772537243692
0.8441405805746216
0.8437205691915327
0.8433167945204969
0.8429288610955411
0.8425563988053144
0.8421990590822376
0.8418565114780742
0.8415284405921435
0.8412145433213541
0.8409145264037406
0.8406281042295995
0.8403549968965256
0.8400949284850266
0.8398476255427084
0.8396128157428853
0.8393902267170723
0.8391795850379231
0.8389806153403462
0.8387930395680269
0.8386165763336858
0.8384509403824556
0.8382958421486415
0.8381509876671406
0.8380160774685593
0.8378908071997511
0.8377748669585297
0.8376679419109783
0.8375697115245048
0.8374798498138769
0.8373980253843232
0.8373239015117439
0.8372571362563845
0.8371973826067036
0.8371442886505664
0.837097497771274
0.8370566488663488
0.8370213765874409
0.8369913116002701
0.836966080864239
0.8369453079324595
