1332330.2313984
1729415.0444498977
1748976.569934192
1767982.467844185
1786433.7517178839
1804369.5840916818
1821833.1191054957
1838864.7245708415
1855500.9885883261
1871774.902942733
1887716.2435992407
1903351.945940697
1918706.4383590803
1933801.9324665568
1948658.6747088507
1963295.1647557223
1977728.3454832553
1991973.7686646464
2006045.7398520093
2019957.445391195
2033721.0640571562
2047347.8654173163
2060848.296712054
2074232.0597746423
2087508.1792891517
2100685.0634966507
2113770.5583011378
2126771.995593057
2139696.236494393
2152549.7101335106
2165338.448475864
2178068.1176669504
2190744.0462844293
2203371.250845105
2215954.4588687955
2228498.129763318
2241006.4737623446
2253483.4691198096
2265932.8777401075
2278358.2594023705
2290762.9847185398
2303150.2469490753
2315523.0711842957
2327884.332205253
2340236.747450454
2352582.9012861066
2364925.2445090297
2377266.1028399672
2389607.6832265793
2401952.079611555
2414301.2782102106
2426657.162337859
2439021.5168228084
2451396.032037616
2463782.3075778885
2476181.8556151297
2488596.1039476357
2501026.398771068
2513474.0071884696
2525940.1194775123
2538425.851131184
2550932.2446867195
2563460.271356058
2576010.832470199
2588584.7607484483
2601182.82140282
2613805.7130868146
2626454.068697101
2639128.4560358254
2651829.3783407393
2664557.274689639
2677312.5202850923
2690095.4266250636
2702906.241564448
2715745.149272297
2728612.2700890508
2741507.6602877853
2754431.3117433717
2767383.1515128934
2780363.0413307725
2793370.777021564
2806406.087833461
2819468.635695241
2832558.0143993013
2845673.7487133737
2858815.2934233174
2871982.032309525
2885173.2770590903
2898388.266116279
2911626.1634734157
2924886.0574046304
2938166.9591446863
2951467.801515331
2964787.43750145
2978124.63877961
2991478.0942014344
3004846.4082344
3018228.09936293
3031621.598452379
3045025.247079114
3058437.295829617
3071855.902571924
3085279.1307028476
3098704.947374567
3112131.221704343
3125555.7229713947
3138976.1188051505
3152389.9733692952
3165794.74554629
3179187.7871273034
3192566.3410127102
3205927.53942868
3219268.4021654823
3232585.8348436817
3245876.627214304
3259137.451499865
3272364.860782982
3285555.287449873
3298705.0416962905
3311810.310103789
3324867.1542944405
3337871.5096726133
3350819.1842624783
3363705.857650581
3376527.0800427417
3389278.2714451137
3401954.7209794084
3414551.586342584
3427063.893421547
3439486.5360736656
3451814.2760841292
3464041.743311347
3476163.4360317406
3488173.721495467
3500066.8367047054
3511836.889426109
3523477.859449201
3534983.600102305
3546347.840037657
3557564.185297181
3568626.12167016
3579527.017353866
3590260.125927916
3600818.5896526803
3611195.443101644
3621383.617137111
3631375.9432380325
3641165.158188112
3650743.9091314264
3660104.7590020727
3669240.192333415
3678142.621451435
3686804.393055487
3695217.795188677
3703375.0645988546
3711268.394489371
3718889.942657978
3726231.8400200047
3733286.199510641
3740045.1253595157
3746500.7227284894
3752645.1077023903
3758470.417619745
3763968.82172919
3769132.532154804
3773953.815151691
3778425.0026310007
3782538.5039315186
3786286.817812623
3789662.544641667
3792658.398746245
3795267.220900154
3797481.9909098037
3799295.8402654873
3800702.0648206337
3801694.137459955
3802265.720715871
3802410.6792912125
3802123.092444504
3801397.266193202
3800227.7452889564
3798609.3249183106
3796537.0620812993
3794006.286600281
3791012.6117107547
3787551.944186107
3783620.4939484852
3779214.7831182736
3774331.654455578
3768968.279147971
3763122.16390012
3756791.157282307
3749973.455296629
3742668.186758245
3734873.043764825
3726587.4396701576
3717812.0131546524
3708546.217880108
3698790.40304129
3688545.2792191776
