1.4977
1.4996091707027388
1.4995801956242323
1.499581001667015
1.4995849262087162
1.4995890137711823
1.4995929420547165
1.4995966807326848
1.4996002316043575
1.4996035997889035
1.4996067905421624
1.4996098089122163
1.4996126597090305
1.4996153475086462
1.499617876661015
1.4996202512980568
1.4996224753415663
1.4996245525109295
1.499626486330648
1.4996282801376741
1.4996299370885622
1.4996314601664387
1.4996328521877975
1.4996341158091266
1.4996352535333695
1.4996362677162283
1.4996371605723176
1.4996379341811699
1.4996385904931047
1.4996391313349642
1.4996395584157243
1.4996398733319876
1.4996400775733645
1.49964017252775
1.4996401594865034
1.499640039649537
1.4996398141303213
1.4996394839608138
1.4996390500963175
1.499638513420275
1.4996378747490078
1.499637134836404
1.4996362943785602
1.499635354018389
1.499634314350191
1.4996331759242
1.499631939251111
1.4996306048065873
1.49962917303576
1.4996276443577192
1.4996260191700046
1.499624297853097
1.499622480774915
1.4996205682953232
1.4996185607706487
1.4996164585582143
1.4996142620208863
1.499611971531642
1.499609587478153
1.4996071102673916
1.4996045403302525
1.4996018781261955
1.4995991241479054
1.4995962789259651
1.4995933430335449
1.4995903170910976
1.499587201771062
1.4995839978025656
1.4995807059761226
1.499577327148322
1.4995738622464951
1.4995703122733595
1.499566678311626
1.4995629615285597
1.49955916318049
1.499555284617248
1.4995513272865273
1.4995472927381528
1.4995431826282395
1.4995389987232322
1.4995347429038037
1.499530417168601
1.4995260236378156
1.499521564556564
1.4995170422980568
1.4995124593665374
1.4995078183999673
1.4995031221724409
1.499498373596304
1.4994935757239543
1.4994887317493057
1.499483845008885
1.4994789189825468
1.4994739572937783
1.4994689637095713
1.4994639421398426
1.4994588966363747
1.4994538313912602
1.4994487507348264
1.4994436591330205
1.4994385611842367
1.4994334616155682
1.499428365278468
1.4994232771438019
1.499418202296286
1.4994131459282956
1.4994081133330375
1.499403109897083
1.4993981410922588
1.4993932124668952
1.4993883296364405
1.4993834982734437
1.4993787240969225
1.4993740128611304
1.4993693703437423
1.4993648023334842
1.4993603146172343
1.4993559129965686
1.499351603155169
1.4993473908197823
1.4993432816328136
1.4993392811626434
1.499335394889398
1.4993316281896367
1.4993279863208175
1.4993244744056846
1.4993210974166602
1.4993178601603165
1.4993147672620042
1.4993118231507165
1.4993090320442757
1.49930639793492
1.4993039245753756
1.499301615465503
1.4992994738395906
1.4995039271561956
1.4995005436709585
1.4994883387812317
1.4994756340283353
1.4994633343643207
1.4994516030061402
1.4994405114745208
1.4994301065113356
1.4994204197517826
1.4994114711473234
1.4994032712438574
1.4993958229425661
1.4993891229020802
1.4993831626691216
1.4993779295992085
1.4993734076131329
1.4993695778236595
1.4993664190586435
1.4993639083006625
1.4993620210586818
1.4993607316838116
1.499360013638581
1.499359839727126
1.4993601822921148
1.4993610133830089
1.499362304899287
1.4993640287114844
1.4993661567622838
1.4993686611493693
1.499371514191334
1.4993746884775505
1.4993782841930343
1.4993823062403286
1.499386572724194
1.4993910513236448
1.4993957161526446
1.4994005421155636
1.4994055042427674
1.4994105775960371
1.4994157371686618
1.4994209577625843
1.49942621383305
1.4994314792941825
1.4994367272773559
1.499441929831801
1.4994470575536147
1.499452079124953
1.4994569607392347
1.499461665380024
1.4994661519099701
1.499470373910316
1.499474278188974
1.4994778028426872
1.499480874711259
1.4994834059910458
1.4994852896675133
1.4994863932603086
1.499486550110624
1.4994855470116484
1.499483106264155
1.4994788589937298
1.499472304321801
1.4994627447493876
1.4994491796807943
1.4994301210730256
