-0.338100827132048
-0.19770983382495397
-0.1965916823409502
-0.19558355335530453
-0.19467504199004707
-0.19385766329619458
-0.19312381130397058
-0.19246654206334024
-0.1918794937085432
-0.19135683684815413
-0.1908932353150884
-0.19048381164080327
-0.19012411484460942
-0.18981008936175936
-0.1895380446678043
-0.18930462549063115
-0.18910678275769296
-0.1889417455222196
-0.18880699411189514
-0.18870023474960937
-0.1886193758191796
-0.18856250591312884
-0.18852787372352273
-0.18851386979715973
-0.18851901011487604
-0.1885419214416859
-0.18858132833836816
-0.18863604173800044
-0.18870494895286513
-0.18878700488911074
-0.1888812249416778
-0.18898667794772225
-0.18910248106526387
-0.18922779501760317
-0.1893618201990316
-0.18950379299252257
-0.1896529835652977
-0.18980869316390117
-0.1899702523297911
-0.19013701934463653
-0.1903083789799774
-0.1904837414851647
-0.19066254179465
-0.19084423889525884
-0.19102831534533588
-0.19121427684237724
-0.19140165216817667
-0.19158999263204735
-0.19177887213198475
-0.19196788696902015
-0.19215665577601232
-0.19234481922887067
-0.19253204021983972
-0.192718003541358
-0.19290241704587374
-0.1930850063936451
-0.1932655225608068
-0.1934437363914599
-0.19361943963002445
-0.19379244459376288
-0.19396258380165501
-0.1941297095527939
-0.19429369346841038
-0.19445442597447343
-0.19461181575609035
-0.1947657891620693
-0.19491628957395324
-0.19506327673544663
-0.19520672605662637
-0.1953466278831555
-0.1954829867466757
-0.19561582059110708
-0.1957451599854877
-0.19587104732510147
-0.19599353602696554
-0.1961126897198841
-0.1962285814388043
-0.19634129282501397
-0.1964509133340192
-0.19655753945762414
-0.1966612739631532
-0.19676222515097996
-0.19686050613552383
-0.19695623414951557
-0.1970495298764948
-0.1971405168103355
-0.19722932064478554
-0.1973160686949311
-0.19740088935286906
-0.19748390979022853
-0.19756526438450348
-0.19764507641423332
-0.19772347554713146
-0.19780058846356857
-0.19787654031591817
-0.19795145439899847
-0.19802545185393247
-0.19809865140081315
-0.1981711690958921
-0.1982832661160583
-0.1984002058182413
-0.19850948833194265
-0.19861132586773722
-0.1987059279707107
-0.1987935011065709
-0.19887424916221325
-0.19894837317820838
-0.19901607107127586
-0.19907753808398365
-0.1991329659559048
-0.1991825431524486
-0.1992264547854032
-0.19926488249473928
-0.19929800437351383
-0.1993259949056434
-0.1993490249100308
-0.19936726150094522
-0.1993808680522558
-0.19939000417315064
-0.1993948256953514
-0.19939548466646675
-0.19939212935227055
-0.19938490424793723
-0.19937395009417022
-0.1993594039036477
-0.19934139899015185
-0.19932006500563504
-0.19929552798145392
-0.19926791037535072
-0.19923733112252773
-0.19920390568694912
-0.1991677461236285
-0.19912896113501893
-0.19908765613650123
-0.19904393332092715
-0.19899789172493415
-0.19894962729823887
-0.19889923297117776
-0.19884679872753064
-0.1987924116737162
-0.19873615611059872
-0.19867811360387622
-0.19861836305613664
-0.19855698077724904
-0.19849404055508646
-0.19842961372583384
-0.19836376924120647
-0.19829657373940765
-0.19822809161076574
-0.19815838506476469
-0.1980875141940783
-0.1980155370398316
-0.1979425096550146
-0.19786848616368152
-0.19779351882305107
-0.19771765808202427
-0.19764095263802026
-0.19756344949319554
-0.1974851940101002
-0.19740622996371232
-0.19732659959274307
-0.19724634365273402
-0.19716550146198358
-0.19708411095120834
-0.19700220870820737
-0.1969198300251095
-0.19683700893877437
-0.1967537782756149
-0.19667016969113024
-0.19658621371020166
-0.19650193976498237
-0.19641737623262648
-0.19633255047013282
-0.19624748885022386
-0.19616221679516171
-0.1960767588083561
-0.1959911385062476
-0.1959053786485372
-0.1958195011679155
-0.19573352719780307
-0.19564747710099134
-0.19556137049509442
-0.19547522627725497
-0.19538906265124573
-0.19530289714864527
-0.19521674665413882
-0.1951306274261971
-0.19504455511898547
-0.1949585448029786
-0.1948726109847217
-0.19478676762653493
-0.1947010281642488
-0.19461540552677006
-0.19452991215116935
-0.1944445600001912
-0.19435936057959372
-0.19427432495129757
-0.1941894637510191
-0.19410478720049834
-0.19402030512202614
-0.338100827132048
-0.19770983382495397
-0.1965916823409502
-0.19558355335530453
-0.19467504199004707
-0.19385766329619458
-0.19312381130397058
-0.19246654206334024
-0.1918794937085432
-0.19135683684815413
-0.1908932353150884
-0.19048381164080327
-0.19012411484460942
-0.18981008936175936
-0.1895380446678043
-0.18930462549063115
-0.18910678275769296
-0.1889417455222196
-0.18880699411189514
-0.18870023474960937
-0.1886193758191796
-0.18856250591312884
-0.18852787372352273
-0.18851386979715973
-0.18851901011487604
-0.1885419214416859
-0.18858132833836816
-0.18863604173800044
-0.18870494895286513
-0.18878700488911074
-0.1888812249416778
-0.18898667794772225
-0.18910248106526387
-0.18922779501760317
-0.1893618201990316
-0.18950379299252257
-0.1896529835652977
-0.18980869316390117
-0.1899702523297911
-0.19013701934463653
-0.1903083789799774
-0.1904837414851647
-0.19066254179465
-0.19084423889525884
-0.19102831534533588
-0.19121427684237724
-0.19140165216817667
-0.19158999263204735
-0.19177887213198475
-0.19196788696902015
-0.19215665577601232
-0.19234481922887067
-0.19253204021983972
-0.192718003541358
-0.19290241704587374
-0.1930850063936451
-0.1932655225608068
-0.1934437363914599
-0.19361943963002445
-0.19379244459376288
-0.19396258380165501
-0.1941297095527939
-0.19429369346841038
-0.19445442597447343
-0.19461181575609035
-0.1947657891620693
-0.19491628957395324
-0.19506327673544663
-0.19520672605662637
-0.1953466278831555
-0.1954829867466757
-0.19561582059110708
-0.1957451599854877
-0.19587104732510147
-0.19599353602696554
-0.1961126897198841
-0.1962285814388043
-0.19634129282501397
-0.1964509133340192
-0.19655753945762414
-0.1966612739631532
-0.19676222515097996
-0.19686050613552383
-0.19695623414951557
-0.1970495298764948
-0.1971405168103355
-0.19722932064478554
-0.1973160686949311
-0.19740088935286906
-0.19748390979022853
-0.19756526438450348
-0.19764507641423332
-0.19772347554713146
-0.19780058846356857
-0.19787654031591817
-0.19795145439899847
-0.19802545185393247
-0.19809865140081315
-0.1981711690958921
-0.1982832661160583
-0.1984002058182413
-0.19850948833194265
-0.19861132586773722
-0.1987059279707107
-0.1987935011065709
-0.19887424916221325
-0.19894837317820838
-0.19901607107127586
-0.19907753808398365
-0.1991329659559048
-0.1991825431524486
-0.1992264547854032
-0.19926488249473928
-0.19929800437351383
-0.1993259949056434
-0.1993490249100308
-0.19936726150094522
-0.1993808680522558
-0.19939000417315064
-0.1993948256953514
-0.19939548466646675
-0.19939212935227055
-0.19938490424793723
-0.19937395009417022
-0.1993594039036477
-0.19934139899015185
-0.19932006500563504
-0.19929552798145392
-0.19926791037535072
-0.19923733112252773
-0.19920390568694912
-0.1991677461236285
-0.19912896113501893
-0.19908765613650123
-0.19904393332092715
-0.19899789172493415
-0.19894962729823887
-0.19889923297117776
-0.19884679872753064
-0.1987924116737162
-0.19873615611059872
-0.19867811360387622
-0.19861836305613664
-0.19855698077724904
-0.19849404055508646
-0.19842961372583384
-0.19836376924120647
-0.19829657373940765
-0.19822809161076574
-0.19815838506476469
-0.1980875141940783
-0.1980155370398316
-0.1979425096550146
-0.19786848616368152
-0.19779351882305107
-0.19771765808202427
-0.19764095263802026
-0.19756344949319554
-0.1974851940101002
-0.19740622996371232
-0.19732659959274307
-0.19724634365273402
-0.19716550146198358
-0.19708411095120834
-0.19700220870820737
-0.1969198300251095
-0.19683700893877437
-0.1967537782756149
-0.19667016969113024
-0.19658621371020166
-0.19650193976498237
-0.19641737623262648
-0.19633255047013282
-0.19624748885022386
-0.19616221679516171
-0.1960767588083561
-0.1959911385062476
-0.1959053786485372
-0.1958195011679155
-0.19573352719780307
-0.19564747710099134
-0.19556137049509442
-0.19547522627725497
-0.19538906265124573
-0.19530289714864527
-0.19521674665413882
-0.1951306274261971
-0.19504455511898547
-0.1949585448029786
-0.1948726109847217
-0.19478676762653493
-0.1947010281642488
-0.19461540552677006
-0.19452991215116935
-0.1944445600001912
-0.19435936057959372
-0.19427432495129757
-0.1941894637510191
-0.19410478720049834
-0.19402030512202614
