1550.0789211345038
1544.6329081989409
1539.2375780986163
1533.8900811050166
1528.5875191184787
1523.3271566071548
1518.1064505790223
1512.923042734209
1507.7747448545608
1502.65952400417
1497.5754888489157
1492.5208772700423
1487.4940452061433
1482.4934566121365
1477.5176744214896
1472.5653524055842
1467.635227833827
1462.7261148479358
1457.8368984731153
1452.9665291973868
1448.1140180580721
1443.2784321813856
1438.4588907272644
1433.6545611970719
1428.8646560666366
1424.088429711381
1419.325175594052
1414.5742236888939
1409.8349381190033
1405.1067149861922
1400.3889803749346
1395.6811885139737
1390.9828200809195
1386.2933806367141
1381.6123991782276
1376.9394267984399
1372.2740354447587
1367.6158167669616
1362.9643810471068
1358.319356204501
1353.6803868694947
1349.0471335204563
1344.4192716788323
1339.796491157652
1335.1784953592892
1330.5650006186477
1325.9557355883137
1321.3504406624925
1316.7488674368542
1312.1507782016479
1307.55594546567
1302.9641515088858
1298.3751879616755
1293.7888554088565
1289.2049630167753
1284.6233281819016
1280.043776199486
1275.4661399509534
1270.890259608812
1266.315982357938
1261.7431621322075
1257.1716593654976
1252.6013407561718
1248.0320790442224
1243.4637528002972
1238.8962462259071
1234.3294489641466
1229.7632559203194
1225.1975670918926
1220.63228740725
1216.0673265727478
1211.5025989276137
1206.9380233062498
1202.3735229075476
1197.8090251708277
1193.2444616580576
1188.6797679420172
1184.1148835001015
1179.5497516134687
1174.9843192712651
1170.418537079668
1165.8523591755097
1161.2857431442494
1156.71864994209
1152.1510438220284
1147.5828922636592
1143.0141659065437
1138.4448384869834
1133.8748867780341
1129.304290532607
1124.7330324295165
1120.1610980223386
1115.5884756909463
1111.0151565956037
1106.4411346334969
1101.8664063975943
1097.2909711377247
1092.714830723775
1088.1379896109077
1083.5604548067047
1078.9822358401477
1074.4033447323486
1069.8237959689468
1065.2436064740912
1060.6627955859335
1056.0813850335521
1051.499398915239
1046.916863678076
1042.3338080987312
1037.75026326541
1033.1662625608972
1028.5818416466202
1023.9970384476786
1019.4118931387723
1014.8264481309716
1010.2407480592688
1005.6548397708519
1001.0687723140452
996.4825969278571
991.8963670320805
987.3101382178884
982.7239682388715
978.1379170024596
973.5520465616752
968.9664211071615
964.3811069594346
959.7961725613014
955.2116884703913
950.6277273517507
946.04436397044
941.4616751840867
936.8797399353347
932.2986392441409
927.7184561998658
923.1392759531
918.5611857071792
913.9842747093332
909.408634241412
904.8343576101439
900.261540136868
895.6902791466903
891.1206739570127
886.5528258653848
881.9868381366244
877.4228159891626
872.860866580559
868.3010989921404
863.7436242127178
859.1885551213323
854.6360064689849
850.0860948593088
845.5389387281382
840.9946583219339
836.4533756750263
831.9152145856353
827.3803005906366
822.8487609390343
818.3207245641113
813.7963220542271
809.2756856222367
804.7589490735057
800.2462477724985
795.737718607925
791.2334999564254
786.733731644783
782.2385549106586
777.748112361836
773.2625479339805
768.7820068469126
764.3066355594012
759.8365817224878
755.3719941313569
750.9130226757696
746.4598182890868
742.0125328959066
737.5713193583516
733.1363314210425
728.7077236547998
724.2856513991228
719.8702707034964
715.4617382675867
711.0602113803814
706.665847858351
702.2788059826979
697.899244435775
693.5273222367535
689.1631986766329
684.8070332526831
680.4589856024189
676.1192154372097
671.7878824756347
667.4651463766928
663.1511666720119
658.8461027100052
654.5501135529474
650.2633579649438
645.9859943086647
641.7181804904692
637.4600738960856
633.2118313272745
