-273.429017130784
-266.86176877850414
-266.41928294473826
-266.0088909054183
-265.61011634299
-265.21103341363875
-264.8046565267509
-264.38693407480906
-263.9555533286686
-263.50922904592073
-263.0472803467571
-262.56937913129127
-262.0754004731435
-261.5653335839018
-261.0392287224603
-260.49716540847487
-259.93923323620055
-259.3655201128596
-258.776104840793
-258.1710522059832
-257.5504094726002
-256.9142036193098
-256.2624389100611
-255.59509454241365
-254.91212220294176
-254.21344340745733
-253.49894652844392
-252.7684834221844
-252.0218655684526
-251.25885962920793
-250.479182320829
-249.68249447759428
-248.8683941623501
-248.03640865297155
-247.18598509965318
-246.31647960691546
-245.42714444409557
-244.51711302709586
-243.58538224016453
-242.63079157696046
-241.65199847241578
-240.6474490682895
-239.61534350354611
-238.55359464507745
-237.45977897699993
-236.33107815620215
-235.1642095375353
-233.9553438148951
-232.7000078875653
-231.39297128954297
-230.02811524819344
-228.5982850990838
-227.09512013869156
-225.50892750525549
-223.82848682766794
-222.04099627563855
-220.1321063644053
-218.08620556870144
-215.88713436522562
-213.51959776989534
-210.97162723177274
-208.23844986200223
-205.32791093372919
-202.2669447001343
-199.1073458022968
-195.92756981729565
-192.82673578181874
-189.90924260665892
-187.2637139871637
-184.94487239519032
-182.96639809465765
-181.30645361688786
-179.92075975299358
-178.75658468536423
-177.76278533854935
-176.89527536686853
-176.11877731864786
-175.40642666859296
-174.73844285654633
-174.10059478852077
-173.48280766418756
-172.8780302388177
-172.28136879029958
-171.68944934334255
-171.09995912225264
-170.51132198060392
-169.9224710580423
-169.33269062921025
-168.7415066076202
-168.14861096839311
-167.55380969066766
-166.95698694829875
-166.35814747084598
-165.75714374966745
-165.15402605466156
-164.54881255562185
-163.94146696189455
-163.3321449839951
-162.720838799896
-162.107591841298
-161.49245625116222
-160.87546988100658
-160.2566851668081
-159.63615187484072
-159.01391989199107
-158.39003904443487
-157.7645589709052
-157.1375290334684
-156.50899825454695
-155.87901527233322
-155.24762830911533
-154.6148851487002
-153.98083312028368
-153.34551908692544
-152.70898943734034
-152.07129008012154
-151.43246643976426
-150.79256345405813
-150.15162557254163
-149.509696755801
-148.86682047545816
-148.22303971473997
-147.57839696951882
-146.93293424984776
-146.28669308180093
-145.6397145097234
-144.99203909877917
-144.34370693779076
-143.69475764235503
-143.04523035821623
-142.3951637648715
-141.7445960793683
-141.09356506037776
-140.44210801238142
-139.7902617900782
-139.13806280294364
-138.48554701994308
-137.83274997438474
-137.17970676890087
-136.52645208054733
-135.87302016600682
-135.2194448668912
-134.56575961512758
-133.91199743842063
-133.25819096578041
-132.60437243310827
-131.95057368882996
-131.2968261995669
-130.6431610558395
-129.98960897779335
-129.3362003209388
-128.6829650818986
-128.0299329041543
-127.3771330837881
-126.72459457520775
-126.07234599685397
-125.42041563687822
-124.76883145879113
-124.11762110707065
-123.46681191272698
-122.81643089881862
-122.1665047859165
-121.51705999750638
-120.86812266532903
-120.2197186346575
-119.57187346949561
-118.92461245770912
-118.27796061607079
-117.63194269523129
-116.98658318459833
-116.34190631713113
-115.69793607404412
-115.0546961894145
-114.41221015469876
-113.77048893654293
-113.12958073020737
