146.65646
146.01710541929157
145.99777141273043
145.97856026591208
145.95947666664875
145.94051735214165
145.92167837720407
145.90295591377628
145.88434633290265
145.8658462072958
145.84745230527236
145.82916158390435
145.8109711822493
145.79287841475406
145.7748807648369
145.75697587864514
145.73916155898388
145.7214357594099
145.70379657848548
145.686242254187
145.66877115846142
145.65138179192536
145.6340727787003
145.61684286137748
145.59969089610664
145.58261584780166
145.5656167854573
145.54869287757
145.5318433876568
145.51506766986628
145.49836516467408
145.48173539465867
145.46517796034928
145.44869253614135
145.432278866273
145.41593676085674
145.399666091961
145.3834667897354
145.367338838576
145.3512822733225
145.33529717548586
145.31938366949888
145.30354191898627
145.28777212305044
145.27207451256731
145.25644934649043
145.2408969081579
145.22541750160022
145.210011447845
145.1946790812175
145.1794207456324
145.16423679087768
145.14912756888546
145.13409342999302
145.11913471918848
145.10425177234512
145.0894449124408
145.074714445765
145.06006065811533
145.0454838109807
145.03098413771957
145.01656183972958
145.00221708261557
144.98794999235716
144.9737606514834
144.95964909525358
144.94561530785504
144.93165921862433
144.9177806982855
144.9039795552357
144.89025553186323
144.87660830092048
144.86303746195426
144.8495425378049
144.83612297118435
144.82277812134518
144.80950726084797
144.79630957244385
144.78318414608088
144.7701299760491
144.75714595827677
144.74423088779233
144.73138345636616
144.71860225034638
144.70588574870416
144.69323232130404
144.68064022741385
144.66810761447093
144.65563251711998
144.64321285653782
144.630846440062
144.6185309611376
144.60626399959887
144.5940430222993
144.58186538410678
144.56972832927605
144.55762899321357
144.54556440464717
144.53353148821228
144.5215270674667
144.50954786834302
144.49759052304898
144.48565157442152
144.47372748074375
144.46181462102527
144.44990930075377
144.43800775811496
144.42610617068252
144.41420066257461
144.40228731207227
144.39036215969074
144.37842121669757
144.366460474061
144.35447591181762
144.34246350883686
144.33041925297056
144.3183391515516
144.3062192422261
144.294055604085
144.28184436906383
144.26958176462873
144.2572640017358
144.244887472104
144.23244863709067
144.2199440705642
144.2073704710616
144.19472467390486
144.18200366322054
144.16920458380721
144.1563247527912
144.14336167101052
144.13031303406697
144.11717674298285
144.10395091440117
144.0906338902669
143.7571742965079
143.60671740043705
143.45881383454486
143.31319192789599
143.16962525251446
143.02792417212012
142.88792892521136
142.74950427783622
142.61253536177034
142.47692438870698
142.3425880192954
142.20945522907022
142.07746555683744
141.94656765134576
141.8167180534457
141.68788016628056
141.56002337721856
141.43312230348275
141.3071561395939
141.1821080893973
141.057964869003
140.93471626970705
140.81235477209844
140.69087520422485
140.57027443801607
140.45055111920988
140.33170542687472
140.2137388593035
140.09665404360442
139.98045456678403
139.8651448264904
139.7507298999187
139.63721542966638
139.5246075255793
139.42126167227738
139.32117742648796
139.22226600579262
139.12453275725383
139.02798004768587
138.9326144458649
138.8384427549753
138.74547308171728
138.65371503678753
138.5631799807641
138.47388133579992
138.3858349784983
138.29905973421208
138.21357799952744
138.12941652865936
138.04660743181023
137.96518945084523
137.88520960213373
137.80672531160872
137.72980721855322
137.65454290100604
137.58104189131143
137.5094425290206
137.4399214809091
137.37270721664075
137.3080994956559
137.2464982478392
137.1884476181192
137.13470544404802
137.08635739260734
137.0450140504084
