50.89938885017108
50.92693399513061
50.94890078509522
50.96571703376288
50.97777108976241
50.98542413682142
50.98901286969722
50.9888509119805
50.98522963717033
50.97841991181112
50.96867290806148
50.95622138399256
50.94128084200335
50.92405065219899
50.90471513308352
50.883444584416026
50.860396269039875
50.83571534201967
50.809535726595286
50.78198093735399
50.753164851688645
50.72319243109698
50.69216039422026
50.66015784375225
50.62726684949244
50.59356298989271
50.559115854468985
50.52398950943209
50.48824292884451
50.451930393540856
50.41510185996533
50.377803300984695
50.34007702063411
50.30196194464868
50.263493905107744
50.22470581926971
50.18562802339224
50.14628841003282
50.106712640389645
50.066924322693005
50.02694517648592
49.98679518389978
49.94649272893279
49.90605472566275
49.86549673625713
49.82483307957832
49.78407693112258
49.743240414974665
49.70233468840869
49.661370019716806
49.62035585980281
49.579300908036
49.538213172822
49.497100027311646
49.45596826063603
49.41482412502505
49.37367337913907
49.33252132791675
49.29137285921836
49.25023247752178
49.209104334907614
49.1679922595516
49.12689978192424
49.085830158882445
49.044786395822804
49.0037712670525
48.962787334521494
48.92183696504815
48.88092234615968
48.84004550065924
48.79920830002242
48.758412476717695
48.717659635537586
48.6769512640208
48.63628874203848
48.59567335061244
48.55510628002744
48.514588637294736
48.47412145301929
48.43370568771926
48.39334223764208
48.35303194011797
48.31277557848303
48.27257388663479
48.232427553194434
48.192337225361825
48.15230351246891
48.11232698924553
48.07240819883705
48.03254765558687
47.99274584760624
47.9530032391397
47.91332027277304
47.87369737142418
47.834134940250735
47.794633368375536
47.755193030495946
47.71581428837787
47.67649749224396
47.637242982065665
47.59805108876765
47.558922135352475
47.51985643795322
47.480854306820554
47.44191604725112
47.40304196046285
47.36423234442303
47.325487494634295
47.2868077048835
47.24819326795819
47.209644476335036
47.17116162284456
47.132745001316216
47.09439490720763
47.056111638222006
47.01789549491735
46.97974678131126
46.94166580548487
46.90365288018994
46.86570832346259
46.82783245924777
46.79002561803846
46.752288137533824
46.71462036332082
46.67702264958401
46.63949535984881
46.60203886776377
46.564653557927926
46.52733982677016
46.49009808348795
46.45292875105407
46.41583226730062
46.3788090860912
46.341859678593515
46.30498453466633
46.26818416437701
46.23145909966835
46.19480989619658
46.15823713536591
46.121741426589814
46.08532340981465
46.048983758347944
46.012723182042265
45.976542430896174
45.94044229914659
45.90442362994404
45.86848732072363
45.83263432941167
45.79686568164445
45.7611824792224
45.72558591008656
45.69007726018899
45.65465792774668
45.61932944053086
45.584093477076514
45.54895189303199
45.51390675436731
45.47896037991684
45.44411539691811
45.40937481513084
45.374742128360204
45.340221457933154
45.30581776338314
45.27153718349071
45.23738752850368
45.20337926941814
45.16952744838385
45.135856407536146
45.10241668306652
45.06642627456245
45.03049104294761
44.99461089191328
44.958785840648616
44.923015907653316
44.88730109677839
44.8516413973086
44.81603678580256
44.7804872279641
44.74499268032338
44.70955309171716
44.674168404586126
44.638838556109015
44.603563479191855
44.568343103328594
44.53317735534781
44.49806616005866
44.46300944080767
44.42800711995691
44.39305911929278
44.35816536037372
44.323325764824254
44.28854025458199
44.25380875210329
44.219131180532926
44.18450746384235
44.14993752694053
44.115421295761145
44.0809586973292
44.04654965981005
44.01219411254312
