36.34416553949154
36.03523896337354
35.731792836715805
35.43395667254572
35.14165375126619
34.85481138821389
34.57333112340399
34.297104772094364
34.02602010920594
33.75996433268563
33.49882613730082
33.242496916714884
32.99087141555438
32.74384803524336
32.501328922807815
32.26321992615158
32.029430469291576
31.79987338261026
31.574464710594714
31.35312351168033
31.135771659331287
30.922333649921427
30.712736420898594
30.506909180778308
30.30478325199977
30.106291926324392
29.911370332838608
29.719955317603805
29.531985334443473
29.34740034607728
29.166141734477556
28.988152219980577
28.813375788184683
28.641757623823395
28.47324405114877
28.307782479973607
28.145321356823672
27.98581012070167
27.82919916307538
27.67543979141615
27.52448419610635
27.37628542026291
27.23079733207259
27.087974599643143
26.94777266767424
26.810147736266536
26.67505674106202
26.542457335020668
26.41230787146332
26.284567388213816
26.159195592796237
26.036152848513012
25.915400161366453
25.796899167666815
25.680612122240433
25.566501887258593
25.454531921601305
25.344666270571004
25.236869556062658
25.13110696712498
25.027344250738196
24.925547703005623
24.82568416051784
24.72772099193543
24.631626089884662
24.53736786292543
24.444915227767925
24.354237601564865
24.265304894487063
24.17808750228002
24.092556299037813
24.008682630049456
23.926438304804833
23.845795589992193
23.76672720270776
23.68920630372843
23.613206490775855
23.538701791996694
23.465666659437353
23.394075962648117
23.323904982301865
23.255129403933974
23.18772531172708
23.121669182419538
23.056937879209695
22.993508645753487
22.931359100274033
22.870467229695176
22.810811383845756
22.75237026976892
22.695122946029358
22.639048817182108
22.584127628185417
22.530339459015035
22.477664719255568
22.426084142801223
22.375578782585855
22.32613000541826
22.277719486866182
22.230329206212595
22.183941441458092
22.138538764439822
22.094104035979253
22.05062040107044
22.00807128421301
21.966440384724866
21.92571167220269
21.88586938197563
21.84689801066761
21.808782311821442
21.771507291570117
21.735058204381584
21.699420548888668
21.664580063727517
21.630522723522017
21.597234734835315
21.564702532273213
21.532912774590816
21.50185234087149
21.47150832679293
21.441868040917818
21.41291900108928
21.38464893081527
21.357045755792985
21.330097600443278
21.303792784492124
21.278119819662848
21.253067406351917
21.228624430425963
21.20477996004177
21.18152324252928
21.158843701307504
21.136730932881644
21.115241680449675
21.094266967720916
21.073798208426673
21.053827021733017
21.034345222432393
21.015344809770557
20.99681795600283
20.97875699519413
20.96115441254815
20.944002834495333
20.92729501950087
20.911023849704325
20.895182323305107
20.879763547675342
20.864760733168158
20.85016718754089
20.83597631097801
20.822181591615546
20.808776601581418
20.795754993449997
20.783110497094693
20.77083691691203
20.75892812935644
20.747378080762992
20.73618078543186
20.725330323940753
20.714820841676588
20.704646547526067
20.694801712752657
20.685280670015732
20.676077812492384
20.667187593146732
20.6586045240712
20.650323175928126
20.64233817745383
20.634644215037916
20.627236032351803
20.62010843002388
20.613256265360484
20.606674452095913
20.60035796016041
20.594301815492916
20.588501099852472
20.582950950647145
20.577646560778373
20.57258317848965
20.567756107214578
20.56316070543452
20.558792386534066
20.554646614319697
20.550718916052812
20.54700486891273
20.543500108092847
20.540200315240813
20.53710122986754
20.534198645232486
20.531488408153468
20.528966418800938
20.526628630488073
20.52447104944773
20.5224897346035
20.52068079732722
20.519040401189912
20.517564761702136
20.516250146045547
20.51509287279402
20.51408931162675
