16.19137854369432
16.040443936301756
15.886121054922588
15.730215310792607
15.573182589760226
15.415250053877177
15.256608723308524
15.097446174758579
14.937951232122206
14.778313777172857
14.618723741550307
14.459370002679096
14.300439321648705
14.14211535680343
13.984577765948424
13.82800140378698
13.672555617638016
13.51840364168286
13.365702087667648
13.214600528115437
13.065241166671004
12.917758589189491
12.772279588548171
12.628923055858818
12.487799930731695
12.349013203433739
12.212657962139929
12.078821478948544
11.947583328874192
11.81901553661276
11.693182746458396
11.570142411323733
11.449944997353372
11.332634201116084
11.218247176806967
11.106814771283423
10.9983617650983
10.892907117981514
10.790464217461588
10.69104112951503
10.594640850289148
10.501261558068817
10.410896864753639
10.323536066185556
10.23916439072187
10.157763245489383
10.079310459785907
10.003780525119028
9.931144831391086
9.86137189875673
9.794427604696356
9.730275405867102
9.668876554313325
9.610190307641727
9.55417413279244
9.500783903066822
9.449974088104993
9.40169794715813
9.355907657851906
9.312554559985372
9.27158925763457
9.232961787990988
9.196621764012434
9.1625185095069
9.130601186199273
9.100818912740545
9.07312087572857
9.04745643285448
9.023775208321384
9.002027180711208
8.982162763500973
8.964132878452627
8.947889022120137
8.933383323874525
8.92056860650894
8.909398423808256
8.899827108215252
8.891809805840396
8.885302507463859
8.880262074709316
8.876646261650498
8.87441373214015
8.873524073158066
8.87393780445504
8.875616384776677
8.878522214933028
8.88261863797397
8.887869936719328
8.894241328882341
8.901698960013254
8.910209894479511
8.919742104686396
8.930264458731179
8.941746706671948
8.954159465581178
8.967474203542778
8.981663222740673
8.996699641776296
9.012557377342269
9.029211125369745
9.046636341757557
9.0648092227823
9.08370668528008
9.103306346682603
9.123586504982642
9.14452611869684
9.166104786887106
9.18830272929558
9.21110076664233
9.23448030112945
9.258423297190284
9.282912262517785
9.307930229401668
9.333460736400184
9.35948781036855
9.385995948862893
9.412970102935379
9.440395660333559
9.468258435882614
9.49654463295145
9.525240854586178
9.554334075995106
9.583811631194294
9.613661198983207
9.64387050176084
9.67442836289739
9.705323239068393
9.736544027517768
9.768079928962425
9.799920416014833
9.832055219077377
9.86447431510739
9.897167917138281
9.930126464247476
9.96334091229124
9.996801604391852
10.03049978584017
10.064426736163796
10.098573891879129
10.132932859738592
10.167495412329473
10.202253481392377
10.237199151088834
10.272324651533467
10.307622352629423
10.343084758205942
10.37870450045117
10.414474334632459
10.450387134096577
10.486435885541919
10.522613684555257
10.5589137314054
10.595329327086256
10.631853869601878
10.66848085048616
10.705203851549845
10.742016541847649
10.77891267485831
10.815886085870472
10.852930689567362
10.890040477803188
10.927209517564435
10.964431949109075
11.001701984276833
11.039013904963825
11.076362061754644
11.113740872705323
11.151144822270437
11.188568460367769
11.22600640157388
11.263453324444196
11.30090397095094
11.338353146032663
11.375795717248916
11.4132266145337
11.45064083004155
11.488033418079935
11.525399495122718
11.562734239894205
11.600032893528791
11.637296812612787
11.674508164794117
11.711670340025405
11.74877814686938
11.78582703771507
11.822812618478205
11.85973057338319
11.896576654103898
11.93334667857886
11.970036531288313
12.006642163758677
12.043159595105639
12.079584912583904
12.11591427213542
12.152143898931522
12.188270087905265
12.224289204270383
12.260197684023607
12.295992034427194
12.331668834468763
