-22.26348809634567
-11.54520123571803
-11.57472394019817
-11.60491100029317
-11.635606947586929
-11.666747137355907
-11.698277728171895
-11.730144589009308
-11.76229244191258
-11.794665482025952
-11.827208156061618
-11.859865886411729
-11.892585697636381
-11.925316733455208
-11.958010662994436
-11.990621981121539
-12.02310821190534
-12.055430026629997
-12.087551289000308
-12.11943904020581
-12.151063435867009
-12.182397645784897
-12.213417726042415
-12.244102471587755
-12.274433256049514
-12.304393864261518
-12.333970321834704
-12.363150725189621
-12.391925074594589
-12.420285112266495
-12.448224166418184
-12.47573700311199
-12.502819685804411
-12.529469442940327
-12.555684544443737
-12.581464186224443
-12.606808383600427
-12.631717872339685
-12.656194018076595
-12.68023873327123
-12.703854401537662
-12.727043809015193
-12.749810082406654
-12.772156633338517
-12.794087108675233
-12.815605346603505
-12.836715337042152
-12.857421188705741
-12.877727098795974
-12.89763732829705
-12.917156179287202
-12.936287977796999
-12.95503706008839
-12.973407758454616
-12.991404391565435
-13.009031263152652
-13.026292648011214
-13.043192794468277
-13.059735921201684
-13.075926216695796
-13.091767839774626
-13.107264921002868
-13.12242156477038
-13.13724185188284
-13.151729842506068
-13.165889579315659
-13.179725090728526
-13.193240394100178
-13.20643949878713
-13.21932640898955
-13.231905126299491
-13.244179651892127
-13.25615398831446
-13.267832140827327
-13.279218118276466
-13.290315933471225
-13.301129603059715
-13.311663146901749
-13.32192058693486
-13.331905945551517
-13.341623243494702
-13.351076497293644
-13.360269716260223
-13.369206899068008
-13.377892029939549
-13.386329074466405
-13.394521975165784
-13.402474646224155
-13.410190969301265
-13.417674787013572
-13.424929681211788
-13.431960053212347
-13.438768939782403
-13.445360190261738
-13.451737365029945
-13.45790394862175
-13.463863342602394
-13.469395896483682
-13.473506998596811
-13.477489761983549
-13.48134818766802
-13.485085989602215
-13.488706732403553
-13.492213874702536
-13.495610762326397
-13.498900657251994
-13.502086652021491
-13.505171858368739
-13.508159226333277
-13.511051640745926
-13.513851905850203
-13.516562748216447
-13.519186819365933
-13.521726698147374
-13.524184892910888
-13.526563843505722
-13.528865923135946
-13.53109344009253
-13.533248639385663
-13.535333704292524
-13.53735075783319
-13.539301864189897
-13.541189030075612
-13.543014206061372
-13.544779287870716
-13.54648611764026
-13.548136485158958
-13.54973212908394
-13.5512747381338
-13.552765952266604
-13.554207363842066
-13.55560051876482
-13.556946917615344
-13.558248016765404
-13.559505229478424
-13.560719926995718
-13.561893439608758
-13.563027057715058
-13.564122032859908
-13.565179578761711
-13.566200872322074
-13.567187054618742
-13.568139231881963
-13.569058476455298
-13.569945827736367
-13.570802293101416
-13.571628848812152
-13.572426440904618
-13.573195986056708
-13.573938372442717
-13.574654460563202
-13.57534508406021
-13.576011050513559
-13.576653142214544
-13.57727211692695
-13.577868708623457
-13.578443628209111
-13.578997564220828
-13.57953118351382
-13.580045131926665
-13.580540034929424
-13.5810164982549
-13.581475108512269
-13.581916433782215
-13.582341024197092
-13.582749412504963
-13.58314211461438
-13.583519630126439
-13.583882442850706
-13.584231021304424
-13.584565819197419
-13.584887275904096
-13.585195816918553
-13.585491854297159
-13.585775787088474
-13.586048001747523
-13.5863088725404
-13.586558761932302
-13.586798020967398
-13.587026989634175
-13.58724599721992
-13.587455362654442
-13.587655394842471
-13.587846392985059
-13.588028646891283
-13.588202437279998
-13.588368036071302
-13.588525706668987
-13.58867570423358
-13.58881827594785
-13.58895366126995
-13.589082092185294
-13.589203793440396
-13.589318982779615
-13.589427871165705
-13.58953066299864
-13.589627556324622
-13.589718743037746
-13.589804409078347
-13.589884734620385
