723.850851079759
1119.1800880358583
1101.7541267615402
1085.3418658015325
1069.9590584433283
1055.5395871871026
1042.006993136718
1029.2890620963547
1017.3201907343296
1006.0412285667926
995.3988600572309
985.3449599991594
975.8360067670116
966.8325638780133
958.2988250843573
950.2022156860004
942.5130429457123
935.204189220961
928.250842215454
921.6302574854931
915.3215489892978
909.3055040399549
903.5644195201842
898.0819566472129
892.8430119465309
887.8336024117971
883.0407631016235
878.4524556587255
874.0574864382821
869.8454331054267
865.8065787103748
861.931852377576
858.2127758554002
854.641415267827
851.2103374916081
847.9125706533047
844.7415683020278
841.6911768670219
838.755606055549
835.9294018868551
833.207422093155
830.5848136492743
828.0569922194529
825.6196233333453
823.2686051239031
821.0000524779917
818.8102824665798
816.6958009354273
814.6532901496611
812.6795973966372
810.7717244612483
808.9268178964782
807.1421600197255
805.4151605722243
803.7433489850255
802.1243672004013
800.5559630024427
799.0359838149221
797.5623709284197
796.1331541221931
794.7464466494091
793.4004405571692
792.0934023153229
790.8236687303174
789.5896431224318
788.3897917465813
787.222640438582
786.0867714702908
784.9808205984135
783.9034742930312
782.8534671330436
781.8295793567613
780.8306345568153
779.8554975094257
778.9030721288416
777.9722995384985
777.0621562510626
776.1716524501762
775.2998303672083
774.445762746875
773.6085513959962
772.7873258101425
771.9812418732329
771.1894806255889
770.4112470962033
769.6457691953373
768.8922966637906
768.1501000755037
767.4184698903317
766.696715554078
765.9841646430843
765.2801620508352
764.5840692142309
763.8952633773499
763.2131368906245
762.53709654356
761.8665629292065
761.2009698387261
760.539763684519
759.8824029504581
759.2283576679083
758.5771089162507
757.9281483467693
757.2809777287923
756.6351085170829
755.9900614395244
755.34536610423
754.7005606252359
754.0551912660371
753.4088121002293
752.760984688617
752.1112777721578
751.4592669801801
750.804534553347
750.1466690808672
749.4852652515149
748.8199236180229
748.1502503744811
747.475857146379
746.7963607929544
746.1113832215746
745.420551213864
744.7234962633191
744.0198544242153
743.3092661715694
742.5913762719975
741.8658336652958
741.1322913565888
740.3904063189314
739.6398394062351
738.8802552764204
738.111322324715
737.3327126270111
736.5441018932181
735.7451694305656
734.9355981167955
734.1150743832121
733.2832882075573
732.439933116684
731.5847061989953
730.71730812665
729.8374431874964
728.9448193267349
728.0391481982768
727.1201452257997
726.1875296734609
725.2410247262669
724.2803575800398
723.3052595409804
722.3154661347544
721.3107172250661
720.2907571416512
719.2553348176177
718.2042039360394
717.1371230857006
716.0538559258763
714.9541713600032
713.8378437180795
712.7046529476216
711.5543848129611
710.3868311026629
709.2017898447941
707.9990655297679
706.778469340431
705.5398193890529
704.2829409608245
703.007666763438
701.7138371822846
700.4013005407704
699.0699133651824
697.7195406535287
696.3500561476958
694.9613426082254
693.5532920909825
692.1258062248874
690.6787964898824
689.2121844942062
687.7259022499985
686.2198924462223
684.6941087177856
683.148515909735
681.5830903352728
679.9978200263436
678.3927049754257
676.7677573671388
675.1230017981815
673.4584754840903
671.7742284512266
670.070323712355
668.3468374241165
666.6038590246869
664.8414913498082
663.0598441151628
661.2590601396683
659.4392848332244
657.6006589664241
655.7433613249577
653.8675760938604
651.9735009364717
650.0613468468249
723.850851079759
1119.1800880358583
1101.7541267615402
1085.3418658015325
1069.9590584433283
1055.5395871871026
1042.006993136718
1029.2890620963547
1017.3201907343296
1006.0412285667926
995.3988600572309
985.3449599991594
975.8360067670116
966.8325638780133
958.2988250843573
950.2022156860004
942.5130429457123
935.204189220961
928.250842215454
921.6302574854931
915.3215489892978
909.3055040399549
903.5644195201842
898.0819566472129
892.8430119465309
887.8336024117971
883.0407631016235
878.4524556587255
874.0574864382821
869.8454331054267
865.8065787103748
861.931852377576
858.2127758554002
854.641415267827
851.2103374916081
847.9125706533047
844.7415683020278
841.6911768670219
838.755606055549
835.9294018868551
833.207422093155
830.5848136492743
828.0569922194529
825.6196233333453
823.2686051239031
821.0000524779917
818.8102824665798
816.6958009354273
814.6532901496611
812.6795973966372
810.7717244612483
808.9268178964782
807.1421600197255
805.4151605722243
803.7433489850255
802.1243672004013
800.5559630024427
799.0359838149221
797.5623709284197
796.1331541221931
794.7464466494091
793.4004405571692
792.0934023153229
790.8236687303174
789.5896431224318
788.3897917465813
787.222640438582
786.0867714702908
784.9808205984135
783.9034742930312
782.8534671330436
781.8295793567613
780.8306345568153
779.8554975094257
778.9030721288416
777.9722995384985
777.0621562510626
776.1716524501762
775.2998303672083
774.445762746875
773.6085513959962
772.7873258101425
771.9812418732329
771.1894806255889
770.4112470962033
769.6457691953373
768.8922966637906
768.1501000755037
767.4184698903317
766.696715554078
765.9841646430843
765.2801620508352
764.5840692142309
763.8952633773499
763.2131368906245
762.53709654356
761.8665629292065
761.2009698387261
760.539763684519
759.8824029504581
759.2283576679083
758.5771089162507
757.9281483467693
757.2809777287923
756.6351085170829
755.9900614395244
755.34536610423
754.7005606252359
754.0551912660371
753.4088121002293
752.760984688617
752.1112777721578
751.4592669801801
750.804534553347
750.1466690808672
749.4852652515149
748.8199236180229
748.1502503744811
747.475857146379
746.7963607929544
746.1113832215746
745.420551213864
744.7234962633191
744.0198544242153
743.3092661715694
742.5913762719975
741.8658336652958
741.1322913565888
740.3904063189314
739.6398394062351
738.8802552764204
738.111322324715
737.3327126270111
736.5441018932181
735.7451694305656
734.9355981167955
734.1150743832121
733.2832882075573
732.439933116684
731.5847061989953
730.71730812665
729.8374431874964
728.9448193267349
728.0391481982768
727.1201452257997
726.1875296734609
725.2410247262669
724.2803575800398
723.3052595409804
722.3154661347544
721.3107172250661
720.2907571416512
719.2553348176177
718.2042039360394
717.1371230857006
716.0538559258763
714.9541713600032
713.8378437180795
712.7046529476216
711.5543848129611
710.3868311026629
709.2017898447941
707.9990655297679
706.778469340431
705.5398193890529
704.2829409608245
703.007666763438
701.7138371822846
700.4013005407704
699.0699133651824
697.7195406535287
696.3500561476958
694.9613426082254
693.5532920909825
692.1258062248874
690.6787964898824
689.2121844942062
687.7259022499985
686.2198924462223
684.6941087177856
683.148515909735
681.5830903352728
679.9978200263436
678.3927049754257
676.7677573671388
675.1230017981815
673.4584754840903
671.7742284512266
670.070323712355
668.3468374241165
666.6038590246869
664.8414913498082
663.0598441151628
661.2590601396683
659.4392848332244
657.6006589664241
655.7433613249577
653.8675760938604
651.9735009364717
650.0613468468249
