109352.9811456
92887.24541460787
95064.28282687091
97146.64253819427
99161.89828208966
101118.70645851857
103021.19827660055
104872.37127537356
106674.85479613979
108431.08578284543
110143.35326432863
111813.8138533807
113444.50091230709
115037.33227509966
116594.11750224717
118116.56481187722
119606.28767522686
121064.81105082355
122493.57724318288
123893.95138418367
125267.22654443372
126614.62848806354
127937.32008813691
129236.40542195752
130512.9335664717
131767.90211408987
133002.26042882926
134216.91266194408
135412.72054523177
136590.50597913456
137751.05343162332
138895.1121627251
140023.3982884332
141136.59669668935
142235.36282709907
143320.32432511426
144392.08258050558
145451.21415915375
146498.27213641276
147533.7873396129
148558.269506626
149572.20836683406
150576.07460475992
151570.32103146968
152555.3830062709
153531.6797220555
154499.61474447278
155459.57678005478
156411.9403519342
157357.0664328541
158295.30303837796
159226.98578296194
160152.4384013431
161071.9732375034
161985.89170327777
162894.48470853022
163798.03306465136
164696.80786300535
165591.07082982684
166481.07465895062
167367.06332364696
168249.27236875132
169127.92918416817
170003.25326076552
170875.456429588
171744.74308525195
172611.31039431907
173475.3484893916
174337.04064960836
175196.56346817833
176054.0870075401
176909.77494268783
177763.78469317043
178616.26754423225
179467.36875752933
180317.22767182218
181165.97779401724
182013.7468809131
182860.6570119587
183706.82465333867
184552.36071365126
185397.37059144868
186241.95421487294
187086.20607362076
187930.21524343925
188774.0654033574
189617.83484583593
190461.59648000507
191305.41782816363
192149.36101568615
192993.48275449077
193837.8343202102
194682.46152319852
195527.40467350636
196372.6985399559
197218.37230343933
198064.44950455683
198910.9479857375
199757.8798279431
200605.25128209987
201453.06269537247
202301.30843242054
203149.97679176705
203999.0499174216
204848.50370590703
205698.3077088366
206548.42503121877
207398.81222564363
208249.41918254987
209100.18901675355
209951.05795045634
210801.95519294753
211652.80281723445
212503.51563386177
213354.001062177
214204.15899933976
215053.88168737586
215903.05357860844
216751.55119981235
217599.2430154684
218445.98929051482
219291.6419530157
220136.0444572036
220979.03164736636
221820.42962309314
222660.05560640988
223497.7178113778
224333.21531675552
225166.33794235493
225996.86612975903
226824.57082811295
227649.21338571134
228470.5454481712
229288.30886398783
230102.23559833222
230912.04765596765
231717.4570142071
232518.16556687397
233313.86508025767
234104.23716209532
234888.9532446493
235667.6745829724
236440.052269507
237205.72726616845
237964.33045512025
238715.48270945263
239458.79498501276
240193.86843466383
240920.2945462447
241637.65530554563
242345.52338560668
243043.46236365804
243731.02696703398
244407.76334935616
245073.20939832888
245726.89507640377
246368.3427956163
246997.0678278143
247612.5787514948
248214.37793641095
248801.96206704254
249374.8227059962
249932.44689828396
250474.31781738545
250999.9154538879
251508.71734739476
252000.1993622869
252473.83650779122
252929.10380266773
253365.477184696
253782.434464951
254179.45632670852
254556.02736863124
254911.6371916728
255245.7815289387
255557.96341752214
255847.69441107992
256114.49583169245
256357.90005927012
256577.45185651688
256772.70972716232
256943.24730492162
257088.65477030393
257208.54029212176
257302.5314902281
257370.27691569974
257411.44754437584
257425.7382793386
257412.86945760914
257372.58835603017
257304.67069098813
257208.9221063519
257085.17964369527
256933.35715192204
256753.2688668894
256544.86002719618
256308.1904452236
256043.2325302225
255750.04081701915
255428.71045979933
