856476.063744
36119.37056460424
36023.7812997398
35916.682767928505
35810.624880811054
35707.35495263638
35607.03144719388
35509.585006684385
35414.91533669372
35322.92912846961
35233.528711875595
35146.62179790444
35062.11881528923
34979.93276093234
34899.97917031311
34822.17616655372
34746.44455268481
34672.70792102285
34600.89276137934
34530.92855597362
34462.747853567605
34396.28631888342
34331.48275584496
34268.27910509525
34206.62041736839
34146.454805129295
34087.733375294796
34030.41014603536
33974.44195065284
33919.78833139316
33866.41142585571
33814.27584838287
33763.34856855174
33713.59878858969
33664.98656999134
33617.51889238652
33571.137373444755
33525.83004534039
33481.575520541046
33438.35393067314
33396.146847671735
33354.937192302525
33314.709145259374
33275.44806321527
33237.14040010317
33199.77363357424
33163.33619649367
33127.817413291436
33093.20744097137
33059.49721455867
33026.678396763826
32994.74333163057
32963.68500194027
32933.49699014865
32904.17344262914
32875.70903701319
32848.098952425
32821.33884240827
32795.42481036932
32770.35338735627
32746.12151201434
32722.72651256453
32700.166090661543
32678.438307004217
32657.541568574394
32637.474617391184
32618.236520682833
32599.826662379885
32582.244735843364
32565.4907377552
32549.564963099117
32534.468001167756
32520.200732546724
32506.764327017063
32494.16024234519
32482.390223911632
32471.456305155025
32461.360808799694
32452.106348851023
32443.695833333342
32436.13246776959
32429.41975938266
32423.562866300468
32418.563192239413
32414.426560239535
32411.157695944068
32408.761795995215
32407.24425824638
32406.610882690507
32406.86782838232
32408.021671658284
32410.079249371593
32413.046910627298
32416.934436075735
32421.748939896857
32427.499021926615
32434.19374245515
32441.84264076699
32450.45575496211
32460.04364318945
32470.617406397036
32482.188712709823
32494.76982355612
32508.37362168341
32523.013641210415
32538.704099880793
32555.459933707076
32573.296834203782
32592.23128843745
32612.280622143826
32633.463046189194
32655.797706687612
32679.30473911636
32704.00532681548
32729.92176430223
32757.077525880526
32785.49734008701
32815.20727058111
32846.23480416289
32878.60894669224
32912.36032778286
32947.52131526095
32984.12614052131
33022.211036055916
33061.8143866333
33102.976895803404
33145.74176966619
33190.15492012953
33236.265190237566
33284.12460455909
33333.788648119225
33385.31657794384
33438.771771994456
33494.22212111563
33551.74047064918
33611.4051196202
33673.30038693014
33737.517255882645
33804.154110692245
33873.31758154135
33945.12351838803
34019.69811833356
34097.17923721146
34177.71792357224
34261.4802229544
34348.649313018665
34439.42804685789
34534.04200409586
34632.743179462144
34735.81447959816
34843.575255686585
34956.38817936029
35074.66788340122
35198.89195458919
35329.615112104
35467.487778105235
35613.280827601666
35767.91923343827
35932.52885673675
36108.50326441314
36297.6021666132
36502.1019440011
36725.036519158224
36970.63805184574
37244.96861019424
37557.568360510675
37924.8160379757
38379.9199721279
39016.20254303977
35547.67960865685
35596.23205262669
35645.423986660484
35695.159661289385
35745.41978862054
35796.201363792505
35847.50371880415
35899.3265290002
35951.669528633145
36004.53247077593
36057.91512214613
36111.81726288894
36166.23868704506
36221.179203091284
36276.638634464696
36332.61682006662
36389.113614737376
36446.12888971024
36503.662533041635
36561.71445002031
36620.28456355872
36679.37281456269
36738.97916228718
36799.103584673925
36859.7460786754
36920.90666056347
36982.58536622658
37044.78225145402
37107.497392209385
37170.73088489375
37234.48284659973
