707.659480947
712.0308478075876
710.0577158250164
708.0892046278738
706.1275239219505
704.1727884751332
702.2246640942938
700.2827414674484
698.3466173701862
696.4159116499133
694.4902699246608
692.5693629851327
690.6528853913295
688.7405538746109
686.8321057222931
684.9272972103781
683.025902114166
681.1277103109614
679.2325264806096
677.3401689044794
675.4504683603324
673.5632671086174
671.6784179646844
669.7957834508928
667.9152350224552
666.0366523609803
664.1599227298934
662.28494038628
660.4116060440517
658.5398263837291
656.6695136045392
654.8005850148893
652.9329626576351
651.0665729669142
649.2013464535931
647.3372174166826
645.4741236783257
643.6120063401947
641.7508095593383
639.8904803417322
638.0309683519332
636.1722257374047
634.3142069662254
632.4568686769991
630.6001695399161
628.7440701280128
626.8885327977466
625.0335215781215
623.179002067641
621.3249413384407
619.4713078470211
617.618071351045
615.7652028317111
613.9126744212653
612.060459335246
610.2085318090969
608.3568670388112
606.505441125302
604.6542310222135
602.8032144869268
600.9523700345158
599.1016768944411
597.2511149697863
595.4006647988507
593.5503075189379
591.7000248321789
589.8497989732567
587.9996126788958
586.149449158999
584.2992920693254
582.449125485598
580.5989338789573
578.7487020926653
576.8984153199833
575.0480590831504
573.1976192133924
571.3470818318937
569.4964333316805
567.6456603603548
565.7947498036315
563.9436887696306
562.0924645738775
560.241064724981
558.3894769109418
556.5376889860574
554.6856889584006
552.8334649778296
550.9810053245124
549.1282983979303
547.2753327063507
545.4220968567284
543.5685795450345
541.7147695469814
539.8606557091308
538.0062269403732
536.1514722037546
534.2963805086495
532.4409409032567
530.5851424674138
528.7289743057233
526.8724255409651
525.015485307815
523.158142746832
521.3003869987299
519.4422071989161
517.5835924723009
515.7245319283631
513.8650146564787
512.0050297215016
510.1445661596012
508.283612974348
506.4221591330542
504.5601935633589
502.69770515006724
500.8346827322398
498.97111510052855
497.10699099477216
495.24229910183664
493.3770280537194
491.5111664259081
489.64470273599704
487.777625442574
485.9099229443681
484.04158357967117
482.1725956260293
480.3029473002196
478.4326267584977
476.5616220971429
474.6899213532851
472.81751250603065
470.9443834778852
469.0705221364828
467.1959162966206
465.32055372260834
463.4444221309334
461.567509193249
459.68980253968743
457.81128976250335
455.9319584200514
454.0517960411009
452.1707901294953
450.2889281691492
448.4061976294027
446.5225859707166
444.63808065072624
442.75266913064894
440.86633888204597
438.97907739394356
437.09087218030857
435.2017107878858
433.31158080439036
431.4204698670541
429.528365671532
427.63525598115444
425.7411286365331
423.84597156550893
421.949772793445
420.0525204538508
418.1542027993398
416.25480821290955
414.35432521953794
412.45274249808557
410.55004889349993
408.646233429305
406.7412853203701
404.83519398594734
402.9279490629571
401.01954041952047
399.1099581687111
397.1991926825215
395.28723460602185
393.3740748716949
391.4597047139306
389.5441156836559
387.62729966308837
385.70924888057897
383.78995592553593
381.86941376339234
379.94761575060176
378.02455564962935
376.1002276439145
374.1746263527733
372.2477468462114
370.31958465961156
368.39013580827043
366.45939680173643
364.5273646579221
362.59403691694587
360.659411654664
358.72348749584717
356.78626362695945
354.84773980848746
352.90791636648373
350.9667942269503
349.02437512368397
347.0806609950409
345.1356547226236
343.18935973886727
341.2417801191476
339.29292058874006
