13.33816252920473
33.7658644543517
33.865192914661975
33.960327071436325
34.05180119174042
34.13965351153717
34.2239327513917
34.304708814969885
34.38207036301864
34.456121992895724
34.52698114392748
34.59477659020032
34.659644076889315
34.72172518616845
34.78116492379688
34.8381097675873
34.89270603920897
34.94509846903324
34.99542899614949
35.04383578142763
35.090452417022185
35.13540731395151
35.17882324855406
35.22081704854761
35.261499400004496
35.30097475749273
35.339341340901456
35.376691203885386
35.41311036039117
35.448678957239245
35.48347148222677
35.517556998612655
35.5509993982065
35.58385766641736
35.61618615378173
35.64803484937327
35.67944965243341
35.71047263923548
35.7411423228775
35.77149390421954
35.80155951266612
35.831368435882354
35.860947337830126
35.89032046482159
35.91950983946013
35.94853544254454
35.977415383134165
36.00616605708967
36.03480229446281
36.06333749620785
36.09178376069414
36.12015200052131
36.14845205020601
36.17669276523055
36.204882113028226
36.23302725640003
36.26113462989172
36.28921000960742
36.31725857695044
36.34528497673173
36.373293370073895
36.40128748252202
36.42927064774667
36.45724584717637
36.48521574592431
36.513182725301135
36.54114891220862
36.56911620569087
36.59708630089009
36.62506071063018
36.653040784863926
36.68102772814861
36.709022615365974
36.73702640581416
36.765039955866264
36.7930640302993
36.82109931243707
36.8491464132252
36.87720587933072
36.905278200385084
36.9333638154264
36.961463118661456
36.989576464569915
37.01770417246655
37.0458465305459
37.0740037994673
37.102176215552596
37.130363993598394
37.15856732938971
37.18678640190776
37.21502137528924
37.243272400554545
37.58442872289473
37.60912199435967
37.634045399972614
37.65914085977734
37.68436754367118
37.70969672571747
37.73510818189116
37.76058766360532
37.786125123889306
37.81171347110731
37.837347692846734
37.8630242398177
37.888740592485284
37.914494956169094
37.94028604651026
37.96611293850178
37.991974960238345
38.017871618146465
38.04380254434958
38.069767459629176
38.09576614734788
38.121798435100104
38.147864181783135
38.17396326851545
38.200095592220364
38.22626106112471
38.252459591580646
38.27869110583391
38.30495553044025
38.33125279517082
38.35758283220987
38.38394557561524
38.410340960928025
38.436768924890835
38.46322940526082
38.4897223406605
38.51624767048894
38.542805334844466
38.56939527447671
38.5960174307491
38.622671745613665
38.649358161584225
38.67607662172903
38.702827069651626
38.72960944948683
38.75642370589227
38.78326978403516
38.810147629599456
38.837057188766856
38.863998408217846
38.89097123513476
38.9179756171845
38.94501150252368
38.97207883978875
38.99917757810111
39.02630766705383
39.053469056712345
39.080661697614936
39.10788554075918
39.1351405376108
39.16242664009149
39.18974380057632
39.21709197189551
39.24447110732623
39.27188116059335
39.299322085859835
39.326793837732836
39.35429637125261
39.38182964189063
39.409393605554214
39.43698821857069
39.464613437692876
39.49226922009898
39.51995552337689
39.54767230553642
39.57541952499455
39.603197140577116
39.63100511152017
39.65884339745467
39.68671195842118
39.71461075485189
39.742539747573765
39.77049889780567
39.79848816715788
39.82650751762451
39.85455691158327
39.88263631179142
39.9107456813878
39.938884983886574
39.96705418316911
39.9952532434922
40.02348212947993
40.051740806118495
40.08002923875904
40.10834739311239
40.13669523524768
40.16507273158626
40.19347984890135
40.22191655432278
40.2503828153189
40.278878599712435
40.307403875658984
40.33595861166503
40.36454277656683
40.3931563395392
40.42179927009328
40.45047153806646
40.47917311362821
