15.257865276000588
15.240902912684547
15.224481001216692
15.208508480004319
15.192942055342586
15.177740987609685
15.162871844878767
15.148306271655017
15.134020055669456
15.119992402147323
15.106205362826271
15.092643380919176
15.07929292408787
15.066142184948001
15.05318083417916
15.04039981506059
15.027791171129842
15.015347900497208
15.00306383196103
14.990933518997862
14.978952148617298
14.967115462645383
14.955419689457582
14.94386148455969
14.932437878709925
14.921146232512488
14.909984196548157
14.898949676314889
14.888040801312096
14.877255897753763
14.866593464431288
14.8560521513517
14.845630740790229
14.835328130489014
14.825143318724866
14.815075391043125
14.805123508473983
14.795286897048667
14.78556483847042
14.775956661815666
14.766461736167317
14.757079464052163
14.74780927562443
14.73865062348761
14.729602978112755
14.720665823773988
14.711838654957786
14.703120973190275
14.694512284243904
14.68601209567714
14.677619914688503
14.669335246236853
14.661157591408823
14.65308644600749
14.645121299340154
14.637261633183737
14.629506920908732
14.621856626754697
14.614310205224857
14.606867100603361
14.59952674657661
14.592288565946243
14.585151970427239
14.578116360521303
14.571181125455736
14.564345643183934
14.557609280438053
14.550971392830332
14.54443132499541
14.53798841076726
14.5316419733954
14.525391325784598
14.5192357707594
14.513174601356939
14.507207101129541
14.501332544464097
14.495550196929159
14.489859315610227
14.484259149477682
14.478748939742912
14.473327920231833
14.467995317761375
14.462750352514016
14.457592238417131
14.452520183523031
14.447533390389056
14.442631056451786
14.437812374405599
14.433076532574187
14.428422715278897
14.423850103203948
14.41935787375545
14.414945201417135
14.41061125809837
14.406355213477637
14.402176235338988
14.39807348990262
14.394046142147973
14.390093356130153
14.38621429528907
14.382408122751642
14.37867400162511
14.37501109528606
14.37141856765824
14.367895583484312
14.364441308590605
14.361054910142915
14.357735556895813
14.35448241943364
14.35129467040397
14.348171484743785
14.345112039898085
14.34211551603067
14.339181096228508
14.336307966697497
14.333495316953025
14.33074234000023
14.32804823251105
14.325412194992257
14.322833431946847
14.320311152029348
14.317844568193884
14.315432897836988
14.313075362932814
14.31077119016298
14.308519611040529
14.306319862027177
14.3041711846459
14.302072825586881
14.30002403680842
14.298024075632355
14.296072204834546
14.29416769272981
14.292359116384954
14.290590173238172
14.288860166321884
14.28716844877264
14.285514417820767
14.283897509344158
14.28231719295878
14.280772967610744
14.279264357630863
14.277790909211207
14.276352187266502
14.27494777264326
14.273577259643751
14.27224025383466
14.270936370111649
14.2696652309952
14.26842646513429
14.267219705997684
14.266044590733278
14.26490075917919
14.263787853010875
14.262705515010238
14.261653388444461
14.260631116543001
14.259638342062468
14.258674706930064
14.25773985195703
14.256833416614796
14.255955038866473
14.255104355047616
14.254280999790883
14.253484605988811
14.252714804790704
14.251971225629019
14.25125349627172
14.250561242896959
14.249894090187155
14.24925166143962
14.24863357869113
14.248039462854347
14.247468933864127
14.246921610831356
14.246397112203399
14.245895055929259
14.24541505962822
14.244956740760824
14.244519716801223
14.24410360540984
14.243708024605601
14.243332587131293
14.242976918309884
14.24264063825219
14.242323373106178
14.242024739936348
14.24174436242676
14.24148186576394
14.241236876786374
14.241009024129754
14.240797938367692
14.240603252147858
14.240424600323403
14.24026162007958
14.240113951055562
14.239981235461366
14.239863118189938
14.239759246924422
14.239669272240596
