2987604.0581249995
1594296.9260564016
1590085.890718774
1585883.203793629
1581666.1240003167
1577432.8987659866
1573189.3375723215
1568943.3958897293
1564703.0761911233
1560475.6836526515
1556267.6242113998
1552084.41043408
1547930.7389870032
1543810.585612967
1539727.297281088
1535683.6748532515
1531682.0449794407
1527724.321892682
1523812.0603647425
1519946.5011441577
1516128.6100740544
1512359.1119144445
1508638.51972419
1504967.1605086129
1501345.197714354
1497772.6510461306
1494249.4139994178
1490774.852177041
1487349.4934304005
1483972.5145860247
1480643.4441719763
1477361.7474209291
1474126.8352605617
1470938.0723890567
1467794.7845467608
1464696.2650650116
1461641.7807615427
1458630.5772408762
1455661.8836550193
1452734.9169688262
1449848.8857738967
1447002.993687685
1444196.4423727447
1441428.4342069298
1438698.174634699
1436004.8742246528
1433347.7504597104
1430726.0292825687
1428138.9464182637
1425585.7484934952
1423065.6939731305
1420578.053930155
1418122.1126666013
1415697.16820052
1413302.5326335125
1410937.532412306
1408601.5084962626
1406293.8164425108
1404013.8264197106
1401760.9231589553
1399534.5058509689
1397333.9879984944
1395158.7972291913
1393008.3750771931
1390882.176738425
1388779.6708041944
1386700.3389794466
1384643.675787253
1382609.1882654724
1380596.395656649
1378604.8290955569
1376634.0312948592
1374683.5562327092
1372752.9688421765
1370841.8447050515
1368949.7697507858
1367076.3399609118
1365221.1610808845
1363383.8483383148
1361564.0261692828
1359761.327952526
1357975.3957514025
1356205.8800641221
1354452.4395820254
1352714.7409560203
1350992.4585709
1349285.2743272006
1347592.8774313808
1345914.9641923734
1344251.2378263574
1342601.4082677276
1340965.1919872307
1339342.3118161573
1337732.4967772097
1336135.4819209056
1334551.008167793
1332978.8221565348
1331418.6760965195
1329870.3276261622
1328333.5396756309
1326808.0803341942
1325293.7227221937
1323790.2448668804
1322297.6364455929
1320815.0643498956
1319342.9412283518
1317880.8566921486
1316428.6115857402
1314986.0109877167
1313552.8641190333
1312128.9842468982
1310714.188591102
1309308.2982337405
1307911.1380307726
1306522.5365267857
1305142.3258718704
1303770.3417407896
1302406.4232545719
1301050.4129041312
1299702.156476071
1298361.5029804488
1297028.3045803697
1295702.4165237409
1294383.6970763996
1293072.007457513
1291767.2117760938
1290469.1769695203
1289177.7727435047
1287892.8715136873
1286614.3483483733
1285342.080912961
1284075.9494158495
1282815.8365553515
1281561.6274680125
1280313.2096782958
1279070.4730492516
1277833.309734621
1276601.614131827
1275375.282836197
1274154.2145961437
1272938.3102695262
1271727.4727808405
1270521.6070795183
1269320.6200991473
1268124.42071742
1266932.919717291
1265746.0297487017
1264563.6652913895
1263385.7426182602
1262212.179759711
1261042.896468738
1259877.8141867595
1258716.856010043
1257559.9466570222
1256407.0124363124
1255257.9812151196
1254112.7823886545
1252971.3468500474
1251833.6069606647
1250699.4965214718
1249568.9507445828
1248441.9062256117
1247318.3009164205
1246198.0740986858
1245081.1663576155
1243967.5195564975
1242857.0768116696
1241749.7824677986
1240645.5820740506
1239544.4223603224
1238446.251213978
1237351.017657508
1236258.671825937
1235169.164945144
1234082.4493104352
1232998.4782655926
1231917.2061821471
1230838.5884393945
1229762.5814042601
1228689.1424122741
1227618.229748085
1226549.8026270317
1225483.8211766426
1224420.2464186763
1223359.0402513682
1222300.1654322606
1221243.58556092
1220189.26506251
1219137.1691711228
1218087.2639139635
1217039.5160953058
1215993.8932811718
1214950.3637840834
1213908.896648019
1212869.461633975
1211832.029205449
1210796.5705142675
1209763.0573868933
1208731.4623106844
1207701.7584206522
