26.544698738700948
26.524214348881582
26.515673868473787
26.50726253837317
26.49867283830075
26.48991000896512
26.480986231207478
26.47191270846329
26.462699547726196
26.45335583871856
26.443889734368113
26.434308527203964
26.42461872298011
26.41482611007611
26.40493582528708
26.394952415763303
26.384879896966552
26.374721806590962
26.36448125444199
26.35416096831791
26.34376333598975
26.333290443419443
26.322744109390772
26.31212591675453
26.30143724050701
26.290679272931314
26.279853046034223
26.268959451509538
26.25799925845232
26.246973129038906
26.235881632375552
26.224725256705074
26.213504420146936
26.202219480131372
26.190870741674026
26.179458464623764
26.16798287000297
26.156444145547525
26.144842450541955
26.133177920035003
26.121450668511034
26.10966079308432
26.097808376275143
26.085893488419952
26.07391618976149
26.06187653225914
26.04977456115516
26.037610316327783
26.02538383345861
26.01309514503821
26.000744281230894
25.988331270617074
25.975856140829276
25.96331891909582
25.950719632704644
25.938058309397736
25.925334977705838
25.912549667231467
25.899702408887435
25.88679323509708
25.873822179961657
25.860789279399608
25.84769457126175
25.834538095426055
25.82131989387492
25.80804001075779
25.794698492441277
25.781295387548898
25.767830746991947
25.754304623993185
25.740717074104424
25.72706815521917
25.713357927581164
25.699586453789713
25.685753798802264
25.671860029934948
25.657905216861476
25.643889431610727
25.62981274856347
25.61567524444827
25.601476998337034
25.587218091640132
25.57289860810143
25.55851863379312
25.544078257110666
25.529577568767767
25.515016661791353
25.500395631516806
25.48571457558327
25.47097359392911
25.456172788787573
25.44131226468249
25.426755740361692
25.412441917726984
25.398325735760316
25.384375194598164
25.370567630400135
25.356886998772403
25.343321936253915
25.329864383693504
25.316508611641858
25.30325053182408
25.290087211440106
25.27701653089884
25.26403694280295
25.25114730231774
25.238346747823794
25.22563461696819
25.21301038762517
25.200473636379854
25.188024009336313
25.17566120159266
25.163384942810236
25.151194987067736
25.139091105727967
25.127073082422722
25.115140709526685
25.103293785678307
25.09153211403667
25.079855501055835
25.06826375562288
25.056756688451834
25.0453341116573
25.03399583845457
25.022741682948563
25.011571459985294
25.00048498504722
24.98948207417954
24.978562543938118
24.96772621135277
24.95697289390119
24.94630240949053
24.935714576444152
24.92520921349223
24.9147861397649
24.904445174787266
24.894186138475725
24.88400885113518
24.873913133456895
24.863898806516776
24.853965691774043
24.844113611070036
24.8343423866272
24.8246518410482
24.815041797315125
24.805512078788674
24.79606250920745
24.786692912687244
24.777403113720354
24.768192937174895
24.75906220829413
24.750010752695797
24.741038396371465
24.732144965685844
24.723330287376157
24.714594188551438
24.705936496691905
24.697357039648292
24.688855645641162
24.68043214326028
24.672086361463908
24.663818129578175
24.655627277296396
24.647513634678393
24.639477032149845
24.631517300501603
24.623634270889024
24.615827774831324
24.608097644210847
24.600443711272472
24.592865808622857
24.58536376922982
24.57793742642164
24.5705866138864
24.56331116567129
24.556110916181936
24.548985700181724
24.541935352791132
24.53495970948702
24.52805860610201
24.521231878823745
24.514479364194223
24.507800899109156
24.501196320817247
24.494665466919525
24.488208175368673
24.48182428446834
24.47551363287244
24.46927605958451
24.463111403957004
24.457019505690628
24.451000204833626
24.44505334178114
24.439178757274515
24.433376292400602
24.4276457885911
24.42198708762186
24.416400031612227
24.41088446302432
24.4054402246624
