0.0
2.2595702580100445
0.0
0.0
2.6324622868892504
0.0
0.0
2.6263015588952743
0.0
0.0
2.620320041594168
0.0
0.0
2.615006037892573
0.0
0.0
2.610355408408045
0.0
0.0
2.606301701182546
0.0
0.0
2.602778103151986
0.0
0.0
2.599724848742521
0.0
0.0
2.597089921885348
0.0
0.0
2.5948274205309105
0.0
0.0
2.592897018619196
0.0
0.0
2.5912631238199735
0.0
0.0
2.589894233041676
0.0
0.0
2.588762389898696
0.0
0.0
2.587842725945333
0.0
0.0
2.5871130703344707
0.0
0.0
2.5865536162685325
0.0
0.0
2.586146634691547
0.0
0.0
2.5858762275443166
0.0
0.0
2.5857281143188104
0.0
0.0
2.5856894466831903
0.0
0.0
2.5857486474088702
0.0
0.0
2.585895269577474
0.0
0.0
2.5861198732930744
0.0
0.0
2.586413917854478
0.0
0.0
2.586769666682913
0.0
0.0
2.5871801035245743
0.0
0.0
2.5876388587630794
0.0
0.0
2.5881401439888503
0.0
0.0
2.5886786940027187
0.0
0.0
2.589249715499634
0.0
0.0
2.5898488412461447
0.0
0.0
2.590472089282597
0.0
0.0
2.5911153983324473
0.0
0.0
2.5917767264350133
0.0
0.0
2.592451781525284
0.0
0.0
2.5931382094456747
0.0
0.0
2.593833480728481
0.0
0.0
2.5945352809470426
0.0
0.0
2.5952414927918595
0.0
0.0
2.5959501789500954
0.0
0.0
2.596659566611938
0.0
0.0
2.5973680333115783
0.0
0.0
2.5980740942245775
0.0
0.0
2.5987763905696584
0.0
0.0
2.59947367895132
0.0
0.0
2.6001648219502047
0.0
0.0
2.600848779297665
0.0
0.0
2.601524599910577
0.0
0.0
2.602191414700668
0.0
0.0
2.6028484298781533
0.0
0.0
2.603494920844481
0.0
0.0
2.6041302268507343
0.0
0.0
2.6047537456432575
0.0
0.0
2.6053649290543084
0.0
0.0
2.6059632785390736
0.0
0.0
2.606548341471846
0.0
0.0
2.6071197073475387
0.0
0.0
2.6076770046208155
0.0
0.0
2.608219897633205
0.0
0.0
2.6087480838213417
0.0
0.0
2.609261291179862
0.0
0.0
2.6097592758628583
0.0
0.0
2.610241820095495
0.0
0.0
2.6107087300561886
0.0
0.0
2.6111598341408615
0.0
0.0
2.611594981265712
0.0
0.0
2.612014039246125
0.0
0.0
2.612416893385642
0.0
0.0
2.61280344517766
0.0
0.0
2.6131736110722303
0.0
0.0
2.613527321298415
0.0
0.0
2.6138645188984
0.0
0.0
2.6141851587160154
0.0
0.0
2.614489206579022
0.0
0.0
2.6147766383666
0.0
0.0
2.615047439369707
0.0
0.0
2.6153016035307175
0.0
0.0
2.615539132827666
0.0
0.0
2.6157600366778677
0.0
0.0
2.6159643314179712
0.0
0.0
2.6161520371539324
0.0
0.0
2.616323187391015
0.0
0.0
2.616477813805245
0.0
0.0
2.6166159554274873
0.0
0.0
2.616737656338329
0.0
0.0
2.6168429646317013
0.0
0.0
2.6169319326575486
0.0
0.0
2.6170046163888783
0.0
0.0
2.617061075508255
0.0
0.0
2.6171013726357835
0.0
0.0
2.6171255765041375
0.0
0.0
2.617133749957852
0.0
0.0
2.617125967183152
0.0
0.0
2.6171023017766646
0.0
0.0
2.617062829585956
0.0
0.0
2.6170076285590183
0.0
0.0
2.6169367786536246
0.0
0.0
2.6168503615871557
0.0
0.0
2.616748460780518
0.0
0.0
2.6166311613001536
0.0
0.0
2.6164985495895303
0.0
0.0
2.6163507135070367
0.0
0.0
2.6161877422385222
0.0
0.0
2.6160097261151845
0.0
0.0
2.6158167566208714
0.0
0.0
2.615608926294652
0.0
0.0
2.6153863286825754
0.0
0.0
2.615149058260692
0.0
0.0
2.614897210339962
0.0
0.0
2.6146308811432744
0.0
0.0
2.6143501676146728
0.0
0.0
2.6140551674737096
0.0
0.0
2.6137459791852424
0.0
0.0
2.6134227018290415
0.0
0.0
2.6130854352122657
0.0
0.0
2.612734279728747
0.0
0.0
2.6123693364204432
0.0
0.0
2.611990706925999
0.0
0.0
2.611598493456194
0.0
0.0
2.6111927988562678
0.0
0.0
2.6107737265158715
0.0
0.0
2.6103413804765907
0.0
0.0
2.609895865332982
0.0
0.0
2.6094372863429602
0.0
0.0
2.608965749373396
0.0
0.0
2.608481361000227
0.0
0.0
2.6079842285024224
0.0
0.0
2.607474459911055
0.0
0.0
2.60695216407508
0.0
0.0
2.6064174507273514
0.0
0.0
2.6058704305461635
0.0
0.0
2.605311215246381
0.0
0.0
2.60473991776855
0.0
0.0
2.604156652266436
0.0
0.0
2.6035615343565732
0.0
0.0
2.6029546812787143
0.0
0.0
2.60233621206002
0.0
0.0
2.601706247817139
0.0
0.0
2.601064911994068
0.0
0.0
2.6004123307127585
0.0
0.0
2.599748633207829
0.0
0.0
2.5990739522298005
0.0
0.0
2.5983884247137174
0.0
0.0
2.5976921923460816
0.0
0.0
2.5969854024887633
0.0
0.0
2.5962682091853853
0.0
0.0
2.595540774341318
0.0
0.0
2.594803269304796
0.0
0.0
2.594055876743414
0.0
0.0
2.593298793113124
0.0
0.0
2.5925322316553117
0.0
0.0
2.5917564263748756
0.0
0.0
2.5909716371853544
0.0
0.0
2.5901781567754205
0.0
0.0
2.589376319817368
0.0
0.0
2.58856651564085
0.0
0.0
2.587749206157063
0.0
0.0
2.586924951609721
0.0
0.0
2.586094449159077
0.0
0.0
2.5852585923806113
0.0
0.0
2.584418567796697
0.0
0.0
2.5835759629002473
0.0
0.0
2.5827332892607124
0.0
0.0
2.581894288297267
0.0
0.0
2.581065581149321
0.0
0.0
2.5802608223389254
0.0
0.0
2.5795193704207384
0.0
0.0
2.5762870049159847
0.0
0.0
2.5754205339712617
0.0
0.0
2.5745500759087547
0.0
0.0
2.5736701968053595
0.0
0.0
2.5727803466402923
0.0
0.0
2.57188066423142
0.0
0.0
2.570971376188597
0.0
0.0
2.570052711892859
0.0
0.0
2.569124892195081
0.0
0.0
2.5681881283338903
0.0
0.0
2.567242622485438
0.0
0.0
2.566288568387599
0.0
0.0
2.5653261518939092
0.0
0.0
2.5643555516305154
0.0
0.0
2.5633769394026102
0.0
0.0
2.5623904807819775
0.0
0.0
2.561396335460855
0.0
0.0
2.560394657758005
0.0
0.0
2.5593855968813015
0.0
0.0
2.558369297370786
0.0
0.0
2.557345899393911
0.0
0.0
2.5563155389789363
0.0
0.0
2.5552783484214836
0.0
0.0
2.5542344563615216
0.0
0.0
2.553183988187174
0.0
0.0
2.5521270661178006
0.0
0.0
2.5510638095068963
0.0
0.0
2.5499943349391216
0.0
0.0
2.548918756432541
0.0
0.0
2.54783718564476
0.0
0.0
2.5467497319128753
0.0
