23.6
23.776989066088554
23.959215734556775
24.141431202225032
24.323635400548074
24.505828350532752
24.68801015489025
24.870180988934607
25.05234109121294
25.2344907541501
25.416630314933215
25.598760146794955
25.780880650882047
25.96299224873693
26.145095375505775
26.32719047388177
26.50927798879199
26.6913583628118
26.87343203227516
27.055499424037638
27.237560952841264
27.419617019226067
27.601668007930858
27.78371428672647
27.965756205625976
28.147794096419492
28.329828272484793
28.511859028828805
28.693886642319693
28.87591137207325
29.057933459961735
29.239953131217312
29.421970595105943
29.603986045651133
29.785999662390097
29.9680116111476
30.150022044815515
30.332031104128003
30.51403891842447
30.69604560639392
30.878051276795777
31.060056029153618
31.242059954419002
31.42406313560384
31.60606564837993
31.788067561645512
31.970068938058557
32.152069834537336
32.334070302728904
32.51607038944635
32.698070137076044
32.880069583956015
33.06206876472677
33.24406771065591
33.42606644993815
33.60806500797175
33.79006340761321
33.97206166941123
34.154059811821575
34.33605785140387
34.518055803001815
34.70005367990781
34.882051494013325
35.064049255945896
35.246046975193934
35.42804466022019
35.61004231856483
35.79203995693901
35.974037581309574
36.15603519697586
36.33803280863904
36.520030420464884
36.702028036140234
36.884025658924045
37.066023291693334
37.24802093698438
37.43001859702996
37.61201627379255
37.79401396899427
37.97601168414367
38.15800942055961
38.34000717939273
38.52200496164456
38.70400276818464
38.88600059976563
39.067998457036985
39.24999634055695
39.431994250803264
39.61399218818271
39.79599015303956
39.977988145663055
40.15998616629398
40.34323997633845
40.525233756083914
40.707227558427235
40.88922138328632
41.07121523057936
41.25320910022487
41.43520299214164
41.61719690624875
41.79919084246559
41.98118480071185
42.16317878090748
42.34517278297273
42.527166806828184
42.709160852394646
42.891154919593255
43.07314900834542
43.25514311857285
43.43713725019751
43.61913140314167
43.801125577327866
43.983119772678954
44.165113989118026
44.34710822656847
44.52910248495396
44.71109676419843
44.893091064226105
45.07508538496149
45.25707972632934
45.4390740882547
45.62106847066289
45.803062873479504
45.985057296630394
46.167051740041686
46.34904620363977
46.53104068735131
46.713035191103245
46.89502971482276
47.07702425843731
47.259018821874626
47.44101340506269
47.623008007929755
47.80500263040431
47.98699727241513
48.16899193389127
48.350986614761965
48.532981314956785
48.71497603440552
48.89697077303823
49.078965530785204
49.260960307577
49.44295510334445
49.62494991801861
49.80694475153078
49.988939603812526
50.17093447479567
50.35292936441227
50.534924272594616
50.71691919927527
50.89891414438703
51.08090910786294
51.262904089636265
51.44489908964055
51.62689410780957
51.80888914407731
51.99088419837802
52.17287927064621
52.3548743608166
52.53686946882414
52.71886459460403
52.9008597380917
53.08285489922283
53.264850077933325
53.446845274159294
53.62884048783714
53.810835718903434
53.99283096729501
54.17482623294895
54.356821515802515
54.538816815793226
54.72081213285882
54.90280746693727
55.084802817966775
55.26679818588575
55.448793570632816
55.63078897214687
55.81278439036698
55.994779825232456
56.17677527668282
56.35877074465783
56.54076622909746
56.72276172994188
56.904757247131485
57.086752780606915
57.268748330309
57.45074389617877
57.63273947815753
57.81473507618671
57.99673069020801
58.17872632016338
58.36072196599485
58.542717627644805
58.724713305055765
58.90670899817045
59.088704706931836
59.27070043128307
59.4526961711675
59.63469192652872
59.816687697310485
