-2.3021584638627247e-15
-0.5964355080081396
-16.570885774881603
-1.7895613558006596
-16.58941932896243
-1.7969118327314255
-16.606318838589686
-1.8026932731172705
-16.621459921626652
-1.8077237345400643
-16.63515098713578
-1.8120344826809465
-16.647529971077148
-1.8157855788545036
-16.658734140612005
-1.8190761059676737
-16.668883909999927
-1.8219822086477127
-16.678085917606218
-1.8245636367165081
-16.68643507767408
-1.8268681372866
-16.694016106498882
-1.8289344682241908
-16.700904733799526
-1.830794518667609
-16.707168717646834
-1.8324748304993428
-16.71286871466619
-1.8339977153968965
-16.718059043764963
-1.835382088217024
-16.722788356732806
-1.8366441030399736
-16.727100237021336
-1.8377976422197835
-16.731033729550678
-1.8388547024217885
-16.734623816259443
-1.839825699165378
-16.737901839427188
-1.8407197128439627
-16.740895879287315
-1.8415446887406908
-16.743631092717546
-1.8423076009666859
-16.746130015789642
-1.8430145878322182
-16.7484128354879
-1.8436710653438113
-16.750497630461698
-1.8442818228711177
-16.752400589712714
-1.844851103426504
-16.754136205691385
-1.8453826727237683
-16.75571744979935
-1.8458798774593184
-16.757155928546382
-1.846345696453148
-16.75846202356359
-1.8467827837596016
-16.759645017427662
-1.8471935072553352
-16.760713207288855
-1.8475799811453515
-16.761674005264496
-1.847944095184154
-16.762534031098692
-1.848287539572749
-16.763299193910417
-1.84861182714343
-16.76397476509875
-1.8489183133278138
-16.7645654449227
-1.8492082132074845
-16.765075423045626
-1.8494826167107181
-16.765508432002292
-1.8497425018493605
-16.765867794959323
-1.8499887474704602
-16.766156470312833
-1.8502221432342656
-16.76637708939651
-1.850443399649761
-16.76653199391251
-1.8506531561258979
-16.766623265835435
-1.8508519886807073
-16.766652758066947
-1.8510404168663883
-16.766622118461093
-1.851218909560973
-16.76653281428787
-1.8513878905328471
-16.766386152946716
-1.851547743351868
-16.76618330122803
-1.8516988153495304
-16.76592530174009
-1.8518414220722383
-16.76561308865947
-1.8519758503999681
-16.765247501714846
-1.8521023618123555
-16.76482929845773
-1.8522211951827636
-16.764359165210582
-1.8523325692760422
-16.763837727532337
-1.8524366850766623
-16.76326555967527
-1.8525337277852363
-16.762643191372117
-1.8526238688924874
-16.761971116424533
-1.8527072673695546
-16.76124979893836
-1.8527840715419464
-16.760479678501174
-1.852854420222899
-16.759661176399494
-1.8529184440437518
-16.75879469961446
-1.8529762664386609
-16.757880644842988
-1.8530280045910288
-16.75691940303669
-1.8530737704119242
-16.75591136170572
-1.8531136711842615
-16.754856908423704
-1.8531478103386638
-16.753756432655987
-1.8531762879767342
-16.752610329049922
-1.8531992016619563
-16.751418998652063
-1.853216646415719
-16.750182850510903
-1.8532287157652871
-16.748902303340465
-1.8532355017314386
-16.74757778726954
-1.853237095254113
-16.746209743184263
-1.8532335866879093
-16.744798625567334
-1.853225065754646
-16.743344903145097
-1.8532116217163885
-16.741849056687805
-1.8531933443539124
-16.740311583579786
-1.8531703228679652
-16.738732994408398
-1.853142647438302
-16.73711381612557
-1.8531104081506842
-16.73545459024034
-1.8530736957447418
-16.733755873291596
-1.8530326017719962
-16.73201823727903
-1.8529872182420077
-16.730242269678282
-1.85293763804752
-16.728428572549294
-1.8528839548342075
-16.72657776242172
-1.8528262631518277
-16.72469047121935
-1.852764658237794
-16.722767344533445
-1.8526992364328518
-16.720809041893496
-1.8526300948848708
-16.718816236758745
-1.8525573316912385
-16.716789615242995
-1.852481045776093
-16.714729876949622
-1.852401337043903
-16.712637732906156
-1.8523183061468675
-16.710513906938097
-1.8522320547044395
-16.708359134004574
-1.8521426851190281
-16.706174160338225
-1.8520503006277391
-16.70395974242836
-1.851955005199843
-16.701716647113408
-1.8518569035783472
-16.69944565084678
-1.8517561012109836
-16.697147539312144
-1.851652704225549
-16.694823106619445
-1.8515468193487064
-16.69247315579524
-1.8514385539032827
-16.690098497108206
-1.8513280159713021
-16.687699948069415
-1.8512153138706797
-16.685278333702165
-1.8511005565732594
-16.682834484788827
-1.8509838534014995
-16.680369238839763
-1.8508653141726201
-16.67788343840834
-1.8507450489933401
-16.675377931418307
-1.8506231683179784
-16.672853570725238
-1.8504997829046572
-16.670311213376742
-1.8503750037317992
-16.667751720395106
-1.8502489419818429
-16.665175956825518
-1.850121709058962
-16.662584790264525
-1.8499934164075904
-16.659979092189154
-1.849864175695895
-16.657359735485947
-1.8497340985866384
-16.654727596609035
-1.8496032966884062
-16.652083553125955
-1.8494718817562152
-16.64942848421156
-1.8493399654188951
-16.64676327081289
-1.8492076592941828
-16.644088794545155
-1.8490750748515141
-16.641405938501556
-1.8489423235228377
-16.63871558528039
-1.8488095164519744
-16.636018618733253
-1.8486767647262718
-16.63331592256389
-1.8485441791991768
-16.630608379802734
-1.848411870426173
-16.627896874017605
-1.848279948825247
-16.625182287170638
-1.8481485244025577
-16.622465501198317
-1.8480177069598223
-16.619747396970965
-1.8478876059621914
-16.617028854374283
-1.84775833055087
-16.614310751521728
-1.8476299894433061
-16.611593965433535
-1.8475026910225048
-16.586922679028955
-1.8578364582698632
-16.579623103276035
-1.8574072667785875
-16.572303149586105
-1.856952669218709
-16.564976520657016
-1.856476000644609
-16.557656078986238
-1.8559803647684805
-16.550353773144348
-1.8554686365221689
-16.543080624186185
-1.8549434707722618
-16.53584674341927
-1.8544073137987134
-16.528661367913987
-1.8538624160034756
-16.521532908660053
-1.8533108453425249
-16.51446899936516
-1.8527545000917984
-16.507476550287073
-1.8521951216240262
-16.500561799601588
-1.8516343060730844
-16.493730362456084
-1.8510735156433942
-16.48698727964024
-1.8505140889449545
-16.480337061634728
-1.8499572505763442
-16.47378373163377
-1.8494041201597493
-16.467330863568804
-1.848855720423105
-16.460981620333158
-1.8483129850071973
-16.454738786758345
-1.847776765353564
-16.448604801290855
-1.8472478371891463
-16.442581786055726
-1.8467269065925003
-16.436671573449278
-1.8462146154336725
-16.430875731200732
-1.845711546446641
-16.425195585738912
-1.8452182279311826
-16.419632243447218
-1.844735138047857
-16.41418661126677
-1.8442627088999766
-16.408859413451705
-1.8438013300207805
-16.403651209871082
-1.8433513519418392
-16.398562411508657
-1.8429130893160797
-16.393593293066782
-1.8424868235937462
-16.38874400861806
-1.8420728059901412
-16.384014601924036
-1.8416712597211908
-16.37940501867261
-1.841282382405497
-16.374915115819388
-1.8409063480464842
-16.37054467188501
-1.8405433090732746
-16.36629339513575
-1.840193398067677
-16.362160931458103
-1.839856729403841
-16.358146872193362
-1.8395334008370203
-16.35425076057536
-1.8392234948339874
-16.35047209630182
-1.8389270798586832
-16.346810344147684
-1.838644211668815
-16.34326493662388
-1.8383749342981333
-16.33983527906581
-1.838119281079334
-16.336520754450255
-1.8378772756495143
-16.33332072697318
-1.8376489327758316
-16.330234544883634
-1.8374342590642683
-16.32726154462702
-1.8372332538036524
-16.324401053520774
-1.8370459096064842
-16.32165346177943
-1.8368723370655768
-16.31901594808512
-1.83671226917243
-16.31648889282873
-1.8365658056239698
-16.314070521594264
-1.8364327916221268
-16.311762319083098
-1.8363134460471988
-16.309562519520703
-1.8362076066234825
-16.307470444265824
-1.8361152332142767
-16.30548542124743
-1.8360362826122354
-16.30360678487728
-1.8359707086152317
-16.30183387853233
-1.8359184623707463
-16.300166054995714
-1.8358794924132935
-16.29860267896781
-1.8358537448743057
-16.29714312766924
-1.8358411633464715
-16.29578679397285
-1.8358416888870348
-16.294533089138415
-1.8358552597101703
-16.29338144757892
-1.8358818106978698
-16.29233133343323
-1.8359212723938512
-16.291382252923242
-1.8359735693557047
