0.004828101089026002
0.004567879371537199
0.004553436808002549
0.004545301198460512
0.00453744877832286
0.004529800636885408
0.004522411530877316
0.004515323159502423
0.004508563715693419
0.004502150576530083
0.004496092562929063
0.004490391763155105
0.0044850450306198044
0.004480045190208287
0.004475382022486148
0.004471043064223042
0.00446701425886351
0.004463280483677984
0.004459825975388038
0.004456634671870718
0.004453690484341938
0.004450977511864157
0.0044484802079853775
0.004446183507677086
0.004444072921407503
0.004442134602095517
0.004440355389787648
0.00443872283814639
0.004437225226203785
0.004435851558296545
0.004434591554641321
0.004433435634617551
0.004432374894490397
0.004431401081018935
0.0044305065621487024
0.004429684295776801
0.0044289277973977225
0.004428231107284622
0.004427588757730313
0.00442699574076221
0.004426447476652405
0.004425939783466561
0.00442546884783035
0.004425031197038786
0.004424623672589641
0.004424243405186497
0.00442388779122799
0.004423554470776877
0.0044232413069845425
0.004422946366932584
0.004422667903842811
0.0044224043405992315
0.004422154254520583
0.004421916363318495
0.004421689512174677
0.004421472661870067
0.004421264877899241
0.0044210653205047756
0.004420873235567954
0.004420687946294555
0.004420508845637065
0.004420335389397369
0.0044201670899570045
0.004420003510584996
0.004419844260276299
0.004419688989076926
0.004419537383854623
0.004419389164476954
0.004419244080361233
0.004419101907363458
0.0044189624449758325
0.004418825513804853
0.00441869095330414
0.004418558619738262
0.004418428384355845
0.004418300131751964
0.004418173758401632
0.004418049171347689
0.004417926287027964
0.00441780503022783
0.004417685333145593
0.004417567134559321
0.004417450379084712
0.004417335016514658
0.004417221001231963
0.0044171082916875885
0.0044169968499374965
0.004416886641231773
0.0044167776336505255
0.00441666979778138
0.004416563106434089
0.004416457534388166
0.004408424022905917
0.004402760557188209
0.004398765129847064
0.004395943741722434
0.004393948928374602
0.0043925361840503885
0.00439153339492875
0.004390819376314461
0.004390308787775908
0.004389941523630447
0.004389675247392171
0.004389480136697311
0.004389335183295818
0.004389225587482086
0.00438914092300714
0.0043890738445205284
0.004389019177088043
0.0043889732748146
0.004388933569018831
0.004388898249931178
0.004388866042452079
0.004388836048172456
0.004388807634074825
0.004388780354120874
0.004388753894007654
0.004388728032246427
0.004388702612741201
0.004388677525469103
0.004388652692868736
0.004388628060250079
0.004388603589037687
0.0043885792520101255
0.0043885550299458155
0.004388530909259838
0.004388506880338837
0.004388482936367846
0.004388459072503726
0.0043884352852927196
0.004388411572260114
0.004388387931621098
0.004388364362077035
0.004388340862671909
0.004388317432691214
0.0043882940715906414
0.004388270778945898
0.004388247554417319
0.004388224397724923
0.004388201308630856
0.0043881782869270155
0.004388155332426317
0.00438813244495656
0.0043881096243560975
0.004388086870470774
0.004388064183151785
0.004388041562254161
0.004388019007635692
0.004387996519156198
0.004387974096676966
0.0043879517400604055
0.0043879294491697765
0.004387907223868992
0.0043878850640225115
0.004387862969495233
0.004387840940152427
0.004387818975859698
0.004387797076482958
0.00438777524188839
0.004387753471942443
0.004387731766511815
0.0043877101254634465
0.004387688548664528
0.004387667035982471
0.004387645587284928
0.004387624202439781
0.004387602881315136
0.0043875816237793405
0.004387560429700961
0.004387539298948794
0.004387518231391865
0.004387497226899434
0.004387476285340969
0.004387455406586201
0.0043874345905050545
0.004387413836967702
0.0043873931458445455
0.004387372517006198
0.004387351950323523
0.004387331445667605
0.004387311002909748
0.004387290621921492
0.0043872703025746125
0.004387250044741111
0.0043872298482932025
0.004387209713103355
0.004387189639044246
0.0043871696259888
0.004387149673810151
0.004387129782381675
0.004387109951576976
0.0043870901812698825
0.004387070471334453
0.004387050821644974
0.004387031232075967
0.004387011702502177
0.004386992232798572
0.004386972822840358
0.004386953472502966
0.0043869341816620555
