177.3411611026436
177.28977143141574
177.23788475310803
177.1854984453034
177.13260997974209
177.0792169227141
177.02531694253443
176.9709078183474
176.91598744941297
176.86055386473947
176.80460523302816
176.7481398729082
176.69115626344365
176.63365305488952
176.5756290796763
176.51708336359752
176.45801513717444
176.3984238471702
176.3383091682216
176.27767101455663
176.2165095517618
176.1548252085605
176.09261868856345
176.02989098194564
175.9666433770063
175.9028774715616
175.83859518412052
175.77379876479054
175.70849080585768
175.64267425198437
175.57635240996623
175.5095289579877
175.44220795431573
175.37439384537012
175.30609147310784
175.2373060816616
175.1680433231701
175.09830926274208
175.02811038249635
174.95745358462227
174.88634619340988
174.81479595620075
174.74281104321588
174.67040004622183
174.597571976001
174.52433625859894
174.45070273032707
174.37668163150752
174.3022835989516
174.22751965717455
174.15240120835418
174.0769400210499
174.00114821770845
173.92503826098823
173.848622938944
173.77191534912265
173.6949288816232
173.61767720118925
173.54017422840207
173.4624341200532
173.38447124877788
173.30630018203826
173.22793566054776
173.1493925762319
173.07068594982334
172.99183090819153
172.91284266150598
172.83373648033475
172.7545276727766
172.67523156172552
172.59586346236176
172.51643865996166
172.43697238811444
172.3574798074289
172.2779759848081
172.19847587336497
172.11899429304444
172.0395459120132
171.9601452288698
171.88080655572165
171.80154400216938
171.72237146023127
171.64330259023336
171.5643508076856
171.48552927115617
171.406850871152
171.32832822000458
171.24997364275845
171.17179916905036
171.0938165251341
171.01603713090438
170.938472090008
170.86113218847137
170.78402789052154
170.70716933596492
170.630566338376
170.55422838405966
170.4781646317477
170.40238391299192
170.32689463263665
170.25170491313452
170.17682256585042
170.1022550726087
170.028009589607
169.9540929517811
169.88051167758053
169.80727197411377
169.73437974262313
169.661840584252
169.58965980606774
169.51784242730537
169.44639318579976
169.37531654457456
169.30461669855893
169.2342975814049
169.16436287237886
169.09481600330415
169.02566016553214
168.95689831692115
168.88853318880507
168.82056729293356
168.753002928369
168.68584218832515
168.61908696693536
168.55273896593795
168.48679970126975
168.42127050955742
168.3561525544992
168.29144683313004
168.2271541819645
168.1632752830114
168.09981066965744
168.0367607324147
167.97412572453075
167.9119057674586
167.8501008561849
167.78871086441606
167.7277355496213
167.66717455793318
167.60702742890592
167.547293600132
167.4879724117187
167.42906311062595
167.37056485486696
167.3124767175738
167.25479769092996
167.1975266899725
167.14066255626568
167.08420406144953
167.028149910665
166.9724987458593
166.9172491489741
166.86239964501917
166.80794870503485
166.75389474894592
166.70023614830987
166.64697122896294
166.5940982735665
166.54161552405665
166.4895211840005
166.43781342086112
166.38649036817526
166.33555012764486
166.28499077114748
166.23481034266587
166.1850068601412
166.13557831725169
166.08652268511926
166.03783791394707
165.98952193458962
165.94157266005874
165.89398798696683
165.8467657969104
165.7999039577955
165.7534003251072
165.7072527431259
165.66145904609104
165.61601705931588
165.57092460025336
165.52617947951677
165.4817795018553
165.43772246708699
165.39400617099085
165.3506284061591
165.30758696281183
165.26487962957438
165.22250419422073
165.18045844438197
165.13874016822328
165.09734715508893
165.05627719611826
165.01552808483197
164.97509761769157
164.93498359463177
164.89518381956776
164.85569610087788
164.81651825186287
164.77764809118233
164.7390834432702
164.70082213872885
