29775.172799999997
22546.194531866393
22333.33203890896
22145.371938757013
21969.28144482631
21799.54269911979
21633.80018103243
21471.032681130124
21310.78446842391
21152.841245633335
20997.093084097614
20843.476071299083
20691.94717558237
20542.473195356364
20395.02573502929
20249.5788039073
20106.107591319058
19964.58779556706
19824.99523286402
19687.30560098415
19551.494336686825
19417.53653462903
19285.406908882585
19155.07978490303
19026.529113508765
18899.728500702997
18774.65124867066
18651.265263151374
18529.553785119548
18409.484253124054
18291.029278377697
18174.161439544147
18058.853338204117
17945.077651907413
17832.80718448047
17722.014913168987
17612.674032323743
17504.757993454023
17398.240541544255
17293.09574761983
17189.298037591685
17086.822217467463
16985.643495050528
16885.73749828273
16787.0802904027
16689.64838212052
16593.41874100831
16498.368798320913
16404.47645346126
16311.720076308264
16220.078507611162
16129.53105766165
16040.057503436617
15951.638084400473
15864.25349714279
15777.884889016337
15692.51385093038
15608.12240943972
15524.693018255153
15442.208549297477
15360.652283399177
15280.007900742456
15200.259471126265
15121.391444128129
15043.388639227343
14966.236235949094
14889.919764067146
14814.425093918147
14739.738426848739
14665.84628583375
14592.735506278535
14520.393227032775
14448.806881619767
14377.964189699605
14307.85314876814
14238.462026096244
14169.77935091564
14101.79390684379
14034.494724554828
13967.871074687213
13901.91246098569
13836.608613674714
13771.949483055425
13707.925233321228
13644.526236584767
13581.743067109832
13519.566495743658
13457.987484535974
13396.997181548602
13336.586915836671
13276.748192604802
13217.472688524842
13158.752247213662
13100.578874859819
13042.944735997704
12985.842149421433
12929.263584229757
12873.201656004125
12817.649123106386
12762.598883096947
12708.043969266751
12653.977547277404
12600.392911907853
12547.285397639369
12494.64280680829
12442.464544520863
12390.742477423099
12339.470500549221
12288.64262043961
12238.25295258984
12188.295718905694
12138.765245233555
12089.65595895762
12040.96238667112
11992.679151909739
11944.800972951309
11897.322660677648
11850.23911649536
11803.545330315184
11757.236378586564
11711.307422386415
11665.75370556092
11620.570552915717
11575.753368457628
11531.297633680164
11487.198905898082
11443.452816624027
11400.055069988304
11357.001441199393
11314.287775046623
11271.909984440093
11229.864048987063
11188.146013607067
11146.751987181582
11105.678141237011
11064.920708662317
11024.475982457016
10984.34031451199
10944.510114419585
10904.981848313932
10865.752037738572
10826.81725854306
10788.174139805149
10749.819362779514
10711.749659872772
10673.96181364113
10636.45265581361
10599.219066337004
10562.25797244487
10525.566347747548
10489.141211343247
10452.979626949813
10417.078702057743
10381.435587101518
10346.04747464943
10310.911598614373
10276.02523347985
10241.385693544371
10206.99033218464
10172.836541132008
10138.921749767876
10105.243424433285
10071.799067754833
10038.586217983602
10005.602448351136
9972.845366437512
9940.312613553626
9908.0018641381
9875.91082516457
9844.037235564228
9812.378865660874
9780.933516614314
9749.699019880494
9718.673236679855
9687.854057477862
9657.239401476048
9626.82721611486
9596.615476584559
9566.602185349888
9536.785371679416
9507.163091190372
9477.733425398052
9448.494481277217
9419.44439083114
9390.58131067039
9361.903421598188
9333.408928207284
9305.096058481082
9276.963063406769
9249.008216592087
9221.229813893578
9193.62617304912
9166.19563331913
9138.93655513556
9111.847319755236
9084.926328922473
9058.172004537844
9031.582788331785
9005.15714154642
8978.893544622151
