0.001140816
0.0011445883192458676
0.0011472625369951881
0.0011505089975443416
0.0011540696564960595
0.001157783881383627
0.0011615559844447277
0.001165329047423495
0.0011690692714398697
0.001172756639991283
0.0011763793483129759
0.001179930480077071
0.0011834060251662887
0.0011868036977297654
0.001190122231792239
0.0011933609618225475
0.0011965195733333284
0.001199597954935449
0.0012025961109331197
0.0012055141100529422
0.0012083520557505778
0.0012111100694164503
0.0012137882813089075
0.0012163868261363833
0.0012189058414591536
0.001221345467827533
0.0012237058500194798
0.0012259871390081368
0.0012281894944510294
0.0012303130875907116
0.0012323581045177692
0.0012343247497860798
0.0012362132503971324
0.0012380238601903944
0.0012397568646935141
0.0012414125865023407
0.0012429913912774748
0.001244493694462737
0.001245919968852543
0.0012472707531605907
0.0012485466617726542
0.0012497483959023998
0.001250876756412462
0.0012519326586139662
0.0012529171494179397
0.0012538314272807715
0.0012546768654660035
0.0012554550392210701
0.0012561677575585282
0.001256817100388572
0.0012574054617752349
0.0012579356002613432
0.0012584106956320745
0.0012588344144298196
0.0012592109794353616
0.0012595452431650026
0.0012598427569147142
0.0012601098231978258
0.0012603535103195647
0.0012605815955716096
0.0012608023888311512
0.0012610243760636038
0.0012612556242426736
0.0012615029259610904
0.0012617707548432573
0.0012620602476734219
0.0012623685591290768
0.0012626889240068906
0.0012630115282341238
0.001263324935013511
0.0012636175854626667
0.0012638789407984816
0.0012641001371551032
0.0012642740969173718
0.0012643954119139532
0.0012644600609492353
0.0012644651067513788
0.0012644084252015871
0.0012642884873251214
0.0012641041938267138
0.0012638547536311297
0.0012635395968766665
0.0012631583136809958
0.0012627106114636536
0.0012621962853356773
0.0012616151976093052
0.0012609672636199841
0.0012602524418937223
0.0012594707273024747
0.00125862214626815
0.001257706753370193
0.0012567246289140867
0.0012556761998615247
0.001254561147974563
0.0012533796699833444
0.0012521316410468053
0.0012508177149712274
0.0012494380628143623
0.0012479928891238733
0.0012464824265990132
0.0012449069875800551
0.0012432667729890634
0.0012415620882233833
0.0012397932536854699
0.001237960605027676
0.0012360644933321076
0.0012341052850694389
0.0012320833619258917
0.001229999120552597
0.001227852972269493
0.0012256453427429315
0.0012233766716486974
0.0012210474123271785
0.0012186580314350547
0.0012162090085960516
0.0012137008360524006
0.0012111340183180164
0.001208509071834173
0.0012058265246280486
0.0012030869159745813
0.0012002907960618054
0.0011974387256599114
0.0011945312757941564
0.001191569027421759
0.0011885525711128257
0.0011854825067354226
0.0011823594431448377
0.001179183997877013
0.0011759567968462057
0.0011726784740469039
0.00116934967125986
0.0011659710377624037
0.0011625432300428425
0.001159066911518965
0.0011555427522605857
0.0011519714287160578
0.0011483536234427102
0.0011446900248410837
0.0011409813268929145
0.0011372282289027948
0.0011334314352433477
0.0011295916551039122
0.001125709602242572
0.001121785994741439
0.0011178215547651628
0.0011138170083224205
0.0011097730850304474
0.0011056905178824094
0.00110157004301754
0.001097412399493961
0.0010932183290641023
0.0010889885759525794
0.0010847238866365139
0.0010804250096281705
0.0010760926952598133
0.0010717276954707808
0.0010673307635966232
0.0010629026541603037
0.0010584441226653542
0.0010539559253909822
0.0010494388191890243
0.0010448935612827404
0.0010403209090674012
0.001035721619912623
0.0010310964509664335
0.001026446158961033
0.0010217715000202844
0.0010170732294687895
0.0010123521016427318
0.001007608869702309
0.0010028442854458594
0.0009980590991256724
0.0009932540592654442
0.0009884299156441188
0.0009835874097257774
0.000978727283930346
