9.840228469593018
9.867087756313017
9.898954111513117
9.93548527814097
9.976373941155364
10.021340920002018
10.070130707818814
10.122508245740452
10.178256417889079
10.237174015442887
10.299074036311033
10.363782242227524
10.431135922498713
10.50098282833742
10.573180250349267
10.64759421730254
10.724098798209194
10.802575492654597
10.88291269659171
10.965005232659378
11.048753935612856
11.134065284743935
11.220851076269696
11.309028129620255
11.398518022383652
11.489246849390687
11.581145002060142
11.67414696484157
11.768191125083998
11.863219595808408
11.959178047380332
12.05601554749577
12.153684407921402
12.252140036891932
12.351340796305003
12.451247863051744
12.551825093989995
12.653038894210399
12.754858088365385
12.857253794929518
12.960199303339175
13.063669954022036
13.167643021374127
13.272097599776261
13.377014492764236
13.482376105479773
13.588166340533324
13.694370497407137
13.800975175518476
13.907968181049794
14.015338437636464
14.123075900983485
14.23117147746239
14.339616946717905
14.44840488829254
14.55752861225583
14.666982093804434
14.776759911779896
14.886857191032815
14.997269548545763
15.107993043212526
15.219024129158669
15.33035961247714
15.441996611243896
15.553932518671147
15.666164969250373
15.7786918077336
15.891511060799152
16.004620911247375
16.11801967457235
16.2317057777575
16.345677740145522
16.459934156236983
16.5744736802762
16.689295012488113
16.804396886835598
16.919778060172206
17.035437302672136
17.151373389425217
17.26758509309146
17.384071177516272
17.50083039221394
17.617861467633425
17.735163111126813
17.85273400354682
17.97057279640574
18.08867810953356
18.207048529178824
18.325682606500155
18.444578856401918
18.56373575667131
18.68315174737874
18.80282523050705
18.92275456977872
19.042938090653646
19.163374080472824
19.284060788726414
19.404996427426784
19.526179171569748
19.647607159669086
19.769278494351383
19.89119124299983
20.013343438437225
20.135733080172987
20.25835813291226
20.38121653081143
20.50430617578789
20.627624938944116
20.75117066134332
20.874941154786402
20.99893420258657
21.123147560339394
21.24757895668664
21.37222609407231
21.497086649489912
21.622158275219967
21.747438599557107
21.87292522752634
21.99861574158807
22.124507702331655
22.25059864915753
22.376886100947573
22.50336755672412
22.630040496297386
22.75690238090169
22.883950653820413
23.011182741000088
23.138596051653636
23.266187978853193
23.393955900112477
23.521897177959122
23.650009160497145
23.778289181959803
23.906734563252947
24.035342612489202
24.164110625513153
24.2930358864177
24.422115668051845
24.551347232519984
24.68072783167301
24.810254707591252
24.939925093059543
25.06973621203451
25.199685280104184
25.32976950494014
25.45998608674223
25.590332218676107
25.720805087303603
25.85140187300601
25.982119750400532
26.112955888749777
26.243907452364674
26.374971601000574
26.506145490246862
26.6374262719101
26.768811094390625
26.90029710305292
27.03188144058973
27.163561247379764
27.295333661839443
27.427195820768425
27.559144859689198
27.69117791318053
27.823292115205124
27.955484599431294
28.08775249954885
28.22009294957917
28.35250308417951
28.48498003894166
28.617520950684906
28.750122957743326
28.882783200247623
29.015498820401348
29.1482669627516
29.281084774454342
29.41394940553428
29.546858009139292
29.67980774178967
29.81279576362183
29.945819238627056
30.078875334884724
30.21196122479052
30.345074085279453
30.478211098043758
30.611369449745695
30.744546332225397
30.8777389427036
31.01094448397953
31.14416016462377
31.277383199166334
31.41061080827984
31.54384021895785
31.677068664688587
31.810293385623744
31.943511628742726
32.07672064801232
32.209917704541546
32.3431000667322
32.47626501042467
32.60940981903943
