-2.3287860798618487
-1.851950807510278
-1.8511399728060252
-1.85038785596543
-1.8496601297881001
-1.8489491882792255
-1.8482517586017315
-1.847565433241615
-1.846888607366194
-1.8462193964720932
-1.8455565412133859
-1.8448988957663253
-1.8442454923211573
-1.8435955156106147
-1.8429482809554587
-1.8423032153193901
-1.8416598409317082
-1.8410177611313487
-1.8403766481389199
-1.8397362325034368
-1.8390962940144973
-1.838456653883648
-1.8378171680470174
-1.8371777214343228
-1.8365382230768466
-1.835898601957458
-1.8352588034868103
-1.8346187865300472
-1.8339785209059671
-1.8333379852912939
-1.8326971654661668
-1.8320560528647547
-1.8314146433659404
-1.830772936304504
-1.8301311888088623
-1.8294886393441534
-1.8288460587681266
-1.828203198505436
-1.8275600655949502
-1.8269166675508388
-1.8262730121010857
-1.8256291070203585
-1.8249849600070065
-1.8243405786004587
-1.8236959701142628
-1.8230511416014803
-1.8224060998258393
-1.8217608512522976
-1.8211154020472922
-1.8204697580803744
-1.8198239249377748
-1.8191779079370658
-1.8185317121422895
-1.8178853423870327
-1.8172388032913835
-1.8165920992807056
-1.8159452346088651
-1.8152982133730122
-1.8146510395369162
-1.8140037169433276
-1.8133562493320856
-1.812708640355368
-1.8120608935897815
-1.8114130125507806
-1.810765000702822
-1.8101168614699963
-1.809468598242439
-1.808820214388916
-1.8081717132602928
-1.8075230981982175
-1.8068743725368823
-1.806225539612685
-1.805576602763046
-1.804927565333258
-1.8042784306776403
-1.8036292021622786
-1.8029798831662784
-1.8023304770846182
-1.8016809873251947
-1.8010314173169018
-1.8003817705012595
-1.7997320503400263
-1.7990822602259389
-1.7984324038127593
-1.7977824845337134
-1.7971325059118592
-1.7964824714923227
-1.795832384828664
-1.795182249492058
-1.7945320690594166
-1.7938818471306281
-1.7932315873066953
-1.7925812932978626
-1.7919309685378544
-1.7912806167558641
-1.7906302415875748
-1.7899798466779944
-1.789329435674426
-1.788679012228896
-1.7880285799970965
-1.7873781426350754
-1.7867277038004885
-1.7860772671511895
-1.785426836342026
-1.7847764150274685
-1.7841260068576166
-1.7834756154799383
-1.7828252445357666
-1.782174897662098
-1.7815245784889855
-1.7808742906379231
-1.780224037723637
-1.779573823352902
-1.7789236511212114
-1.7782735246146688
-1.7776234474079848
-1.7769734230646856
-1.77632345513645
-1.7756735471607983
-1.7750237026630284
-1.7743739251530868
-1.773724218128433
-1.7730745850688263
-1.7724250294396773
-1.7717755546910907
-1.7711261642554048
-1.7704768615484168
-1.7698276499678558
-1.769178532895909
-1.7685295136953245
-1.7678805957112587
-1.7672317822712174
-1.766583076683447
-1.7659344822398602
-1.7652860022142849
-1.7646376398621129
-1.7639893984237192
-1.7633412811229463
-1.762693291169083
-1.7620454317584104
-1.7613977060773862
-1.7607501173016902
-1.7601026686038348
-1.7594553631549594
-1.7588082041301403
-1.7581611947158982
-1.7575143381183258
-1.7568676375735837
-1.7562210963626175
-1.7555747178290357
-1.7549285054008097
-1.7542824626227802
-1.7536365931946192
-1.7529909010256906
-1.752345390303364
-1.7517000655948467
-1.7510549319777322
-1.7504099952322552
-1.749765262119241
-1.7491207407834617
-1.7484764413804652
-1.7478323770575988
-1.7471885655872692
-1.7465450307605783
-1.7459018133476678
-1.7452589741803979
-1.7446166258867737
-1.7439750101598774
-1.743334854100001
-1.7425111052117008
-1.741873677263894
-1.741236180600759
-1.7405988603619882
-1.7399617587818976
-1.7393248888527315
-1.7386882590699821
-1.738051876982976
-1.737415749723096
-1.7367798840997204
-1.7361442866338204
-1.7355089635806682
-1.7348739209465232
-1.7342391645110031
-1.7336046998389356
-1.7329705322972173
-1.7323366670682068
-1.731703109162626
-1.7310698634308221
-1.730436934572777
-1.7298043271495502
-1.7291720455903927
-1.72854009420335
-1.7279084771806659
-1.7272771986061977
-1.7266462624645569
-1.7260156726435836
-1.7253854329428
-1.724755547075371
-1.7241260186776413
-1.7234968513074518
