0.0006298698467932329
0.0005859113738362351
0.0005725246083828233
0.0005607004454934667
0.0005496631112428691
0.0005393428106715065
0.0005296891043953045
0.0005206539458669835
0.0005121915273919533
0.0005042584440882581
0.0004968137857735107
0.0004898191652358747
0.00048323870162224835
0.00047703896796602385
0.0004711889139674335
0.0004656597717168596
0.00046042494929222043
0.0004554599173337079
0.00045074209177329563
0.0004462507153985706
0.0004419667402520497
0.0004378727123672547
0.00043395265994823585
0.00043019198578738224
0.00042657736447008717
0.0004230966447205997
0.00041973875709072546
0.000416493627073605
0.00041335209363205574
0.0004103058330597481
0.0004073472880395161
0.00040446960172323826
0.0004016665566289639
0.00039893251813140313
0.00039626238230952045
0.00039365152790846544
0.00039109577217110277
0.00038859133029611054
0.00038613477828406377
0.0003837230189395477
0.00038135325080555066
0.0003790229398157044
0.00037672979346006503
0.00037447173727074963
0.0003722468934445579
0.00037005356143059577
0.00036789020032179567
0.000365755412899699
0.000363647931192278
0.0003615666034143918
0.00035951038217005434
0.00035747831380468064
0.000355469528804121
0.0003534832331453525
0.0003515187005113544
0.0003495752652898293
0.0003476523162821011
0.0003457492910547941
0.0003438656708726203
0.00034200097615604035
0.00034015476241248434
0.0003383266165944462
0.0003365161538419602
0.0003347230145709271
0.0003329468618722509
0.00033118737919011544
0.00032944426825068005
0.0003277172472152549
0.0003260060490345074
0.000324310419982568
0.0003226301183519657
0.0003209649132922346
0.00031931458377675113
0.00031767891768394826
0.0003160577109804308
0.00031445076699484256
0.000312857895772472
0.00031127891350164234
0.0003097136420038705
0.0003081619082806449
0.00030662354411043505
0.0003050983856902236
0.0003035862733164996
0.0003020870511011804
0.0003006005667184537
0.00029912667117895474
0.00029766521862812755
0.0002962160661659221
0.00029477907368537904
0.0002933541037278434
0.00029194102135289866
0.00029053969402125434
0.00029008537843673566
0.0002897768183830418
0.00028957073856487257
0.00028943671548218355
0.00028935337296282003
0.0002893056862156583
0.0002892830917255448
0.00028927816109986323
0.00028928566986561585
0.00028930194322406396
0.00028932439620616817
0.0002893512103732287
0.0002893811064714515
0.000289413184538736
0.0002894468114393964
0.00028948154175276674
0.0002895170621209225
0.0002895531520975794
0.00028958965660466754
0.0002896264665546733
0.00028966350521759525
0.0002897007186293754
0.0002897380688436324
0.0002897755291837957
0.0002898130809026225
0.0002898507108319076
0.0002898884097288479
0.00028992617111256474
0.00028996399044548503
0.0002900018645573653
0.0002900397912400338
0.00029007776896224357
0.00029011579666904673
0.00029015387364062563
0.00029019199939297075
0.00029023017360798724
0.00029026839608432787
0.00029030666670278526
0.0002903449854019491
0.00029038335216107896
0.0002904217669880466
0.0002904602299108613
0.0002904987409716973
0.00029053730022269875
0.00029057590772302294
0.00029061456353676984
0.0002906532677315115
0.00029069202037726644
0.00029073082154578404
0.0002907696713100235
0.0002908085697438047
0.00029084751692155586
0.0002908865129181352
0.0002909255578087096
0.0002909646516686639
0.0002910037945735452
0.0002910429865990142
0.00029108222782082304
0.0002911215183147869
0.0002911608581567761
0.000291200247422702
0.0002912396861885122
0.00029127917453018384
0.00029131871252372534
0.0002913583002451685
0.00029139793777057207
0.00029143762517601997
0.0002914773625376167
0.0002915171499314931
0.00029155698743380356
0.0002915968751207243
0.00029163681306845947
0.00029167680135323387
0.0002917168400512993
0.0002917569292389294
0.0002917970689924257
0.0002918372593881142
0.00029187750050234206
0.00029191779241148803
0.00029195813519195294
0.00029199852892016046
0.00029203897367256537
0.00029207946952564557
0.0002921200165559028
0.00029216061483986687
0.0002922012644540909
0.00029224196547515625
0.0002922827179796684
0.00029232352204425503
0.0002923643777455739
0.00029240528516030447
0.0002924462443651529
0.0002924872554368477
0.0002925283184521422
0.0002925694334878176
0.00029261060062067175
0.0002926518199275328
0.0002926930914852483
0.00029273441537068973
0.00029277579166075144
0.00029281722043234855
0.00029285870176242064
0.0002929002357279266
0.0002929418224058463
0.0002929834618731826
0.00029302515420695524
0.0002930668994842055
0.000293108697781996
