2.1612655174655475
2.1895916730466176
2.2053171702555
2.2186050810909284
2.231357085790716
2.2439880667062906
2.25659220538379
2.2691933681275116
2.2817998381175326
2.294416317642334
2.3070465739303176
2.3196940328260434
2.3323619209246256
2.3450533073811384
2.3577711226343627
2.370518171132906
2.3832971419225153
2.3961106180322846
2.408961084944077
2.4218509382764557
2.4347824907727427
2.447757978666604
2.4607795674889643
2.4738493573724263
2.486969387903022
2.500141642563621
2.5133680528082953
2.5266505018027194
2.5399908278619017
2.553390827613075
2.5668522589087646
2.5803768435122856
2.5939662695756924
2.6076221939280835
2.6213462441904154
2.635140020731202
2.649005098476231
2.662943028583945
2.6769553399971144
2.6910435408803224
2.7052091199519337
2.719453547718274
2.733778277615113
2.748184747076476
2.762674378497643
2.777248580158705
2.7919087470566533
2.806656261681217
2.8214924947295406
2.8364188057642044
2.851436543817771
2.866547047946865
2.881751647738445
2.897051663770688
2.912448408030681
2.9279431842909047
2.943537288446348
2.9592320088138333
2.9750286263950514
2.9909284151046496
3.006932641964525
3.023042567265426
3.039259444696802
3.0555845214457684
3.07201903826589
3.088564229516526
3.1052213231732506
3.121991540809867
3.1388760975524717
3.1558762020058677
3.172993056152716
3.190227855225573
3.207581787552077
3.2250560343733454
3.242651769635753
3.2603701597560564
3.2782123633599074
3.2961795309937183
3.3142728048097823
3.332493318224553
3.350842195549948
3.3693205515974913
3.387929491255115
3.406670109036367
3.425543488601821
3.444550702252362
3.4636928103941167
3.482970860974679
3.5023858888903194
3.521938915363845
3.5416309472927354
3.5614629765672317
3.5814359793579453
3.6015509153726604
3.6218087270819153
3.642210338912959
3.6627566564117147
3.6834485653723386
3.7042869309339834
3.7252725966443605
3.746406383489755
3.767689088891057
3.789121485665503
3.810704320953708
3.8324383151117063
3.854324160567632
3.876362520642745
3.8985540283365276
3.9208992850755786
3.943398859426081
3.9660532857696396
3.988863062942315
4.011828652836722
4.0349504789671125
4.058228924997376
4.081664333231966
4.105257003069789
4.129007189421176
4.152915101088077
4.176980899107706
4.20120469505993
4.225586549338737
4.2501264693882455
4.2748244079037345
4.29968026099831
4.324693866335859
4.349865001231112
4.375193380717626
4.400678655584707
4.42632041038433
4.452118161409256
4.478071354643652
4.504179363687651
4.530441487657418
4.556856949062418
4.583424891661696
4.610144378301198
4.637014388734216
4.664033817427269
4.691201471353859
4.71851606777872
4.745976232035332
4.77358049529969
4.801327292363435
4.82921495940972
4.8572417317953045
4.885405741842623
4.913705016645739
4.942137475894317
4.970700929719963
4.999393076569481
5.028211501109825
5.057153672169734
5.086216940723278
5.115398537920763
5.144695573172639
5.174105032292359
5.203623775704277
5.233248536722972
5.262975919910573
5.292802399518907
5.322724318023512
5.35273788475676
5.382839174647598
5.413024127075569
5.443288544846999
5.473628093301479
5.504038299556868
5.534514551901304
5.565052099340807
5.595646051311258
5.626291377563638
5.656982908231539
5.687715334090042
5.718483207015149
5.7492809406529926
5.780102811308058
5.810942959059654
5.84179538911585
5.872653973413978
5.903512452476727
5.93436443753265
5.9652034129098075
5.996022738710911
6.026815653778101
6.057575278955171
6.088294620654568
6.118966574736148
6.14958393070402
6.180139376227333
6.210625501990154
6.241034806874848
6.271359703482615
6.301592502847017
6.331725502728427
6.361750897093823
6.391660775212141
6.421447229378024
6.45110229080991
6.480617951580389
