-0.002820345814211719
-0.0024412259008092644
-0.0026017303704254616
-0.002762199654712448
-0.0029226455655134397
-0.0030830617088833103
-0.003243439507765797
-0.0034037704974296
-0.0035640476719169725
-0.0037242635518002117
-0.003884412091032144
-0.0040444876856320314
-0.004204485326619477
-0.004364400564048547
-0.004524229470907889
-0.0046839686071169055
-0.004843614983800365
-0.0050031660280709855
-0.005162619548568685
-0.0053219737019995364
-0.005481226960897635
-0.005640378082800659
-0.0057994260809950925
-0.005958370196945498
-0.006117209874486868
-0.00627594473582126
-0.0064345745593290034
-0.006593099259176596
-0.0067515188666800625
-0.006909833513364511
-0.007068043415644576
-0.007226148861042
-0.007384150195847101
-0.007542047814128246
-0.007699842699057674
-0.007857533659767617
-0.008015122831516518
-0.008172610162458295
-0.008329996161231413
-0.008487281341043502
-0.008644466215608363
-0.008801551295598538
-0.008958537085648506
-0.009115424081857558
-0.009272212769738138
-0.009428903622556516
-0.009585497100017597
-0.009741993647251182
-0.009898393694059801
-0.010054697654393648
-0.01021090592602068
-0.010367018890364222
-0.010523036912483063
-0.010678960341171545
-0.010834789509160857
-0.010990524733403813
-0.01114616631542777
-0.011301714541743436
-0.011457169684296952
-0.011612532000955751
-0.011767801736019587
-0.011922979120748875
-0.01207806437390459
-0.01223305770229331
-0.012387959301313497
-0.012542769355499035
-0.012697488039056381
-0.01285211551639276
-0.013006651942633774
-0.013161097464127643
-0.013315452218935287
-0.013469716337305421
-0.013623889942132874
-0.01377797314940121
-0.013931966068607143
-0.014085868803168772
-0.014239681450815788
-0.014393404103963421
-0.014547036850068274
-0.014700579771968937
-0.01485403294820885
-0.015007396453345026
-0.015160670359645436
-0.015313854731748839
-0.015466949635348842
-0.015619955131894696
-0.01577287127998382
-0.015925698135950482
-0.01607843575383255
-0.016231084185652
-0.016383643481498136
-0.01653611369000009
-0.016688494856598787
-0.016840787029943745
-0.016992990253027352
-0.017145104569284312
-0.017297130021240083
-0.017449066650638213
-0.017600914498560688
-0.01775267360554271
-0.017904344011680666
-0.01805592575673528
-0.018207418880229764
-0.018358823421542873
-0.018510139419998003
-0.018661366914948976
-0.0188125059458617
-0.018963556552393127
-0.0191145187744677
-0.01926539265235117
-0.01941617822672332
-0.019566875538748228
-0.01971748463014411
-0.01986800554325251
-0.020018438321106797
-0.020168783007501273
-0.020319039647060767
-0.02046920828531129
-0.020619288968752553
-0.020769281744932335
-0.020919186662523712
-0.02106900377140661
-0.021218733122751576
-0.02136837476911102
-0.021517928764514166
-0.021667395164570235
-0.02181677402657874
-0.021966065409650022
-0.022115269374835874
-0.02226438598527273
-0.022413415306339234
-0.022562357405831315
-0.02271121235415544
-0.022859980224545166
-0.023008661093303573
-0.023157255040076142
-0.02330576214815983
-0.02345418250485348
-0.023602516201858156
-0.023750763335735534
-0.023898924008436725
-0.024046998327913065
-0.024194986408828476
-0.02434288837339174
-0.024490704352336086
-0.024638434486080125
-0.024786078926110608
-0.02493363783664343
-0.02508111139663367
-0.025228499802227338
-0.025375803269781262
-0.02552302203961928
-0.025670156380756128
-0.02581720659691247
-0.025964173034277293
-0.026111056091682763
-0.02625785623417104
-0.026404574011446375
-0.026551210083545624
-0.02669776525750381
-0.026844240541378968
-0.0269906372268575
-0.02713695702140692
-0.027283202363315003
-0.02742937650116248
-0.027575484774722516
-0.027721536222760367
-0.027867549163481994
-0.028013574806302302
-0.028151558277358744
-0.028297003393679142
-0.028442368777110948
-0.028587651408649033
-0.028732850788658882
-0.028877966785699854
-0.02902299932821029
-0.029167948359903117
-0.02931281383304097
-0.029457595707163664
-0.029602293948609235
-0.029746908530163305
-0.029891439430737778
-0.030035886635066678
-0.030180250133415982
-0.03032452992130622
-0.030468725999249106
-0.03061283837249647
-0.03075686705080082
-0.03090081204818876
-0.031044673382744054
-0.031188451076403837
-0.031332145154763104
-0.031475755646890556
-0.0316192825851532
-0.0317627260050511
-0.03190608594505982
-0.03204936244648154
-0.03219255555330475
-0.03233566531207044
-0.032478691771746185
