-6.07378010669037
-15.179479678439801
-15.257822242225659
-15.308940030089573
-15.35059257411297
-15.382926432871198
-15.408965749095387
-15.430398960841883
-15.448425784556253
-15.463909381934178
-15.477477905854848
-15.489593072677934
-15.500597249980354
-15.510746182882219
-15.520232112253886
-15.529200263879657
-15.537760818718066
-15.545997608930593
-15.553974588319777
-15.561740603372371
-15.569332993413814
-15.576780310367468
-15.584104379935122
-15.591321865741214
-15.598445477839629
-15.605484907264474
-15.612447533451418
-15.619338984343036
-15.626163553236161
-15.632924541137822
-15.639624499995985
-15.646265444423172
-15.652848993650263
-15.65937649594732
-15.66584911043208
-15.672267873317052
-15.678633756673182
-15.68494770167797
-15.691210644085032
-15.697423526132871
-15.703587323981989
-15.709703041469679
-15.715771724126819
-15.721794452412949
-15.727772342545638
-15.7337065481036
-15.739598250439172
-15.745448657781955
-15.751259001525302
-15.757030523142435
-15.762764479673772
-15.768462131220648
-15.774124738101557
-15.779753555141319
-15.785349825951261
-15.790914779494587
-15.79644962478222
-15.801955551061004
-15.807433715558338
-15.812885247226887
-15.818311239456108
-15.823712750253543
-15.829090797530446
-15.834446356356576
-15.839780359487468
-15.845093692588737
-15.850387194488407
-15.855661653624463
-15.860917812083608
-15.866156354560077
-15.871377919181892
-15.876583089593973
-15.881772396084113
-15.886946318241797
-15.892105279957187
-15.897249647624431
-15.90237974378715
-15.907495825435744
-15.912598108585533
-15.917686747863577
-15.922761847372088
-15.92782346304362
-15.932871595425402
-15.937906196940789
-15.942927168876729
-15.947934364369438
-15.952927585197958
-15.957906589047488
-15.962871085273267
-15.96782073844287
-15.972755166518619
-15.977673945522302
-15.982576605469331
-15.987462636770902
-15.992331487470862
-15.99718256604582
-16.002015240610273
-16.006828841594874
-16.011622661865324
-16.016395957935167
-16.02114794986382
-16.025877823403828
-16.03058473378137
-16.035267798390397
-16.039926106047705
-16.04455871247924
-16.049164645298383
-16.053742901165236
-16.05829244873624
-16.062812229462647
-16.067301157271682
-16.071758119892543
-16.0761819808272
-16.08057157681389
-16.08492572348038
-16.089243211278777
-16.09352280752563
-16.09776325957331
-16.101963291997397
-16.106121609994474
-16.110236897517854
-16.114307821129476
-16.118333025411587
-16.12231113946081
-16.1262407739425
-16.130120520778156
-16.133948957775544
-16.137724643473618
-16.14144612280312
-16.14511192500885
-16.148720564884467
-16.152270541410587
-16.155760340582283
-16.177758061120837
-16.192902200726493
-16.208014111651494
-16.223064130709684
-16.23802481058229
-16.252870764168115
-16.26757854284473
-16.282126524184328
-16.29649480594128
-16.31066511265039
-16.324620696164487
-16.3383462498564
-16.351827817897792
-16.365052712815206
-16.37800943467943
-16.39068759171172
-16.40307782827878
-16.415171750407964
-16.42696186230948
-16.438441499426776
-16.44960476787702
-16.460446489082486
-16.47096214428366
-16.481147823553528
-16.491000178314753
-16.500516376011984
-16.509694060113613
-16.51853130687926
-16.52702659224021
-16.535178757516316
-16.542986972907578
-16.550450714158828
-16.557569730195116
-16.564344020179316
-16.570773807283615
-16.576859518959683
-16.58260176521084
-16.588001319574115
-16.593059103180654
-16.597776167448963
-16.60215367799135
-16.60619290500621
-16.609895207066444
-16.613262020345406
-16.616294849497795
-16.618995257548033
-16.62136485537509
-16.623405296299644
-16.625118268250105
-16.626504253852087
-16.627567436300758
-16.628308350406257
-16.62873003805747
-16.6288317227558
-16.628616440543347
-16.628085958794383
-16.62724204107666
-16.626086439941364
-16.624620896339085
-16.62284713333724
-16.620766854518383
-16.6183817357666
-16.615693421042675
-16.612703512306506
-16.609413556823636
-16.60582502510078
-16.601939277021202
