-0.11647276197648974
-0.26271505081758845
-0.2796687407082111
-0.2966010621621405
-0.31351278062926835
-0.330404462916965
-0.34727656861695033
-0.3641294584827152
-0.38096348192631924
-0.39777884242796424
-0.4145757480789416
-0.4313543514603637
-0.44811477035781533
-0.4648570942667138
-0.48158139000462113
-0.4982877065046135
-0.5149760788640813
-0.5316465317270596
-0.5482990820784626
-0.5649337415259925
-0.5815505181412209
-0.5981494179255146
-0.614730445960511
-0.6312936072958185
-0.6478389076205263
-0.6643663537585649
-0.6808759540222931
-0.697367718453324
-0.7138416589748584
-0.7302977894756493
-0.746736125842013
-0.7631566859512927
-0.7795594896374318
-0.7959445586371625
-0.8123119338757264
-0.8286615886846735
-0.8449936020391964
-0.8613079852591882
-0.8776047684982549
-0.8938839833634908
-0.9101456628451172
-0.9263898412501897
-0.9426165541411813
-0.9588258382794086
-0.975017731573412
-0.9911922730320977
-1.0073495027224573
-1.0234894617316432
-1.039612192133107
-1.0557177369565611
-1.0718061401614587
-1.08787744661376
-1.1039317020657355
-1.1199689531385375
-1.1359892473074076
-1.1519926328892915
-1.1679791590326434
-1.183948875709419
-1.1999018337089593
-1.2158380846337944
-1.2317576808971944
-1.2476606757224158
-1.2635471231436173
-1.2794170780083256
-1.2952705959814605
-1.3111077335509094
-1.326928548034586
-1.3427330975889777
-1.3585214412192488
-1.374293638790802
-1.3900497510423773
-1.4057898396007307
-1.4215139669968415
-1.4372221966838106
-1.452914593056327
-1.468591221471918
-1.4842521482739173
-1.4998974408162922
-1.5155271674903044
-1.5311413977532262
-1.5467402021590113
-1.5623236523912158
-1.5778918227466239
-1.5934447844086352
-1.608982614088993
-1.6245053883742733
-1.6400131851530773
-1.655506083718038
-1.6709841647838097
-1.6864475105472516
-1.7018962047359856
-1.7173303327156038
-1.7327499796831543
-1.7481552379438747
-1.7635461962985022
-1.7789229471950856
-1.7942855850553328
-1.809634206363239
-1.8249689097595587
-1.8402897961425375
-1.8555969687752103
-1.8708905333998465
-1.8861705983600905
-1.9014372747313275
-1.9166906764600031
-1.9319309205126842
-1.9471581270355003
-1.9623724195250294
-1.9775739250115256
-1.9927627742555765
-2.0079391019594843
-2.023103046994563
-2.0382547526459933
-2.0533943668768266
-2.0685220426129933
-2.0836379380513996
-2.098742216993463
-2.1138350492066555
-2.1289166108170265
-2.143987084735992
-2.1590466611251196
-2.1740955379032583
-2.1891339213005794
-2.2041620264653456
-2.219180078129327
-2.234188311339254
-2.2491869722623936
-2.2641763190758084
-2.279156622950116
-2.294128169140487
-2.3090912581995764
-2.3240462073296277
-2.338993351893804
-2.3539330471105036
-2.3688656699586463
-2.383791621327139
-2.3987113284481696
-2.413625247661721
-2.4285338675685706
-2.443437712640959
-2.4583373473754384
-2.473233381091237
-2.488126473502117
-2.5030173412204095
-2.517906765392388
-2.5327956007165437
-2.547684786165176
-2.5625753578219634
-2.577468464371975
-2.5923653859493268
-2.6072675572817703
-2.622176596398983
-2.637094340639415
-2.6520228923699425
-2.6669646778394145
-2.681922524113274
-2.6968997614063746
-2.7119003619195534
-2.7269291325370113
-2.741991989448979
-2.7570963619121764
-2.772251808393524
-2.787471000435951
-2.8027716631601947
-2.8181786224586847
-2.8337312333355875
-2.8494965368008525
-2.865609870451264
-2.882449230270473
-2.8540137559472294
-2.8679905231319087
-2.881951142033646
-2.895895633154351
-2.90982401250493
-2.9237362959773363
-2.9376324995625653
-2.951512639365372
-2.9653767315917188
-2.9792247925341067
-2.9930568385578913
-3.0068728860892593
-3.0206729516045216
-3.0344570516207168
-3.0482252026874277
-3.061977421379522
-3.075713724290958
-3.0894341280293345
-3.103138649211224
-3.116827304458225
-3.1305001103934766
-3.144157083638907
-3.1577982408127614
-3.171423598527692
-3.1850331733891393
-3.1986269819940962
-3.212205040930138
-3.2257673667746967
-3.23931397609462
-3.2528448854458167
-3.2663601113731913
