21.60397397133626
286.53896821942925
285.64426591413553
284.73385618854047
283.8692056575314
283.0440075099334
282.26278874918836
281.5254946213683
280.8307236489572
280.1763338856268
279.5598150411155
278.9785164616492
278.4297860674726
277.91105303686754
277.4198751897155
276.9539637299183
276.51119396331546
276.08960682073575
275.68740510605033
275.3029462496467
274.93473332954954
274.58140522052247
274.2417264463172
273.9145771136853
273.59894323564765
273.29390759263447
272.998641092997
272.71239481359095
272.43449256771237
272.1643241562103
271.9013391024122
271.6450410214265
271.39498240146924
271.15075992589965
270.9120101550885
270.6784056298289
270.4496513791781
270.22548171061794
270.00565730071315
269.7899625419499
269.5782032234775
269.37020432368104
269.16580810728124
268.9648723211727
268.76726861480313
268.5728810992177
268.38160503138806
268.19334563720184
268.0080170495738
267.8255413097233
267.64584753481944
267.4688711022002
267.29455294132964
267.1228388872487
266.9536790962223
266.78702752079874
266.62284142790094
266.4610809952969
266.30170888756646
266.1446899327212
265.9899908000379
265.83757972231604
265.68742623977613
265.53950097231075
265.3937754193751
265.25022177365753
265.10881276107216
264.96952149279764
264.8323213479103
264.6971858279824
264.5640884956565
264.4330028614636
264.3039023061182
264.1767600344975
264.05154898851475
263.92824178618145
263.80681074411325
263.6872277416719
263.5694642920512
263.45349143255186
263.33927974623737
263.2267993523839
263.1160198658547
263.00691040757283
262.89943959238235
262.79357553371096
262.6892858223252
262.5865375576308
262.48529733359646
262.38553125041096
262.2872049189211
262.19028347369294
262.0947315775314
262.0005134386473
261.90759281848705
261.8159330462436
261.725497030444
261.6362472744046
261.5481458895018
261.46115460979047
261.3752348056153
261.2903474957581
261.20645337900527
261.1235128217078
261.0414858923467
260.96033236799775
260.88001175317083
260.8004832901116
260.7217059752964
260.64363857287185
260.56623962735466
260.4894674772206
260.4132802690238
260.33763596681933
260.2624923691335
260.1878071193511
260.1135377070485
260.0396414972815
259.9660757286683
259.89279752843373
259.8197639203704
259.746931837114
259.67425812533907
259.60169955967825
259.5292128484564
259.45675464123514
259.3842815403894
259.3117501039874
259.2391168575032
259.166338298865
259.0933709057926
259.02017114090404
258.9466954600395
256.997149166419
257.1742163209423
257.3543579167672
257.53661344679045
257.7201066805285
257.9040373633656
258.0876743273829
258.2703495900869
258.4514531792426
258.6304285205603
258.8067682646198
258.98001048852876
259.1497352119857
259.3155611811559
259.47714290889155
259.6341679286286
259.7863542531048
259.9334480153201
260.0752212837251
260.2114700315804
260.34201225408157
260.466686221841
260.58534885889225
260.69787423849795
260.804152188422
260.9040869970746
260.99759621527664
261.084609543445
261.1650678039963
261.2389219877972
261.30613237065046
261.3666676992634
261.4205044348201
261.4676260564099
261.5080224159175
261.541689143609
261.56862709903874
261.5888418648814
261.6023432809227
261.6091450157317
261.6092641655738
261.6027209013845
261.5895381279668
261.56974117949005
261.54335753964875
261.5104165841178
261.4709493452318
261.4249882973575
261.3725671604956
261.3137577050595
261.2485218909544
261.17693290525744
261.09899023258276
261.01480633251583
260.9243818004493
260.82775483904743
260.7249638256818
260.6160472187198
260.50104346730495
260.3799909203482
260.2529277305173
260.11989174627206
259.98092038138014
259.83605044457113
259.68531789828313
259.5287574898747
259.36640214572725
