100198.94001738887
256194.28058225292
257719.1144571922
259216.9525459207
260690.0200074868
262138.29005178838
263561.86376595893
264961.0148828149
266336.1718273003
267687.89744932053
269016.8650178452
270323.8529750009
271609.7035856934
272875.32013055537
274121.6469577113
275349.65428607824
276560.3253264332
277754.6447330392
278933.5887493315
280098.11690613336
281249.16517149337
282387.6404343929
283514.4161947528
284630.32932824123
285736.1777957574
286832.7191717815
287920.66987295065
289000.7049768959
290073.45853117475
291139.5242621644
292199.4566039289
293253.77197672706
294302.95025448996
295347.4363686434
296387.64200416935
297423.9473502348
298456.7028747357
299486.23109714105
300512.8283392597
301536.7664375501
302558.2944043851
303577.6400288048
304595.0114096282
305610.5984163868
306624.5740749833
307637.09587671113
308648.30701037135
309658.3375182576
310667.30537737726
311675.31750818284
312682.4707132731
313688.85254878236
314694.5421318735
315699.6108871684
316704.12323578924
317708.13723006425
318711.70513737976
319714.8739762642
320717.68600800884
321720.17918680096
322722.3875712706
323724.3417003185
324726.0689359227
325727.593775244
326728.93813469674
327730.12160801527
328731.16170046123
329732.0740411902
330732.8725755705
331733.5697390899
332734.17661463394
333734.7030743045
334735.15790746274
335735.5489358891
336735.88311760494
337736.16664009093
338736.4050040275
339736.6030984707
340736.7652681542
341736.895373881
342736.99684638844
343737.0727346957
344737.1257490385
345737.15829938
346737.17252964084
347737.170348126
348737.1534547493
349737.12336502655
350737.08143159153
351737.02886313986
352736.9667412745
353736.8960354064
357701.85016993963
358676.0224370041
359651.3973742496
360627.63259362994
361604.4870640763
362581.79102646123
363559.42488845857
364537.3043907162
365515.3701696919
366493.5804087277
367471.9056606573
368450.3251990732
369428.8244462629
370407.3931596644
371386.0241531114
372364.712395037
373343.4543724351
374322.2476423648
375301.0905155445
376279.9818332657
377258.92081001133
378237.90692250954
379216.9398313843
380196.0193260908
381175.1452858751
382154.3176524019
383133.53641038615
384112.80157400033
385092.1131771973
386071.47126709635
387050.8758990434
388030.32713338046
389009.8250331079
389989.3696621768
390968.9610844214
391948.59936266375
392928.28455825907
393908.0167306513
394887.7959371498
395867.6222327574
396847.4956700811
397827.4162991991
398807.38416771305
399787.3993206518
400767.46180053666
401747.5716473804
402727.7288986384
403707.93358936347
404688.18575208966
405668.48541691736
406648.83261162136
407629.2273615427
408609.66968971683
409590.15961683774
410570.6971613868
411551.2823395568
412531.91516533226
413512.59565056156
414493.3238048775
415474.0996358626
416454.9231489853
417435.79434763326
418416.713233202
419397.6798050691
420378.6940606664
421359.7559954407
422340.865602982
423322.022874965
424303.2278011907
425284.48036969884
426265.7805666553
427247.12837647024
428228.5237818628
429209.9667637396
430191.45730139286
431172.995372397
432154.5809526824
433136.21401660657
434117.89453684626
435099.622484611
436081.39782950206
437063.2205396028
438045.0905815002
439027.0079203325
440008.9725197646
440990.9843420286
441973.0433479405
442955.1494969683
443937.3027472176
444919.50305539405
445901.7503769391
446884.04466599657
447866.3858753998
448848.7739567542
449831.20886042697
450813.6905355817
451796.21893015626
452778.79399090743
453761.4156635097
454744.08389239974
455726.79862100177
456709.559791532
457692.3673452422
458675.22122223355
459658.1213615947
460641.0677014246
461624.0601787571
462607.09872968186
