0.1747
0.17886368689555765
0.17721593252898082
0.17582485468730327
0.1746483323949544
0.1736643489778312
0.1728550998648537
0.1722046345385747
0.1716984649271959
0.1713234503629407
0.1710677133737668
0.17092055212125867
0.17087234693493147
0.17091446337046456
0.17103915488119775
0.1712394679158809
0.1715091516903493
0.17184257423006222
0.17223464565533728
0.17268074914597453
0.17317667959786076
0.17371858967794657
0.17430294278090563
0.17492647227492086
0.1755861463733446
0.1762791379675341
0.17700279878452135
0.1777546372832984
0.1785322997610369
0.1793335537396239
0.18015627606056953
0.1809984382192423
0.18185809810039796
0.18273339106162714
0.18362252274411384
0.18452376111927307
0.18543543377002217
0.18635592154016706
0.18728365515207576
0.18821711201153624
0.18915481357874817
0.19009532324423747
0.19103724465763672
0.19197922046149365
0.19291993138852223
0.19385809527236908
0.19479246839983186
0.19572184300533554
0.196645049101479
0.19756095443730473
0.19846846543626284
0.19936652624059678
0.20025412189606706
0.20113027756846708
0.20199406280592624
0.20284458004835043
0.2036809848584362
0.2045024734211278
0.20530828684319452
0.20609771192269874
0.2068700818376716
0.2076247767388603
0.208361224236084
0.20907889975979266
0.20977732680198768
0.2104560770179555
0.2111147701909961
0.21175307405556598
0.21237070398040137
0.21296742251212428
0.21354303878322847
0.21409740779064754
0.2146304295510198
0.21514204814218862
0.21563225063982952
0.2161010659610723
0.21654856362641925
0.21697485245356618
0.21738007919600105
0.21776442714077474
0.21812811468021906
0.21847139387177494
0.21879454900166165
0.21909789516678047
0.2193817768905889
0.21964656679549144
0.21989266428107052
0.22012049446227872
0.22033050688804595
0.22052318577664326
0.22069899382671074
0.22085848167682884
0.22100217757686974
0.22113064157267434
0.22124445447946592
0.2213442178531007
0.22143055419466515
0.22150410740050575
0.2215655434749852
0.22175312465038055
0.22196017831480974
0.2221465688622579
0.22231280914112173
0.22245950013895543
0.22258712997302516
0.2226962281618678
0.2227873224803516
0.22286093764061718
0.2229175924264987
0.22295781085708483
0.2229821030213923
0.2229909757077203
0.22298492951923932
0.22296445832114817
0.22293004874060748
0.22288217971842195
0.22282132211044683
0.22274793833686435
0.22266248207717854
0.22256539800878825
0.2224571215867842
0.22233807886262957
0.2222086863394194
0.2220693508613644
0.22192046953517777
0.2217624296810578
0.22159560881106458
0.22142037463276992
0.22123708507600595
0.22104608834080466
0.22084772296446162
0.22064231790615724
0.22043019264707028
0.22021165730456438
0.21998701275888316
0.21975655079071915
0.21952055422853886
0.21927929710416774
0.21903304481562422
0.21878205429594721
0.21852657418707067
0.21826684501783003
0.21800309938515522
0.21773556213767678
0.217464450561079
0.2171899745644453
0.2169123368670057
0.21663173318485374
0.21634835241692815
0.21606237683000198
0.21577398224219696
0.215483338204728
0.2151906081814295
0.21489594972597212
0.21459951465641763
0.21430144922687164
0.21400189429620517
0.213700985493506
0.2133988533802951
0.21309562360929749
0.21279141707971802
0.21248635008899475
0.21218053448095958
0.21187407779027032
0.21156708338332633
0.21125965059543786
0.2109518748643885
0.21064384786031778
0.2103356576120821
0.21002738862994808
0.2097191220248041
0.2094109356239162
0.20910290408314597
0.2087950989959121
0.20848758899872988
0.20818043987357754
0.20787371464700366
0.20756747368619347
0.2072617747918577
0.2069566732882881
0.20665222211042764
0.2063484718881079
0.20604547102748533
0.20574326578992486
0.20544190036811844
0.20514141695974225
0.20484185583863526
0.20454325542356397
0.20424565234463912
0.20394908150755225
0.20365357615554552
0.20335916792925757
0.2030658869246127
0.2027737617485757
0.202482819573101
0.20219308618715182
0.2019045860469152
0.2016173423243354
0.20133137695384098
0.20104671067756136
