1.4944
1.4888322629217479
1.4867113781675831
1.4859467608988537
1.4857460787052916
1.4857748296532707
1.485892209022114
1.486039323504419
1.4861918767079503
1.486340148797964
1.486480531716528
1.4866119552507704
1.4867343817757064
1.4868481750387619
1.4869538376252687
1.4870519035312828
1.4871428957048336
1.4872273105840377
1.4873056136801455
1.4873782395339703
1.48744559327752
1.487508052669963
1.4875659701610071
1.4876196748182566
1.4876694740704635
1.4877156552657365
1.4877584870591443
1.4877982206955231
1.4878350909444324
1.487869317340808
1.4879011049428326
1.4879306451835903
1.4879581166291693
1.4879836856796198
1.4880075072226615
1.4880297252473653
1.488050473423724
1.4880698756539283
1.4880880465982615
1.4881050921798067
1.488121110069573
1.4881361901542751
1.4881504149878446
1.488163860227866
1.488176595056938
1.4881886825900807
1.4882001802676663
1.4882111402340972
1.4882216097021108
1.488231631302931
1.488241243421399
1.4882504805166539
1.4882593734278249
1.4882679496648459
1.4882762336843107
1.4882842471503486
1.488292009180865
1.4882995365791964
1.4883068440511016
1.4883139444079212
1.4883208487561368
1.488327566673144
1.4883341063706745
1.4883404748455238
1.488346678018367
1.4883527208616398
1.4883586075160056
1.4883643413973173
1.4883699252933729
1.4883753614521018
1.4883806516608102
1.4883857973180337
1.488390799497532
1.4883956590058722
1.4884003764335347
1.4884049522001401
1.4884093865946675
1.488413679810359
1.4884178319756483
1.4884218431808207
1.488425713500981
1.488429443015888
1.4884330318267451
1.4884364800703764
1.4884397879309677
1.488442955649712
1.488445983532785
1.488448871957198
1.4884516213758463
1.4884542323206635
1.4884567054051032
1.488459041325388
1.4884612408611815
1.4884633048752562
1.488465234312799
1.4884670302001948
1.4884686936430807
1.4884702258245235
1.4884716280024959
1.4884729015073277
1.488474047738977
1.488475068164016
1.4884759643127055
1.488476737728545
1.4884773901946924
1.4884779232900822
1.488478338801737
1.4884786385332047
1.4884788243317326
1.4884788980860733
1.4884788617236555
1.4884787172079406
1.4884784665353046
1.4884781117325454
1.4884776548539889
1.4884770979788764
1.4884764432088766
1.4884756926655556
1.488474848488027
1.4884739128306046
1.4884728878605742
1.4884717757561374
1.4884705787042112
1.4884692988986237
1.4884679385379957
1.488466499824104
1.4884649849600675
1.4884633961486655
1.4884617355906404
1.4884600054833275
1.488458208019162
1.4884563453841275
1.4884544197565264
1.4884524333057403
1.488450388190937
1.4884482865600128
1.4884461305483767
1.488443922277981
1.4884416638562965
1.4884393573754375
1.488437004911197
1.4884346085222848
1.4884321702494827
1.4884296921148692
1.488427176121246
1.4884246242513437
1.4884220384672968
1.4884194207099672
1.4884167728985036
1.4884140969298285
1.4884113946781297
1.4884086679943989
1.4884059187061411
1.4884031486169547
1.4884003595061037
1.4883975531283975
1.488394731213783
1.4883918954670603
1.4883890475678503
1.488386189170182
1.4883833219024483
1.4883804473672062
1.4883775671411335
1.4883746827747595
1.4883717957925606
1.4883689076928073
1.4883660199474915
1.4883631340024488
1.4883602512771295
1.488357373164735
1.4883545010323895
1.4883516362208282
1.4883487800447617
1.4883459337928275
1.4883430987276849
1.4883402760860673
1.488337467079018
1.488334672891806
1.488331894684363
1.4883291335910234
1.488326390721066
1.4883236671586149
1.4883209639629345
1.488318282168554
1.4883156227855394
1.4883129867994973
1.4883103751720401
1.4883077888407186
1.4883052287195093
1.488302695698762
1.4883001906456759
1.4882977144043639
1.488295267796112
1.488292851619753
1.4882904666516854
1.4882881136462478
1.488285793336049
1.4882835064320588
1.4882812536239969
1.4882790355805002
