1.611425547715951
1.5984746156737704
1.5918539266449026
1.587521405946022
1.5837971331043004
1.5800002656807504
1.5758713431630793
1.5713275392905193
1.566359068941452
1.560985419807803
1.5552369227620246
1.5491470433099173
1.542749202392678
1.536075506410529
1.529156279153437
1.5220199284381664
1.5146929507460736
1.5071999912784981
1.499563924901457
1.4918059436381694
1.4839456448213189
1.476001117540985
1.467989026482855
1.459924692847371
1.4518221722776705
1.4436943298153166
1.435552911931783
1.427408615731241
1.4192711551587318
1.411149324757935
1.4030510604507742
1.3949834977318434
1.3869530272257689
1.378965347651064
1.371025516234164
1.363137996617744
1.3553067043095361
1.3475350497216068
1.3398259788517408
1.3321820116635903
1.3246052782243836
1.3170975526632382
1.3096602850159877
1.3022946310258117
1.2950014799710252
1.2877814805947732
1.280635065212301
1.2735624720735577
1.2665637660598814
1.2596388577944804
1.2527875212458115
1.2460094099037993
1.239304071607495
1.2326709621021679
1.2261094574023526
1.219618865035729
1.2131984342410254
1.2068473651907101
1.2005648173066605
1.1943499167350828
1.1882017630438295
1.182119435201991
1.1761019968999198
1.1701485012636368
1.1642579950152558
1.1584295221283096
1.1526621270227975
1.1469548573435138
1.1413067663606113
1.135716915030084
1.1301843737478625
1.1247082238298898
1.1192875587467335
1.1139214851401593
1.1086091236459201
1.1033496095452286
1.0981420932656665
1.0929857407495713
1.087879733707289
1.0828232697700297
1.0778155625560315
1.0728558416624183
1.0679433525935262
1.063077356635484
1.0582571306856334
1.0534819670444668
1.0487511731769674
1.0440640714487976
1.0394199988432473
1.034818306662645
1.030258360218771
1.0257395385152346
1.0212612339250138
1.016822851865283
1.0124238104719439
1.0080635402754858
1.0037414838794176
0.9994570956429862
0.9952098413686261
0.9909991979952774
0.9868246532981061
0.9826857055949862
0.9785818634603141
0.9745126453940409
0.9704775797814349
0.9664762042370966
0.9625080656586047
0.9585727198771196
0.9546697314209804
0.9507986732839875
0.9469591267001448
0.9431506809255545
0.9393729330269703
0.9356254876775031
0.9319079569587014
0.9282199601691674
0.9245611236394506
0.9209310805528975
0.9173294707723751
0.9137559406725716
0.9102101429777318
0.9066917366046785
0.9032003865107269
0.8997357635466299
0.8962975443139626
0.8928854110272227
0.8894990513801261
0.8861381584160785
0.8828024304026013
0.8794915707097607
0.8762052876922111
0.8729432945747134
0.869705309341241
0.8664910546273714
0.8633002576157879
0.860132649934955
0.8569879675606328
0.8538659507203423
0.85076634380053
0.8476888952564323
0.8446333575244204
0.8415994869368937
0.8385870436394841
0.835595791510565
0.8326254980830701
0.8296759344683095
0.826746875281971
0.8238380985720205
0.8209493857486372
0.8180805215159637
0.8152312938056352
0.8124014937120584
0.8095909154294562
0.8067993561904648
0.8040266162062759
0.8012724986084638
0.798536809392132
0.7958193573605253
0.7931199540711674
0.7904384137831251
0.7877745534057472
0.7851281924485833
0.7824991529725936
0.7798872595424154
0.7772923391799543
0.7747142213189664
0.7721527377607386
0.7696077226309227
0.7670790123371947
0.7645664455280737
0.7620698630527319
0.7595891079214689
0.7571240252674184
0.7546744623089435
0.7522402683129336
0.7498212945589068
0.7474173943040096
0.7450284227486327
0.7426542370030428
0.7402946960544072
0.7379496607349221
0.7356189936903381
0.7333025593493391
0.7310002238935076
0.7287118552280025
0.7264373229527255
0.7241764983343231
0.7219292542785265
0.7196954653033274
0.7174750075124637
0.7152677585696983
0.7130735976734422
0.7108924055319795
0.7087240643392623
0.7065684577510261
0.7044254708615463
0.7022949901808605
0.7001769036123222
0.69807110043074
0.6959774712608531
