-12.646860741593004
-13.8357900460847
-13.945099992339872
-14.044504357513445
-14.136184910398729
-14.220992554517975
-14.299529400049117
-14.372316032495542
-14.439819800140267
-14.502467160014225
-14.560645354905592
-14.614708151193321
-14.664978938675464
-14.71175371845607
-14.755303723767613
-14.795877732189341
-14.833704115964718
-14.868992668359
-14.901936237174876
-14.932712191148585
-14.961483740644594
-14.988401130608715
-15.013602720946535
-15.037215967213848
-15.05935831264547
-15.080138001011365
-15.099654818513946
-15.118000771879391
-15.135260708901399
-15.151512886944
-15.166829494267944
-15.181277128499866
-15.194917236091916
-15.207806516213651
-15.219998305165474
-15.231537846795916
-15.242472765816098
-15.2528431745099
-15.262687052930815
-15.272039460388392
-15.280932764731432
-15.289396851530018
-15.297459316611628
-15.305145643546497
-15.312479367316199
-15.319482225262762
-15.326174296319445
-15.332574129444067
-15.338698862097914
-15.344564329548117
-15.3501851657073
-15.35557489616867
-15.360746024041777
-15.365710109147138
-15.370477841083616
-15.375059106642809
-15.37946305200692
-15.383698140133346
-15.387772203697738
-15.391692493937981
-15.395465725715981
-15.399098119088713
-15.402595437658041
-15.40596302394825
-15.409205832040186
-15.412328457674112
-15.415335166016916
-15.418229917273692
-15.421016390310685
-15.42369800444314
-15.426277939529818
-15.428759154505507
-15.431144404472322
-15.433436256461327
-15.435637103967313
-15.437749180352501
-15.439774571205902
-15.441715225740314
-15.443572967300872
-15.44534950305471
-15.447046432924823
-15.448665257827697
-15.450207387240042
-15.451674146309642
-15.45306678214915
-15.454386469870734
-15.455634318146013
-15.456811374113558
-15.45791862814375
-15.458957018106249
-15.459927433371117
-15.460830718349131
-15.461667676061477
-15.462439070963907
-15.46314563209541
-15.463788055544324
-15.464367006922123
-15.464883123604324
-15.465337016795837
-15.465729273434972
-15.466060457947453
-15.466331113863921
-15.466541765309584
-15.466692918377449
-15.466785062393305
-15.466818671081509
-15.466794203638498
-15.4667121057218
-15.466572810360928
-15.466376738795782
-15.46612430124889
-15.465815897635556
-15.465451918217555
-15.465032744204219
-15.464558748304972
-15.464030295236759
-15.463447742190347
-15.462811439257742
-15.462121729824062
-15.46137895092648
-15.460583433582354
-15.459735503088918
-15.45883547929603
-15.457883676854767
-15.4568804054425
-15.45582596996641
-15.454720670746644
-15.453564803680598
-15.452358660388908
-15.451102528344554
-15.449796690985583
-15.44844142781272
-15.447037014471462
-15.445583722820382
-15.444081820985264
-15.442531573399526
-15.440933240831313
-15.43928708039738
-15.437593345563462
-15.435852286131354
-15.434064148212501
-15.432229174187338
-15.430347602650883
-15.428419668343093
-15.426445602063835
-15.424425630571994
-15.422359976467432
-15.420248858055594
-15.41809248919357
-15.41589107911714
-15.413644832249059
-15.411353947988314
-15.409018620482426
-15.406639038386528
-15.404215384615851
-15.401747836104864
-15.399236563595743
-15.396681731496164
-15.39408349787722
-15.391442014737017
-15.388757428762446
-15.38602988302535
-15.383259520482055
-15.380446488520352
-15.377590963667949
-15.374693170361583
-15.371753473812923
-15.368772628089154
-15.36575291276502
-15.361516135349012
-15.358204145371987
-15.35490411972452
-15.35159973322065
-15.348287176236957
-15.344964547517263
-15.341630332098322
-15.3382831756584
-15.334921844492184
-15.33154521255788
-15.328152252930312
-15.32474203038451
-15.32131369460461
-15.317866473910575
-15.314399669455117
-15.310912649853268
-15.307404846212345
-15.303875747531478
-15.30032489644298
-15.296751885269543
-15.29315635237338
-15.28953797877587
-15.285896485026012
-15.282231628300913
-15.278543199718989
-15.274831021851076
-15.271094946414244
-15.26733485213467
-15.263550642767044
-15.25974224525862
-15.255909608047315
