21.59544
21.64781555222582
21.6844987531048
21.72989281258822
21.780234506391785
21.833176469705222
21.887317205707728
21.941820306615252
21.99618647351581
22.050117422488864
22.103434676485413
22.15603112252286
22.20784212217428
22.258828288158455
22.308965220159884
22.358237391567037
22.406634511842597
22.454149365263497
22.500776530062492
22.546511622567657
22.591350854421673
22.635290776541552
22.67832813451726
22.720459790588833
22.76168268549635
22.801993824330744
22.84139027697702
22.879869187605372
22.91742778997788
22.954063426729356
22.989773571622912
23.024555854299976
23.05840808737321
23.09132829593014
23.12331474967441
23.154365998059586
23.184480908887288
23.21365871095941
23.241899041501732
23.269201999221703
23.295568204032236
23.32099886467068
23.345495855674464
23.369061805446687
23.39170019745603
23.413415486968532
23.434213236085274
23.454100270284084
23.473084859925127
23.491176930522276
23.50838830539772
23.524732983714035
23.540227467418557
23.554891073323894
23.568746357242837
23.581819456058565
23.594140440183562
23.60574354729895
23.616667188796832
23.626953545707092
23.636647495425894
23.645794549874385
23.654437501185182
23.66261166790772
23.670339126010344
23.67762308517315
23.684444301232798
23.690761426294937
23.69651597552262
23.70164057771066
23.7060677570748
23.709736547688077
23.712596643254635
23.714608436446483
23.715742425457766
23.715977367951975
23.715298393570865
23.713695348824643
23.71116149490166
23.707692546348152
23.703285980252442
23.697940548488802
23.691655940604843
23.684432553341463
23.676271332867824
23.6671736665487
23.65714130810004
23.646176325351824
23.63428106318042
23.621458116722483
23.607710311531825
23.593040688441878
23.577456610713945
23.560955833472374
23.54354259521698
23.52522107614724
23.505991350792097
23.485863381920883
23.464840931218294
23.44292811981997
23.4201300569305
23.396450400992496
23.371894073333788
23.346466117964763
23.320171699352834
23.293016101635676
23.265004726380965
23.23614308950328
23.20643681771348
23.17589164472455
23.144513407348477
23.112308041564145
23.079281578605197
23.0454401410971
23.01078993926156
22.97533726719944
22.93908849925896
22.902050086493546
22.864228553212133
22.825630493623414
22.78626256857483
22.746131502387094
22.705244079783494
22.663607142914536
22.62122758847656
22.578112364924003
22.534268469774045
22.489702947002574
22.44442288453009
22.39843541179593
22.35174769741974
22.3043669469467
22.256300400677812
22.207555331579975
22.158139043275728
22.10805886811002
22.05732216529165
22.005936319107434
21.953908737206707
21.90124684895364
21.847958103845208
21.794049969992372
21.73952993266208
21.684405492877687
21.62868416607531
21.572373480813937
21.51548097753663
21.458014207380774
21.39998073103475
21.34138811763907
21.282243943729405
21.222555792219456
21.162331251421506
21.101577914102602
21.04030337657397
20.978515237812147
20.91622109860948
20.853428560752373
20.790145226225167
20.726378696438285
20.662136571478463
20.597426449379945
20.5322559254146
20.466632591399847
20.4005640350226
20.334057839178367
20.26712158132345
20.19976283283997
20.131989158411503
20.06380811540921
19.99522725328675
19.926254112983113
19.856896226332886
19.78716111548244
19.71705543279887
19.64658755725719
