-992.8358090828089
-688.8378918234971
-685.9143091204314
-683.1081179720904
-680.4424168161702
-677.9174384310704
-675.5283245696764
-673.2690487340905
-671.1333736760489
-669.115131193366
-667.2083295301958
-665.4072053782945
-663.7062511330698
-662.100227839292
-660.5841688162121
-659.1533770101363
-657.8034181523443
-656.5301111920556
-655.3295170533169
-654.1979264630994
-653.13184737933
-652.1279923884744
-651.1832663265681
-650.2947542933852
-649.459710168439
-648.6755456935194
-647.9398201549317
-647.2502306762922
-646.604603117147
-646.0008835620276
-645.4371303775571
-644.9115068108117
-644.4222740996815
-643.9677850648299
-643.5464781527305
-643.1568718997507
-642.7975597882433
-642.467205466856
-642.1645383087354
-641.8883492828048
-641.6374871148901
-641.4108547170154
-641.2074058675745
-641.0261421024072
-640.8661098668794
-640.7263977945328
-640.6061342221313
-640.5044848489537
-640.4206505552288
-640.3538653640252
-640.3033945359384
-640.2685327867648
-640.2486026191139
-640.2429527596503
-640.2509566942856
-640.2720112942653
-640.3055355266438
-640.350969243158
-640.4077720419475
-640.4754221970546
-640.5534156509699
-640.6412650658946
-640.738498929709
-640.8446607129324
-640.9593080732554
-641.0820121044778
-641.2123566269105
-641.349937516547
-641.4943620704734
-641.6452484062024
-641.8022248927605
-641.9649296115504
-642.1330098451044
-642.3061215920308
-642.483929106535
-642.6661044610523
-642.8523271305851
-643.0422835974887
-643.2356669754985
-643.43217665189
-643.6315179467533
-643.8334017884074
-644.037544404075
-644.2436670249788
-644.4514956050939
-644.6607605528385
-644.8711964750196
-645.0825419324356
-645.2945392065413
-645.506934076639
-645.7194756071007
-645.931915944157
-646.1440101218159
-646.3555158765154
-646.5661934701476
-646.7758055210846
-646.9841168429252
-647.1908942906337
-647.3959066138204
-647.5989243169133
-647.7997195259741
-647.9980658619675
-648.1937383202793
-648.3865131563044
-648.5761677769522
-648.7624806379184
-648.9452311465843
-649.1241995704348
-649.2991669508808
-649.469915022394
-649.6362261368625
-649.7978831931047
-649.9546695714563
-650.1063690733986
-650.2527658661579
-650.3936444322445
-650.5287895238956
-650.6579861224011
-650.7810194022729
-650.8976747002617
-651.0077374891906
-651.1109933566097
-651.2072279882645
-651.2962271563655
-651.3777767126747
-651.4516625863984
-651.5176707868914
-651.5755874111825
-651.6251986563087
-651.6662908364771
-651.6986504050396
-651.7220639812876
-651.7363183820509
-651.7412006581033
-651.7364981353567
-651.7219984608145
-651.6974896532748
-651.6627601587485
-651.617598910542
-651.5617953939719
-651.4951397156499
-651.4174226772694
-651.3284358538275
-651.22797167618
-651.1158235178523
-650.9917857859707
-650.8556540162109
-650.707224971611
-650.5462967450999
-650.3726688655752
-650.1861424073445
-649.986520102722
-649.7736064575804
-649.5472078695958
-649.3071327489619
-649.0531916412746
-648.7851973523193
-648.5029650744317
-648.2063125141242
-647.8950600206106
-647.5690307148827
-647.2280506189408
-646.8719487847784
-646.5005574227091
-646.1137120285797
-645.711251509435
-645.2930183071488
-644.8588585195396
-644.4086220184705
-643.9421625644235
-643.4593379170188
-642.9600099409491
-642.4440447067856
-641.9113125861076
-641.3616883404059
-640.7950512032002
-640.21128495483
-639.6102779893523
-638.9919233730177
-638.3561188937833
-637.7027671013432
-637.0317753371654
-636.3430557540577
-635.6365253247851
-634.91210583931
-634.169723890248
-633.4093108461576
-632.6308028123318
-631.8341405788059
-631.0192695553242
-630.1861396930768
-629.3347053930629
-628.4649254010011
-627.5767498718634
-626.6701700048216
-625.7451615376762
-624.8016686702152
-623.8396844096161
-622.8591906031503
-621.8601723480598
