4.97032529443335
5.03053811298293
5.091594492027542
5.153473635254679
5.216155273336138
5.279619379238934
5.343846078201033
5.408815581813853
5.4745081203939
5.5409038701872
5.607982875661368
5.675724967918333
5.744109680483595
5.8131161637740645
5.882723099498865
5.952908616143409
6.023650206553533
6.094924648493678
6.1667079289160025
6.238975172554294
6.311700575352705
6.384857343155819
6.458417636022458
6.532352518478503
6.606631915990983
6.681224577923222
6.75609804721588
6.831218637028222
6.906551414565379
6.9820601923291115
7.057707526894402
7.13345472561092
7.2092618611993835
7.285087794483215
7.360890205354386
7.436625632141554
7.512249519235231
7.587716273167271
7.6629793269911985
7.737991212877033
7.812703642753026
7.887067596764075
7.961033419251092
8.03455092188847
8.107569493549086
8.180038216398858
8.251905987674531
8.323121646428696
8.393634104732833
8.46339248241518
8.53234624461812
8.60044534139718
8.667640348331044
8.733882607406839
8.799124366641093
8.863318920221104
8.926420742861072
8.988385622807026
9.049170789965816
9.108735038790309
9.167038845109959
9.224044476134571
9.279716092917802
9.334019844633294
9.386923954089669
9.438398793989723
9.488416953523105
9.536953294968992
9.583985000075003
9.629491606069035
9.67345503125103
9.715859590200433
9.756691998721047
9.795941368727396
9.833599193354003
9.869659322640956
9.90411793021452
9.936973471439964
9.9682266335748
9.997880278493755
10.025939378592188
10.052410946501697
10.077303959271271
10.100629277678852
10.122399561342531
10.142629180298028
10.161334123699605
10.178531906288569
10.194241473248553
10.208483104046802
10.221278325022784
10.232649775838192
10.242621169510018
10.25121715996605
10.25846325812153
10.264385740354475
10.269011559194693
10.272385944773944
10.27463607046342
10.275792779883938
10.275887068822719
10.274950013008574
10.273012698914117
10.270106158791599
10.26626130968521
10.26150889674976
10.255879440049732
10.249403186412385
10.24211006439068
10.234029643410937
10.225191096609436
10.215623167282681
10.205354138815657
10.194411807944105
10.182823461200643
10.170615854390043
10.157815194936108
10.144447126941174
10.130536718799148
10.116108453204012
10.101186219397755
10.08579330750456
10.069952404801679
10.053685593781768
10.03701435186606
10.019959552633024
10.002541468432568
9.984779774261618
9.966693552782681
9.948301300373048
9.929620934098297
9.910669799509689
9.891464679171024
9.872021801826413
9.852356852126041
9.832484980832655
9.81242081543689
9.792178471114678
9.771771561965126
9.751213212471932
9.730516069136003
9.709692312231338
9.688753667640318
9.667711418728464
9.64657641822242
9.625359100058336
9.604069491171135
9.582717223198152
9.561311544073455
9.539861329491863
9.51837509422408
9.496861003266636
9.475326882812526
9.453780231030255
9.43222822864089
9.410677749284329
9.389135369667489
9.367607379488572
9.34609979113271
9.32461834913554
9.303168539412257
9.281755598250633
9.26038452106735
9.239060070927723
9.21778678682965
9.196568991753141
9.175410800477374
9.1543161271677
9.133288692735439
9.112332031973628
9.091449500472294
9.070644281317012
9.049919391574754
9.029277688571291
9.008721875964502
8.988254509618098
8.967878003280386
8.947594634072733
8.927406547792502
8.907315764035237
8.88732418114084
8.867433580968592
8.847645633505744
8.827961901314453
8.808383843821733
8.788912821457115
8.769550099642581
8.750296852639304
8.731154167255653
8.71212304642084
8.693204412628505
8.674399111254418
8.655707913752439
8.637131520732742
8.61867056492625
8.600325614039052
8.582097173500614
8.563985689109337
8.545991549579055
8.52811508898987
