-13.28085054918709
-9.255746546058042
-9.24430619507373
-9.232373295951467
-9.21999422986265
-9.207191882950722
-9.19399752072405
-9.180451915330023
-9.166602607460261
-9.152501143890419
-9.13820076827553
-9.123754577881833
-9.109214101166707
-9.094628244941706
-9.080042561543216
-9.065498783685282
-9.051034577917429
-9.03668347076794
-9.022474905394077
-9.008434393556286
-8.994583732429462
-8.980941262603004
-8.967522148149788
-8.954338664904835
-8.941400486245692
-8.928714959819521
-8.916287369812228
-8.90412118260613
-8.892218273882241
-8.880579136432072
-8.869203070899001
-8.858088355971617
-8.847232404538795
-8.836631900856535
-8.826282927222646
-8.816181070407492
-8.806321525048613
-8.796699176592801
-8.787308679469668
-8.778144524191953
-8.769201096467967
-8.760472728261488
-8.751953742449798
-8.743638490734662
-8.735521386403825
-8.727596931696002
-8.719859740596968
-8.712304557874882
-8.7049262740373
-8.697719937129772
-8.690680761507313
-8.683804134450314
-8.67708561939881
-8.670520958213398
-8.664106059754523
-8.657837043761694
-8.651710169307131
-8.645721876680858
-8.639868770660017
-8.634147614563721
-8.628555323680994
-8.623088957977105
-8.617745714632605
-8.612522920067537
-8.607418021877278
-8.602428580659131
-8.59755226183401
-8.59278682740742
-8.588130128077053
-8.58358009526405
-8.579134733624633
-8.574792113617956
-8.570550364509048
-8.56640766764434
-8.562362250166899
-8.558412378945858
-8.55455635502056
-8.550792508399212
-8.547119193179473
-8.54353478308663
-8.540037667385985
-8.536626247124623
-8.533298931735713
-8.530054135930285
-8.526890276930505
-8.523805771951817
-8.520799035831203
-8.51786847926767
-8.515012506750024
-8.512228375250508
-8.509517890947697
-8.506876012455956
-8.504302243745581
-8.501794936559705
-8.499352428284867
-8.496973040796446
-8.494655079295883
-8.492396831117361
-8.490196564389207
-8.49019935314846
-8.490830801684018
-8.491480308569237
-8.492146967505098
-8.492829910338498
-8.49352830911873
-8.494241358478288
-8.494968278607079
-8.495708317315067
-8.496460735762575
-8.497224832113584
-8.497999919304373
-8.49878533380205
-8.499580433497176
-8.50038459711776
-8.50119722379444
-8.502017732476748
-8.502845561623037
-8.503680168654911
-8.50452102950053
-8.50536763823593
-8.506219506624337
-8.507076163688115
-8.507937155329202
-8.508802043853922
-8.509670407645682
-8.510541840695849
-8.511415952228104
-8.512292366280441
-8.51317072133611
-8.514050669949054
-8.514931878235599
-8.515814025672558
-8.51669680455134
-8.517579919703296
-8.518463088101113
-8.519346038474724
-8.520228510988671
-8.521110256813726
-8.521991037881651
-8.522870626478639
-8.523748804939238
-8.524625365280247
-8.525500108917983
-8.526372846335567
-8.527243396786064
-8.528111588012125
-8.528977255877772
-8.52984024418896
-8.530700404349824
-8.531557595121233
-8.532411682310542
-8.533262538564156
-8.534110043149655
-8.534954081617425
-8.535794545645002
-8.536631332801052
-8.537464346296305
-8.538293494780106
-8.539118692174362
-8.539939857424303
-8.540756914285092
-8.541569791244893
-8.542378421214226
-8.543182741441461
-8.54398269327348
-8.544778222093688
-8.54556927703298
-8.5463558109288
-8.547137780117904
-8.547915144324945
-8.548687866505478
-8.549455912734688
-8.550219252039069
-8.55097785631462
-8.551731700219966
-8.552480761020439
-8.553225018499305
-8.55396445484152
-8.55469905455292
-8.555428804330722
-8.556153693021253
-8.556873711487828
-8.557588852490603
-8.558299110697781
-8.55900448249882
-8.55970496602154
-8.56040056099358
-8.561091268691104
-8.561777091869704
-8.562458034686323
-8.56313410265677
-8.563805302561422
-8.564471642450503
-8.565133131500597
-8.565789779991526
-8.566441599308348
-8.56708860179221
-8.567730800800904
-8.568368210574118
-8.569000846210349
-13.28085054918709
-9.255746546058042
-9.24430619507373
-9.232373295951467
-9.21999422986265
-9.207191882950722
-9.19399752072405
-9.180451915330023
-9.166602607460261
-9.152501143890419
-9.13820076827553
-9.123754577881833
-9.109214101166707
-9.094628244941706
-9.080042561543216
-9.065498783685282
-9.051034577917429
-9.03668347076794
-9.022474905394077
-9.008434393556286
-8.994583732429462
-8.980941262603004
-8.967522148149788
-8.954338664904835
-8.941400486245692
-8.928714959819521
-8.916287369812228
-8.90412118260613
-8.892218273882241
-8.880579136432072
-8.869203070899001
-8.858088355971617
-8.847232404538795
-8.836631900856535
-8.826282927222646
-8.816181070407492
-8.806321525048613
-8.796699176592801
-8.787308679469668
-8.778144524191953
-8.769201096467967
-8.760472728261488
-8.751953742449798
-8.743638490734662
-8.735521386403825
-8.727596931696002
-8.719859740596968
-8.712304557874882
-8.7049262740373
-8.697719937129772
-8.690680761507313
-8.683804134450314
-8.67708561939881
-8.670520958213398
-8.664106059754523
-8.657837043761694
-8.651710169307131
-8.645721876680858
-8.639868770660017
-8.634147614563721
-8.628555323680994
-8.623088957977105
-8.617745714632605
-8.612522920067537
-8.607418021877278
-8.602428580659131
-8.59755226183401
-8.59278682740742
-8.588130128077053
-8.58358009526405
-8.579134733624633
-8.574792113617956
-8.570550364509048
-8.56640766764434
-8.562362250166899
-8.558412378945858
-8.55455635502056
-8.550792508399212
-8.547119193179473
-8.54353478308663
-8.540037667385985
-8.536626247124623
-8.533298931735713
-8.530054135930285
-8.526890276930505
-8.523805771951817
-8.520799035831203
-8.51786847926767
-8.515012506750024
-8.512228375250508
-8.509517890947697
-8.506876012455956
-8.504302243745581
-8.501794936559705
-8.499352428284867
-8.496973040796446
-8.494655079295883
-8.492396831117361
-8.490196564389207
-8.49019935314846
-8.490830801684018
-8.491480308569237
-8.492146967505098
-8.492829910338498
-8.49352830911873
-8.494241358478288
-8.494968278607079
-8.495708317315067
-8.496460735762575
-8.497224832113584
-8.497999919304373
-8.49878533380205
-8.499580433497176
-8.50038459711776
-8.50119722379444
-8.502017732476748
-8.502845561623037
-8.503680168654911
-8.50452102950053
-8.50536763823593
-8.506219506624337
-8.507076163688115
-8.507937155329202
-8.508802043853922
-8.509670407645682
-8.510541840695849
-8.511415952228104
-8.512292366280441
-8.51317072133611
-8.514050669949054
-8.514931878235599
-8.515814025672558
-8.51669680455134
-8.517579919703296
-8.518463088101113
-8.519346038474724
-8.520228510988671
-8.521110256813726
-8.521991037881651
-8.522870626478639
-8.523748804939238
-8.524625365280247
-8.525500108917983
-8.526372846335567
-8.527243396786064
-8.528111588012125
-8.528977255877772
-8.52984024418896
-8.530700404349824
-8.531557595121233
-8.532411682310542
-8.533262538564156
-8.534110043149655
-8.534954081617425
-8.535794545645002
-8.536631332801052
-8.537464346296305
-8.538293494780106
-8.539118692174362
-8.539939857424303
-8.540756914285092
-8.541569791244893
-8.542378421214226
-8.543182741441461
-8.54398269327348
-8.544778222093688
-8.54556927703298
-8.5463558109288
-8.547137780117904
-8.547915144324945
-8.548687866505478
-8.549455912734688
-8.550219252039069
-8.55097785631462
-8.551731700219966
-8.552480761020439
-8.553225018499305
-8.55396445484152
-8.55469905455292
-8.555428804330722
-8.556153693021253
-8.556873711487828
-8.557588852490603
-8.558299110697781
-8.55900448249882
-8.55970496602154
-8.56040056099358
-8.561091268691104
-8.561777091869704
-8.562458034686323
-8.56313410265677
-8.563805302561422
-8.564471642450503
-8.565133131500597
-8.565789779991526
-8.566441599308348
-8.56708860179221
-8.567730800800904
-8.568368210574118
-8.569000846210349
