174351.44483999998
539204.7806489302
540694.418321503
542581.3301863287
544716.6538447512
546915.5511567029
549102.8733583152
551226.1329911437
553254.2455283096
555169.9422894104
556964.9317858578
558636.7568598882
560186.7292962824
561618.5509613398
562937.3884319096
564149.2446649824
565260.536902991
566277.8081792039
567207.538344962
568056.0170088263
568829.2646141538
569532.9860034927
570172.5453545335
570752.9565823242
571278.88438268
571754.654296906
572184.2645865543
572571.4038250085
572919.4674940568
573231.5774609175
573510.6002768847
573759.1665246875
573979.6877077048
574174.3745664648
574345.2518675287
574494.1738456592
574622.8394947371
574732.8053192237
574825.4969386363
574902.2202676513
574964.1733049228
575012.4540935343
575048.0712415739
575071.9500174626
575084.9412589576
575087.8270179097
575081.327616086
575066.1066984907
575042.7766333938
575011.9024596966
574974.0073367687
574929.5756033943
574879.0563980552
574822.8669584603
574761.3956678946
574695.0045240188
574624.0312303808
574548.7926191884
574469.585111541
574386.6873343835
574300.361928788
574210.8565786715
574118.405705854
574023.2317807775
573925.5460493666
573825.5500295018
573723.4361575769
573619.3889871973
573513.585594402
573406.196055136
573297.3850773463
573187.3118105783
573076.1301854611
572963.9908469248
572851.0397607121
572737.4186339877
572623.2683471806
572508.7245193656
572393.9225239314
572278.9939267139
572164.0690964304
572049.2772302894
571934.7455695161
571820.6001387015
571706.9661471626
571593.9682795864
571481.7296563942
571370.3736443208
571260.0230513626
571150.8002586927
571042.8277621908
570936.2276980527
570831.1227224566
570727.6352542111
570625.8881395737
570526.0044534276
570428.1078419619
570332.3223320214
570238.7725271323
570147.5836332421
570058.8816802027
569972.792973451
569889.4453753282
569808.9671378969
569731.4873094368
569657.1362185905
569586.0448710417
569518.3455812987
569454.1716756243
569393.6575486531
569336.9388703406
569284.1525486951
569235.4365769938
569190.9305889804
569150.7751219523
569115.1128106208
569084.0865899865
569057.8417799934
569036.5250339708
569020.2843510295
569009.269496354
569003.6315384805
569003.5236822237
569009.1003847786
569020.5179327494
569037.9346163755
569061.5101145185
569091.4064220162
569127.7870735181
569170.8175758172
569220.665327174
569277.4999396692
569341.4928960707
1048189.9125360808
1039194.4812197827
1030500.4822255494
1022098.6706702631
1013979.9043367462
1006135.2108995175
998555.8269598945
991233.2232926885
984159.1206772567
977325.4978590551
970724.5962740402
964348.9207126372
958191.2341863114
952244.5596484831
946502.1710900437
940957.5889198543
935604.57314233
930437.116991995
925449.439168917
920635.9769858533
915991.3790110693
911510.4974580494
907188.3811641448
903020.2684896907
899001.5802799367
895127.913138546
891395.03249004
887798.8667596912
884335.5005746993
881001.1687723007
877792.2512634186
874705.2664607529
871736.8666004272
868883.8321223286
866143.0670366273
863511.5937828606
860986.5488006488
858565.1781278481
856244.8329356819
854022.9648432693
851897.125443158
849864.9571142783
847924.1932667425
846072.6540485299
844308.2428636766
842628.9434027533
841032.8169742574
839517.9993710124
838082.6983552199
836722.0035809063
835440.6210593876
834233.7877134641
833103.2112083634
832040.9771298468
831048.8999196022
830125.6367812873
829269.9042772175
828480.4791112109
827756.1987361272
827095.9638888076
826498.7419958072
825963.5737623929
825489.5825629829
825075.9899329586
824722.1401149728
824427.5409166745
824191.9334911018
