595.91928
590.5536315769532
585.2241737253067
579.9535267531936
574.7368344900716
569.5710853109306
564.4544620735273
559.3858548225858
554.3645698007559
549.3901561568318
544.4623028392379
539.5807773183909
534.7453892289311
529.9559688537465
525.2123544448718
520.5143848039601
515.8618949914764
511.25471389542776
506.69266290366176
502.1755552294342
497.70319562194044
493.27538030187714
488.8918970265961
484.55252522778574
480.25703618741943
476.00519323124297
471.7967519270736
467.63146027987426
463.5090589182877
459.42928126883254
455.39185371476253
451.3964957369291
447.4429200340364
443.53083261951747
439.6599328919516
435.8299136754895
432.04046122618655
428.2912551994306
424.5819685728075
420.9122675177392
417.2818112120504
413.69025158424984
410.1372329787521
406.62239172952115
403.1453556277351
399.70574326715655
396.3031632491468
392.93721322812746
389.60747877822035
386.31353206442543
383.0549303083412
379.8312140527953
376.6419052485122
373.4865050953801
370.36449243655187
367.275322020384
364.21842378064457
361.19320374260775
358.19904777875365
355.2353299561645
352.30142774465634
349.3967465805455
346.5207555998034
343.6730338708388
340.85332145584835
338.06156281219745
335.29792499785157
332.56277570563276
329.8566193637384
327.1800076162503
324.53345106952725
321.9173558311892
319.33198896856203
316.7774786528525
314.25382742582275
311.76093441580696
309.2986186684652
306.8666399267614
304.4647154856361
302.09253313355083
299.7497607828684
297.4360534752238
295.15105839310735
292.8944184087985
290.66577457972164
288.46476789662427
286.291040503486
284.1442365485888
282.02400277716237
279.9299889439707
277.8618481003878
275.81923679392554
273.80181571588594
271.8092466739202
269.84119809956314
267.89734198059034
265.9773534621043
264.0809141151196
262.2077064940566
260.35741729482083
258.5297374510803
256.7243612057111
254.94098735149095
253.17931853363694
251.4390612389865
249.719925784306
248.02162630088796
246.34388071631597
244.68641073396205
243.04894181057946
241.43120313223167
239.8329275887255
238.2538517466729
236.69371582127692
235.15226364692407
233.6292426466532
232.1244038005665
230.63750161324458
229.16829408022386
227.71654265359604
226.28201220678434
224.86447099855428
223.4636906363168
222.0794460387687
220.71151539793863
219.3596801406818
218.0237248896784
216.70343742398902
215.398608639217
214.10903250732545
212.8345060361595
211.5748292287251
210.32980504225873
209.09923934714578
207.8829408857243
206.68072123101828
205.49239474544018
204.3177785395039
203.15669243058403
202.00895890175906
200.87440306077332
199.75285259915051
198.64413775149148
197.54809125498568
196.46454830916596
195.3933465359336
194.33432593987905
193.28732886892348
192.25219997530345
191.2287861769198
190.21693661907128
189.21650263659097
188.22733771640313
187.2492974605154
186.2822395494617
185.32602370620845
184.38051166053592
183.44556711390618
182.52105570482587
181.60684497471328
180.70280433427655
179.80880503040916
178.92472011360758
178.0504244059162
177.18579446940169
176.33070857515995
175.48504667285636
174.64869036080117
173.82152285655872
173.0034289680904
172.1942950654296
171.3940090528863
170.60246034177928
169.8195398236913
169.04513910481876
168.27915257052254
