-196.32784610481576
-104.93039487757052
-102.41749762330014
-100.06134447577975
-97.8593274010104
-95.80016630322544
-93.8719273837472
-92.06356335826813
-90.36511447696923
-88.76764157674057
-87.26311645922831
-85.8443157161673
-84.50472617923599
-83.23846226705366
-82.04019399516677
-80.90508426227586
-79.828734146937
-78.80713511102019
-77.83662715978524
-76.91386214406502
-76.03577150732168
-75.19953788087001
-74.4025700163909
-73.64248061797477
-72.91706669814093
-72.22429213520887
-71.56227215443084
-70.9292594936341
-70.3236320468135
-69.74388180699374
-69.18860495352631
-68.65649294937747
-68.14632453145936
-67.65695849207097
-67.1873271624419
-66.73643052050548
-66.3033308546469
-65.88714792348641
-65.48705455897286
-65.10227266631466
-64.73206957972486
-64.37575473769813
-64.03267662872354
-63.70222009693672
-63.3838036303106
-63.07687719216924
-62.780919996009224
-62.49543855150197
-62.21996485104359
-61.95405469872578
-61.697286168827276
-61.44925818223072
-61.20958919034831
-60.97791595716382
-60.753892430929056
-60.53718869787275
-60.32749001101072
-60.12449588780624
-59.9279192710097
-59.737485747539594
-59.55293282073087
-59.37400923170515
-59.20047432599585
-59.03209746190279
-58.86865745736422
-58.70994207240683
-58.55574752449143
-58.40587803429794
-58.26014539969853
-58.11836859585642
-57.98037339955586
-57.84599203602649
-57.71506284665861
-57.587429976141784
-57.46294307766723
-57.3414570349479
-57.222831699899324
-57.10693164491912
-56.993625928779366
-56.88278787522129
-56.77429486341075
-56.66802812947222
-56.563872578376944
-56.46171660551476
-56.361451927324396
-56.262973420402325
-56.16617896855065
-56.070969317262474
-55.97724793517577
-55.88492088206052
-55.79389668293114
-55.70408620790499
-55.61540255745132
-55.52776095269829
-55.441078630487915
-55.35527474288572
-55.2702702608753
-55.18598788197697
-55.10235194155459
-55.01928832758025
-54.936724398646305
-54.85458890502332
-54.772811912575044
-54.6913247293517
-54.610059834693836
-54.52895081068656
-54.44793227581344
-54.36693982066753
-54.28590994558276
-54.20478000005835
-54.12348812385168
-54.041973189623825
-53.96017474702597
-53.87803296811987
-53.79548859403122
-53.71248288273589
-53.62895755788772
-53.54485475859684
-53.460116990069764
-53.37468707502955
-53.28850810583381
-53.20152339721101
-53.11367643954135
-53.0249108526043
-52.93517033972348
-52.844398642236754
-52.75253949422323
-52.65953657741815
-52.56533347625156
-52.469873632943134
-52.373100302590494
-52.27495650818689
-52.1753849955063
-52.07432818779327
-51.971728140197634
-51.86752649389234
-51.761664429814736
-51.65408262197324
-51.54472119025794
-51.433519652699395
-51.320416877116315
-51.20535103209566
-51.08825953724919
-50.969079012689214
-50.847745227671936
-50.72419304835167
-50.598356384596855
-50.47016813581481
-50.33956013573787
-50.206463096125
-50.070806549332
-49.932518789712944
-49.79152681381243
-49.64775625931596
-49.50113134272861
-49.351574795759646
-49.19900780039366
-49.04334992263692
-48.88451904493848
-48.722431297287905
-48.55700098700958
-48.38814052727681
-48.21576036439009
-48.03976890387006
-47.860072435437985
-47.67657505697275
-47.4891785975519
-47.29778253970887
-47.102283941062616
-46.90257735550239
-46.69855475414407
-46.490105446304035
-46.27711600077671
-46.059470167742
-45.837048801673035
-45.609729785664484
-45.377387957656325
-45.139895039082575
-44.89711956654422
-44.64892682717123
-44.39517879841349
-44.13573409308322
-43.8704479105617
-43.599171995170934
-43.321754602820995
-43.03804047714767
-42.74787083647192
-42.45108337304002
-42.147512266132274
-41.83698821076964
-41.51933846389408
-41.19438691005521
-40.86195414879625
-40.52185799936512
-40.17391124494265
-39.81792799406729
-39.45371516431986
-39.08107974544839
-38.69982599298424
-38.30975632143013
