135250.8683471182
337157.18761913275
337863.00647354516
338527.4257526067
339153.25563663064
339740.88453200867
340290.8812099689
340804.0345788305
341281.32528363186
341723.8953696742
342133.0111713274
342510.06473297015
342856.5017316111
343173.8276944957
343463.5784799286
343727.30026590347
343966.5329243234
344182.7954687691
344377.57396820176
344552.3116858224
344708.40125859453
344847.17871746584
344969.9191420636
345077.8337448636
345172.0681875279
345253.70194317726
345323.7485325496
345383.1564775578
345432.8108321949
345473.5351669059
345506.0938983491
345531.19487116474
345549.4921126145
345561.5886928129
345568.0396353141
345569.354832019
345566.00192594907
345558.4091324075
345546.9679760135
345532.0359264108
345513.9389203503
345492.97376182093
345469.4103948458
345443.49404670164
345415.44724104344
345385.47168242786
345353.7500149379
345320.4474587304
345285.7133289071
345249.68244200933
345212.47641552053
345174.2048659011
345134.9665113218
345094.85018444795
345053.9357614275
345012.2950123799
344969.9923790262
344927.08568451786
344883.6267806257
344839.66213696415
344795.23337672354
344750.3777632262
344705.12864133745
344659.515837242
344613.5660203896
344567.30303062504
344520.74817357364
344473.9204871327
344426.83698161494
344379.51285585336
344331.9616916783
344284.1956284742
344236.2255200125
344188.0610748825
344139.7109824872
344091.18302567716
344042.4841814828
343993.6207111378
343944.5982403385
343895.4218309386
343846.09604464896
343796.62499995105
343747.0124224633
343697.2616899127
343647.3758719637
343597.3577654942
343547.2099260216
343496.9346953266
343446.53422610904
343396.0105036429
343345.36536496354
343294.60051578924
346160.61481046234
346076.36184773897
345993.16393921117
345910.7384927421
345828.8868518644
345747.4692023394
345666.38702223316
345585.57078491227
345504.97133360436
345424.5538270131
345344.2934871807
345264.1726121353
345184.1784765829
345104.3018562589
345024.53599064157
344944.8758536789
344865.3176409865
344785.8584093515
344706.495823152
344627.2279760976
344548.0532658256
344468.9703057487
344389.9778629491
344311.07481466513
344232.26011747925
344153.5327857725
344074.89187649504
343996.33647848875
343917.86570487294
343839.47868785553
343761.17457481165
343682.9525257255
343604.81171131774
343526.7513116487
343448.7705152344
343370.86851827276
343293.0445242361
343215.2977434466
343137.62739283626
343060.03269574326
342982.51288177073
342905.0671866061
342827.6948519984
342750.39512560196
342673.16726096376
342596.01051744894
342518.92416012654
342441.90745983063
342364.95969298825
342288.0801416201
342211.26809336356
342134.52284130774
342057.84368403343
341981.2299255133
341904.6808751535
341828.1958476587
341751.77416303445
341675.4151465807
341599.11812875856
341522.8824452639
341446.7074369089
341370.5924495846
341294.5368342738
341218.5399469639
341142.6011486457
341066.71980522
340990.89528754074
340915.12697130756
340839.41423703934
340763.75647010806
340688.15306058683
340612.60340328986
340537.10689776554
340461.662948143
340386.27096323477
340310.930356397
340235.6405455368
340160.40095311
340085.21100598475
340010.0701355568
339934.9777775839
339859.933372205
339784.9363639067
339709.9862015084
339635.08233809157
339560.2242309823
339485.4113417139
339410.6431360309
339335.9190838281
339261.23865907465
339186.6013398697
339112.00660837063
339037.4539507339
338962.94285713474
338888.4728217111
338814.0433425454
338739.6539216027
338665.3040647204
338590.9932816361
338516.7210858306
338442.48699465103
338368.29052912205
338294.13121408666
338220.0085780236
338145.922153109
338071.8714751937
337997.85608370387
337923.87552169175
