0.03059430063723147
0.030674439154503817
0.030767956578565146
0.030861531019975425
0.030954937794834193
0.03104816801777478
0.031141219423528817
0.03123409069151393
0.03132678115019666
0.03141929064738987
0.03151161931370641
0.03160376801072882
0.03169573744516589
0.031787528659128
0.03187914284023719
0.03197058128068357
0.03206184534260363
0.032152936429936586
0.032243855965330366
0.03233460537140905
0.03242518605574524
0.032515599398977885
0.032605846745594094
0.03269592939696135
0.03278584860625189
0.032875605574948716
0.03296520145066604
0.03305463732605231
0.033143914238575614
0.03323303317102079
0.03332199505255066
0.03341080076020726
0.03349945112074571
0.033587946912713315
0.03367628886869762
0.03376447767768277
0.033852513987462605
0.03394039840706997
0.03402813150918776
0.03411571383251625
0.034203145884076344
0.034290428141432586
0.03437756105482552
0.034464545049204376
0.0345513805261566
0.03463806786573005
0.03472460742814798
0.034810999555417214
0.0348972445728316
0.034983342790373344
0.03506929450401576
0.03515509999693209
0.03524075954061288
0.03532627339589972
0.03541164181393635
0.03549686503704489
0.03558194329953024
0.03566687682841783
0.03575166584412893
0.035836310561098365
0.03592081118833841
0.03600516792995278
0.03608938098560515
0.03617345055094471
0.036257376817992876
0.03634115997549452
0.03642480020923597
0.03650829770233278
0.03659165263549044
0.03667486518723917
0.03675793553414658
0.03684086385100862
0.0369236503110222
0.0370062950859399
0.03708879834620974
0.03717116026109963
0.03725338099881009
0.037335460726574586
0.037417399610749594
0.03749919781689495
0.03758085550984646
0.037662372853779276
0.03774375001226593
0.03782498714832703
0.03790608442447698
0.03798704200276433
0.03806786004480823
0.03814853871182963
0.03822907816468036
0.03830947856386795
0.0383897400695783
0.038469862841694895
0.03855146601090497
0.038631592327960956
0.038711492933976195
0.03879119379002635
0.038870713236021884
0.03895006424818891
0.03902925602425454
0.039108295098619815
0.0391871861276449
0.039265932443007814
0.03934453644182059
0.039422999861753086
0.03950132397510623
0.0395795097257337
0.039657557825655006
0.03973546882323109
0.039813243151276004
0.039890881161010514
0.03996838314602502
0.04004574935919157
0.04012298002459969
0.04020007534598082
0.040277035512653867
0.04035386070372129
0.04043055109103162
0.04050710684126885
0.04058352811742858
0.04065981507985901
0.040735967886996086
0.040811986695882096
0.04088787166253248
0.04096362294219343
0.041039240689524886
0.04111472505872937
0.041190076203642616
0.041265294277798195
0.0413403794344728
0.04141533182671798
0.04149015160738324
0.04156483892913169
0.041639393944451784
0.04171381680566493
0.041788107664931774
0.041862266674255584
0.041936293985485776
0.04201018975031975
0.04208395412030408
0.04215758724683629
0.042231089281165354
0.04230446037439199
0.042377700677469626
0.04245081034120453
0.04252378951625602
0.042596638353136984
0.042669357002213935
0.042741945613707075
0.042814404337690605
0.04288673332409295
0.04295893272269672
0.04303100268313892
0.043102943354911306
0.04317475488736013
0.043246437429686486
0.04331799113094637
0.043389416140050985
0.04346071260576655
0.04353188067671483
0.04360292050137284
0.043673832228073174
0.04374461600500417
0.043815271980210124
0.0438858003015909
0.04395620111690283
0.04402647457375822
0.04409662081962572
0.044166640001830314
0.044236532267553794
0.04430629776383436
0.04437593663756719
0.04444544903550432
0.04451483510425485
0.04458409499028508
0.044653228839918464
0.0447222367993359
0.04479111901457622
0.044859875631535304
0.044928506795967146
0.044997012653483694
0.04506539334955456
0.04513364902950816
0.045201779838530506
0.04526978592166642
0.04533766742381894
0.045405424489750025
0.04547305726408021
0.045540565891288846
0.04560795051571457
0.045675211281554884
0.04574234833286656
0.04580936181356582
0.04587625186742819
0.04594301863808911
0.04600966226904355
0.04607618290364619
0.04614258068511194
0.04620885575651556
0.046275008260792116
0.04634103834073727
