2.222655552
1.370017600120873
1.3696513564965827
1.3692931151223378
1.3689317307193858
1.3685663745663823
1.368197082471694
1.3678239856509506
1.3674472254972103
1.367066944199873
1.3666832837858087
1.3662963860915183
1.3659063928540114
1.365513445819908
1.3651176868622825
1.3647192581073233
1.364318302066439
1.3639149617703983
1.3635093809189547
1.36310170402232
1.362692076559453
1.3622806451323841
1.3618675576286297
1.361452963382169
1.3610370133456344
1.3606198602566948
1.3602016588112915
1.3597825658405687
1.3593627404843243
1.3589423443726611
1.3585215418028438
1.3581004999228237
1.3576793889097172
1.3572583821557405
1.3568376564503228
1.3564173921594245
1.3559977734137676
1.3555789882864457
1.3551612289755104
1.354744691987772
1.3543295783130451
1.3539160936001284
1.3535044483413752
1.3530948580323054
1.3526875433534054
1.3522827303258058
1.351880650481376
1.3514815410194398
1.3510856449573891
1.3506932112808396
1.350304495088662
1.3499197577262443
1.349539266914586
1.3491632968742446
1.3487921284375368
1.3484260491532158
1.3480653533792908
1.3477103423722065
1.3473613243591849
1.3470186145928582
1.3466825354109213
1.346353416265574
1.3460315937422906
1.3457174115762611
1.3454112206245932
1.3451133788608092
1.3448242513120057
1.3445442100026948
1.3442736338701347
1.3440129086629315
1.3437624268096346
1.3435225872819707
1.3432937954058224
1.343076462684623
1.3428710065664666
1.3426778502046581
1.3424974221858936
1.342330156224044
1.3421764908356568
1.3420368689903017
1.3419117377141387
1.3418015476851823
1.3417067527807918
1.3416278096074155
1.3415651769900832
1.341519315442758
1.3414906865979692
1.3414797526026208
1.3414869755002605
1.3415128165659966
1.341557735620354
1.3416221903144554
1.3417066353747489
1.3418115218420943
1.3419372962671487
1.3420843998872156
1.342253267776035
1.3424443279700033
1.3426580005913793
1.342894696924628
1.3431548184909645
1.3434387561268228
1.3437468890018405
1.3440795836878257
1.3444371931716605
1.3448200558913006
1.3452284947647888
1.345662816227231
1.3461233092539069
1.346610244422724
1.3471238729744184
1.3476644258735868
1.3482321129270916
1.3488271219093844
1.3494496176880455
1.3500997414474636
1.350777609883006
1.351483355444084
1.3522169615773116
1.3529785084390857
1.3537680079143923
1.3545854442148029
1.3554307734061288
1.3563039229999274
1.3572047916111012
1.3581332486871136
1.3590891343094287
1.3600722590724132
1.3610824040387335
1.3621193207768543
1.3631827314802043
1.3642723291692502
1.365387777979877
1.3665287135350335
1.3676947434032407
1.3706374098331728
1.37244617231429
1.374199471531328
1.3759135759100416
1.377600809729744
1.3792715665563309
1.3809346525201047
1.382597480090468
1.384266242606361
1.3859460748323045
1.3876411973297276
1.3893550440632978
1.391090373990179
1.3928493680243559
1.3946337129794795
1.3964446741179757
1.3982831578095336
1.40014976567209
1.4020448413868953
1.4039685112424058
1.4059207192955674
1.4079012579285874
1.409909794457456
1.4119458943531238
1.4140090415585587
1.4160986563130178
1.4182141108349162
1.42035474317326
1.4225198694870098
1.4247087949892971
1.4269208237593756
1.430697682375226
1.4363600740757698
1.442009974252687
1.4476476987699343
1.4532733263807405
1.4588875755081463
1.464491157820918
1.4700849700085945
1.4756701189929569
1.4812479464190025
1.4868200574889205
1.4923883552495714
1.497955081750309
1.5035228678435497
1.5090947939149015
1.5146744644796448
1.5202661004898512
1.5258746544241104
1.5315059549006234
1.5371668899298994
1.542865641228467
1.5486119867713894
1.5544176956903626
1.560297049842269
1.5662675418060779
1.572350822778501
1.578574011216554
1.5849715334485384
1.5915877680048598
1.5984809385331646
1.6057290101585096
1.6134389254030976
1.6217616667982584
1.630918069237562
