44.64984065067074
45.31201621392633
45.98441755447318
46.66712471924921
47.360212950323564
48.063751244290586
48.77780162371246
49.50241850654361
50.237648084181565
50.983527697471416
51.74008521129783
52.50733838964453
53.28529427284761
54.07394855853093
54.87328498758996
55.683274736602854
56.50387581817878
57.33503249097754
58.17667468142397
59.028717419470524
59.89106029110953
60.763586910684616
61.646164416385844
62.5386429926225
63.440855423246134
64.35261667983468
65.27372354944556
66.20395430639365
67.14306843270968
68.09080639197651
69.04688946124416
70.01101962562184
70.98287954005716
71.96213256258883
72.94842286311561
73.94137561138061
74.94059724752647
75.9456758380633
76.95618151961726
77.97166703223083
78.99166834335256
80.01570536296552
81.04328274956727
82.07389080594045
83.10700646284674
84.14209434794888
85.17860793643769
86.2159907789791
87.25367780180193
88.29109667292536
89.32766922777097
90.36281294667982
91.39594247622605
92.4264711856102
93.45381274903134
94.47738274403885
95.49660025666404
96.51088948263714
97.51968131477075
98.5224149063321
99.51853920041866
100.50751441561765
101.48881347860689
102.46192339483835
103.42634654902531
104.38160192782757
105.32722625787784
106.26277505311062
107.18782356622718
108.10196764004374
109.00482445540986
109.89603317333942
110.77525546994873
111.64217596373705
112.49650253565773
113.3379665433041
114.16632293136122
114.9813502412441
115.78285052354839
116.57064915757111
117.3445945827176
118.10455794708777
118.85043267893134
119.58213398697848
120.29959829588714
121.00278262320349
121.69166390433975
122.36623827201174
123.02652029665408
123.67254237138084
124.3043531820393
124.92201793714466
125.52561679867348
126.11524419737441
126.69100796450554
127.25302846395489
127.80143772914678
128.33637860877784
128.85800392505774
129.36651256818504
129.8621003146268
130.34496404194948
130.8153069422431
131.27333775055467
131.71927000371497
132.1533213321007
132.57571278531697
132.98666819227674
133.38641355595118
133.7751764826731
134.1531856458761
134.5206702838064
134.87785973064976
135.22498298036007
135.5622682823526
135.88994276812406
136.2082321077747
136.51736019533968
136.8175488617818
137.10901761445947
137.39198340185405
137.66666040232715
137.93325983566993
138.19198979621112
138.44305510626037
138.68665718868175
138.92299395741438
139.15225972478734
139.37464512450669
139.59033704922965
139.79951860167878
140.00236905828982
140.1990638444287
140.3897745202572
140.57466877636907
140.75391043836348
140.92765947956553
141.0960720411477
141.25930045894762
141.41749329632037
141.570795382403
141.7193478552093
141.86328820901085
142.00275034549605
142.13786462823566
142.26875794001555
142.39555374263082
142.51837213876493
142.6373299356075
142.75254070989124
142.86411487405505
142.9721597432645
143.07677960304412
143.17807577729755
143.2761466965124
143.37108796596453
143.46299243375577
143.55195025853445
143.63804897676414
143.72137356942022
143.80200652800693
143.88002791980054
143.95551545223452
144.02854453635464
144.09918834928013
144.16751789561647
144.23360206777468
144.29750770515696
144.35929965217804
144.41904081509622
144.47679221763403
144.53261305537424
144.5865607489211
144.63869099582095
144.68905782124
144.73771362740163
144.78470924178708
144.83009396410694
144.87391561205362
144.9162205658468
144.95705381158507
144.99645898342024
145.0344784045709
145.07115312719333
145.1065229711299
145.14062656155417
145.1735013655351
145.20518372754051
145.2357089039036
145.26511109627347
145.2934234840743
145.32067825599435
145.34690664052948
145.37213893560352
145.396404537289
145.41973196765127
145.44214890173876
145.46368219374207
145.48435790234515
145.50420131528955
