7.298703215860985
7.291422214913455
7.287489788348658
7.284210502552826
7.2810837298581985
7.278000644157313
7.2749365245813005
7.271885028260917
7.268843882631015
7.265811759232158
7.2627875861715285
7.259770393478851
7.256759275367952
7.2537533784663
7.2507518960788
7.247754064082565
7.244759157453248
7.241766487173547
7.238775397442559
7.235785263144848
7.232795487549585
7.229805500215152
7.226814755077773
7.223822728705282
7.220828918699394
7.217832842231595
7.21483403469958
7.211832048492547
7.208826451854912
7.205816827839204
7.20280277333985
7.199783898200439
7.196759824387821
7.193730185227131
7.190694624692352
7.187652796747634
7.184604364735062
7.181549000804928
7.178486385385045
7.175416206685859
7.172338160238521
7.169251948463305
7.1661572802660585
7.1630538706601445
7.159941440412703
7.156819715712922
7.15368842786033
7.150547312972505
7.147396111710264
7.144234569019216
7.1410624338866215
7.13787945911243
7.134685401093626
7.13148001962095
7.128263077687239
7.125034341306646
7.121793579344037
7.118540563353977
7.115275067428729
7.111996868054724
7.108705743977033
7.105401476071421
7.102083847223494
7.098752642214671
7.095407647614538
7.0920486516793275
7.088675444256191
7.08528781669301
7.081885561753498
7.078468473537356
7.075036347405273
7.07158897990859
7.068126168723425
7.064647712589128
7.061153411250896
7.057643065406431
7.054116476656498
7.050573447459296
7.0470137810885385
7.043437281595135
7.03984375377242
7.036233003124857
7.032604835840147
7.028959058764682
7.02529547938234
7.021613905796536
7.017914146715544
7.014196011441021
7.01045930985979
7.006703852438785
7.002929450223251
6.999135914838107
6.995323058492592
6.991490693988107
6.987638634729348
6.983766694738732
6.979874688674152
6.975962431850111
6.972029740262261
6.968076430615431
6.964102320355175
6.960107227702903
6.956090971694683
6.952053372223781
6.9479942500869925
6.943913427034895
6.939810725826069
6.935685970285418
6.931538985366668
6.927369597219153
6.923177633259017
6.918962922244928
6.914725294358463
6.9104645812892365
6.906180616324983
6.901873234446672
6.89754227242884
6.893187568945285
6.888808964680282
6.884406302445496
6.879979427302752
6.8755281866928595
6.871052430570676
6.866552011546581
6.862026785034602
6.857476609407369
6.852901346158122
6.848300860069993
6.843675019392804
6.8390236960275805
6.834346765719083
6.829644108256538
6.824915607682877
6.8201611525127275
6.815380635959414
6.810573956171279
6.80574101647756
6.800881725644165
6.795995998139584
6.791083754411286
6.786144921172875
6.781179431702326
6.7761872261516105
6.771168251868024
6.766122463727544
6.761049824480535
6.755950305110106
6.750823885203464
6.745670553336564
6.740490307472381
6.735283155373115
6.7300491150266195
6.724788215087375
6.719500495332264
6.7141860071314605
6.708844813934645
6.70347699177284
6.698082629776046
6.692661830706897
6.687214711510515
6.681741403880682
6.676242054842447
6.670716827351258
6.665165900908596
6.659589472194142
6.653987755714349
6.648360984467313
6.642709410623737
6.63703330622369
6.63133296388883
6.625608697549637
6.619860843187135
6.614089759588433
6.60829582911537
6.602479458485401
6.596641079563676
6.590781150165249
6.584900154866094
6.5789986058214955
6.573077043590223
6.567136037962701
6.561176188791212
6.555198126819957
6.549202514512619
6.543190046874831
6.53716145226873
6.5311174932165725
6.525058967190096
6.518986707382099
6.512901583456458
6.5068045022724945
6.500696408579415
6.4945782856762015
6.488451174447559
6.482316100930603
6.47617416646392
6.470026551043357
6.4638744215285024
6.457719003528827
