1.588497926905733
1.5898151036062784
1.5918170793753896
1.5944582964185756
1.5976908141390196
1.6014679565392136
1.6057455883679823
1.6104824308209664
1.615640005115435
1.6211824467240847
1.6270762882113283
1.633290248282689
1.6397950398481504
1.6465631999598431
1.6535689407159009
1.6607880189748137
1.6681976224752781
1.675776270077405
1.6835037240787272
1.6913609128145026
1.6993298619914698
1.7073936334176625
1.7155362699776255
1.7237427458650731
1.7319989212267903
1.740291500495472
1.7486079937977261
1.756936680927768
1.76526657739827
1.7735874023341742
1.781889547759377
1.7901640491309903
1.7984025569014783
1.8065973089611134
1.81474110384713
1.822827274636762
1.830849663467217
1.8388025966470192
1.8466808603406029
1.8544796768218563
1.862194681302973
1.8698218993528248
1.8773577249244882
1.8847988990148552
1.8921424889807728
1.8993858685361567
1.9065266984533005
1.9135629079893948
1.9204926770562825
1.92731441914797
1.9340267650364666
1.940628547242431
1.9471187852828447
1.9534966716937718
1.9597615588221833
1.9659129463769607
1.9719504697256192
1.97787388891998
1.9836830784311155
1.989378017571292
1.9949587815784602
2.000425533337023
2.005778515707154
2.0110180444338717
2.016144501606288
2.0211583296370668
2.0260600257319292
2.0308501368192204
2.035529254909858
2.0400980128586057
2.044557080498295
2.048907161119591
2.0531489882698457
2.057283322845766
2.0613109504557867
2.065232679029303
2.0690493366512124
2.0727617696015077
2.0763708405809966
2.079877427105492
2.0832824200521047
2.086586722342529
2.0897912477493734
2.092896919812775
2.0959046708556164
2.0988154410867192
2.10163017778236
2.1043498345373854
2.106975370578066
2.1095077501296284
2.111947941832142
2.114296918199129
2.116555655113887
2.118725131359082
2.1208063281757035
2.122800228847939
2.124707818310938
2.1265300827788436
2.1282680093907964
2.129922585872923
2.1314948002146035
2.1329856403575356
2.1343960938963478
2.135727147837936
2.136979788117585
2.138154999654984
2.139253765858319
2.1402770684332997
2.14122588713497
2.1421011995268744
2.1429039807467194
2.1436352032782957
2.1442958367294476
2.144886847615934
2.1454091991510538
2.1458638510409287
2.1462517592853567
2.1465738759841813
2.1468311491491137
2.147024522520967
2.147154935392269
2.1472233224352135
2.1472306135349326
2.1471777336280526
2.147065602546512
2.1468951348666097
2.1466672397632625
2.1463828208694267
2.1460427761406646
2.1456479977248093
2.145199371836695
2.1446977786379042
2.1441440921214925
2.1435391800016337
2.142883903608145
2.142179117785826
2.141425670798564
2.140624404238135
2.1397761529376416
2.13888174488953
2.137942001168107
2.136957735856487
2.1359297559779153
2.1348588614313653
2.1337458449313638
2.13259149195195
2.1313965806746933
2.1301618819406984
2.1288881592065114
2.1275761685038503
2.1262266584030787
2.124840369980339
2.1234180367882716
2.121960384830224
2.120468132537884
2.118941990752243
2.1173826627078163
2.1157908440200344
2.1141672226757224
2.112512479026592
2.11082728578566
2.1091123080265226
2.1073682031853935
2.1055956210658353
2.1037952038461105
2.101967586089059
2.1001133947544477
2.098233249213696
2.096327761266918
2.0943975351621966
2.092443167617027
2.0904652478418506
2.088464357565607
2.0864410710632466
2.0843959551851206
2.0823295693881905
2.080242465768985
2.0781351890982465
2.0760082768571944
2.07386225927535
2.071697659369853
2.069514992986216
2.06731476884046
2.0650974885625573
2.0628636467411474
2.0606137309694463
2.0583482218923157
2.0560675932544186
2.0537723119494298
2.0514628380702304
2.0491396249600484
2.046803119264491
2.0444537609844238
2.0420919835296494
2.039718213773335
2.0373328721071524
2.0349363724970804
2.032529122539831
2.030111523519854
2.027683970466886
