95.18600981316827
94.4155235521792
93.64636255642766
92.87855789137498
92.11213804314073
91.34713137388776
90.58356640779196
89.82147187443996
89.06087672484215
88.30181014412094
87.54430156356312
86.78838067233818
86.03407742891703
85.28142207219537
84.53044513232248
83.78117744123442
83.03365014289085
82.28789470321323
81.54394291972207
80.80182693086982
80.06157922506529
79.32323264938506
78.58682041796612
77.8523761200737
77.11993372783668
76.38952760364323
75.66119250718768
74.93496360215869
74.2108764625589
73.48896707864422
72.76927186247067
72.05182765303599
71.33667172100145
70.62384177297969
69.91337595537209
69.20531285773959
68.49969151568907
67.79655141325672
67.09593248476928
66.39787511616252
65.70242014573633
65.00960886432357
64.31948301485075
63.63208479126589
62.94745683680977
62.26564224160473
61.58668453953517
60.910627704393
60.23751614526035
59.56739470110162
58.90030863453601
58.23630362476144
57.575425759600115
56.917721526635546
56.26323780341076
55.61202184665698
54.9641212805219
54.31958408376685
53.67845857590176
53.040793402227564
52.40663751775545
51.77604016997301
51.14905088042789
50.525719425100114
49.90609581353513
49.29023026671072
48.67817319361186
48.06997516648919
47.46568689477812
46.865359197657256
46.269042975227045
45.676789178291195
45.08864877672623
44.504672726426755
43.92491193481681
43.34941722492096
42.778239297991746
42.211428694693524
41.64903575484687
41.09111057574119
40.537702969027556
39.98886241620837
39.444638022744954
38.905078470809094
38.37023197070972
37.8401462110312
37.31486830752556
36.79444475080621
36.27892135289715
35.76834319269761
35.26275456042815
34.76219890113126
34.26671875730515
33.77635571075683
33.291150323767
32.81114207966592
32.33636932292623
31.8668691988856
31.402677593218485
30.9438290712831
30.490356817476147
30.0422925747338
29.59966658432409
29.162507526081264
28.730842459238147
28.304696764018225
27.884094084153165
27.469056270496623
27.059603325908412
26.655753351586725
26.257522495028677
25.86492489980146
25.4779726573078
25.09667576072998
24.721042061336437
24.351077227334006
23.986784705446908
23.628165685400646
23.275219067485423
22.92794143336865
22.586327012309535
22.25036768275556
21.920052930301946
21.59536984083271
21.276303089884983
20.962834936122718
20.65494521902692
20.352611360896837
20.05580837324224
19.76450886763246
19.47868307105182
19.19829884579473
18.923321713916557
18.653714886238546
18.389439295886724
18.080695562391316
17.78206186865497
17.49329569937923
17.21415237756467
16.944386262984278
16.683752205352523
16.43200663176129
16.188908331578187
15.954219027521958
15.727703797286791
15.509131390013245
15.2982744681015
15.09490979549335
14.898818387145177
14.70978563000006
14.527601382705056
14.352060059185773
14.182960699701614
14.020107031968877
13.86330752422322
13.712375431606548
13.567128836942315
13.427390686762749
13.292988823339757
13.163756013426251
13.039529974420505
12.920153398712483
12.80547397705092
12.695344421879154
12.589622491725251
12.48817101789779
12.39085793493602
12.297556316496383
12.208144418633465
12.122589762788495
12.040800076783013
11.96266636337041
11.888084990249991
11.81695779927917
11.749192309910798
11.684701916810331
11.623406137552108
11.565230910803203
11.510108956587324
11.457980213033583
11.4087923676187
11.362501505606822
11.31907290456356
11.278482012011871
11.240715654276427
11.205773539440479
11.173670137736643
11.144437051018564
11.11812602284871
11.09481279777691
11.074602121343023
11.057634295285629
11.04409388852855
11.03422149293268
11.02832987201197
11.026826604915719
11.030246611586506
11.03930022414207
11.05494672593215
11.0785117340109
